,Degree,Clustering Coefficient,Betweenness,Closeness,Shortest Path,Eigenvector,E In,E Out,E In Over E Out,ODF,Expansion,Cut Ratio,Conductance,Normalised Cut,Triangle Participation
graph_04_mu_0_3_node_0,39,0.14864864864864866,0.001787440056179924,0.413151364764268,2.4204204204204203,0.0244894458984779,24.017,14.983,1.6033000000000002,0.3841794871794873,0.3460264967929801,0.015669218530549683,0.23776934523809523,0.23826109168374546,0.5311392450143221
graph_04_mu_0_3_node_1,34,0.22459893048128343,0.0012275371457245643,0.42098609355246525,2.3753753753753752,0.032231230273443906,23.016,10.984,2.0963353535353533,0.32305882352941184,0.1605390769135452,0.0117946469231463,0.1926582382314641,0.19301875992309273,0.3361467049192346
graph_04_mu_0_3_node_2,58,0.17967332123411978,0.003278996882985734,0.45224083295608875,2.2112112112112112,0.05316201455451217,37.053,20.947,1.7702018059855527,0.3611551724137931,0.37585523953207917,0.022209769326606354,0.22039392769255212,0.22108186794158552,0.6632239088196568
graph_04_mu_0_3_node_3,27,0.11396011396011396,0.0007615927254386376,0.4138359569179785,2.4164164164164164,0.0267230668085081,18.019,8.981,2.0072321428571427,0.33262962962962955,0.07749640427256702,0.010162117757153302,0.19950545790934324,0.19980015896817152,0.15523810114299938
graph_04_mu_0_3_node_4,30,0.15873015873015872,0.0010695470593436026,0.41332230037236245,2.4194194194194196,0.023436717103097568,16.008,13.992,1.1443831168831167,0.4664000000000001,0.3822875390971595,0.014529513721509974,0.3041337622005324,0.30459275737372116,0.4097088183332929
graph_04_mu_0_3_node_5,17,0.13970588235294118,0.000438318773257014,0.36849870896348214,2.7137137137137137,0.007884841497608906,9.977,7.023,1.4224999999999997,0.4131176470588236,0.2209368810184531,0.007260353727727219,0.2604231746031745,0.260653519296049,0.3127936578802193
graph_04_mu_0_3_node_6,25,0.09881422924901186,0.0009152484791352521,0.3994402239104358,2.5035035035035036,0.016594409823841014,11.001,13.999,0.7878578019203021,0.5599600000000002,0.3759713800568147,0.014553471321064812,0.3890267886053397,0.38948586200274227,0.26750689319882587
graph_04_mu_0_3_node_7,34,0.09982174688057041,0.0018720027110847555,0.43228039809606233,2.3133133133133135,0.027681361010691973,14.018,19.982,0.7018267543859648,0.5877058823529411,0.5367427329193454,0.020766825474150395,0.4161673098150727,0.41682258724395294,0.37592774567900583
graph_04_mu_0_3_node_8,22,0.06926406926406926,0.0008986754816114113,0.40875613747954176,2.4464464464464464,0.018366325580548234,6.008,15.992,0.37577564102564104,0.7269090909090908,0.5022954708049238,0.016530120145013198,0.5710055617352613,0.5715297868454945,0.18840744355756758
graph_04_mu_0_3_node_9,47,0.11515151515151516,0.0028067293137370225,0.43359375,2.3063063063063063,0.030986812915505826,27.008,19.992,1.351033126934985,0.42536170212765967,0.553592479250707,0.020745624437717044,0.27013609453609444,0.2707922588520373,0.7198839384244445
graph_04_mu_0_3_node_10,23,0.09881422924901186,0.0007423897882384025,0.4150394682176984,2.4094094094094096,0.022879710732791204,13.003,9.997,1.3007666666666668,0.43465217391304356,0.07554180760074188,0.011523348105860658,0.2776741741741741,0.2780020952742602,0.09067187030432218
graph_04_mu_0_3_node_11,55,0.21480406386066764,0.0023454192836638403,0.43529411764705883,2.2972972972972974,0.050240654314542804,39.025,15.975,2.443425595238095,0.2904545454545455,0.2865021319552799,0.016939415396816614,0.16990635498320264,0.17043115904957762,0.6810881582766128
graph_04_mu_0_3_node_12,25,0.19333333333333333,0.0008109195490437533,0.39548693586698336,2.5285285285285286,0.01636898056108955,13.021,11.979,1.0878914141414142,0.4791600000000002,0.42422848340831504,0.01233677494877676,0.31510409466442846,0.3154970040051368,0.45989734197339427
graph_04_mu_0_3_node_13,27,0.22792022792022792,0.0009027306849281248,0.3893219017926734,2.5685685685685686,0.014980613402212491,17.015,9.985,1.7048749999999995,0.36981481481481476,0.3535332645411781,0.010283659914576066,0.2268695652173912,0.22719717898161287,0.6012939489774781
graph_04_mu_0_3_node_14,18,0.10457516339869281,0.0005246165032138803,0.3766968325791855,2.6546546546546548,0.010128412843582608,7.032,10.968,0.6419272727272728,0.6093333333333332,0.29441674939980184,0.01140282031648004,0.4382646153846156,0.4386242347069007,0.18767412077937404
graph_04_mu_0_3_node_15,33,0.16477272727272727,0.0011532703535551787,0.42893945899527697,2.3313313313313313,0.03538893838983006,23.006,9.994,2.3022,0.30284848484848487,0.08741657294014228,0.011285549913170347,0.1784473684210526,0.17877540640824907,0.20117125202120614
graph_04_mu_0_3_node_16,24,0.22826086956521738,0.0006285394198136977,0.3878105590062112,2.5785785785785786,0.01565891444626079,14.004,9.996,1.4011999999999998,0.41650000000000004,0.27307528719753466,0.010380202339287133,0.26303157894736834,0.26335948877382864,0.3823571536113987
graph_04_mu_0_3_node_17,33,0.13446969696969696,0.002007556938439423,0.43265482893027285,2.3113113113113113,0.025090212525581163,15.008,17.992,0.8343316526610645,0.5452121212121209,0.49152998396050684,0.018683428137581018,0.3747852871917998,0.3753753826858637,0.40969442984408433
graph_04_mu_0_3_node_18,33,0.14623655913978495,0.000985901489335034,0.4178168130489335,2.3933933933933935,0.03295145827026835,24.009,8.991,2.6709226190476185,0.27245454545454534,0.08525531228057429,0.01005428998244786,0.15771574025654436,0.15801088541278055,0.2181094839289737
graph_04_mu_0_3_node_19,28,0.09523809523809523,0.0009123890714339919,0.4124690338563171,2.4244244244244246,0.026797963317302696,16.012,11.988,1.335921212121212,0.4281428571428572,0.11368681148260848,0.013405249546545758,0.27238910847606485,0.2727823901766059,0.15172737833680452
graph_04_mu_0_3_node_20,24,0.08658008658008658,0.0007894358349883495,0.3967434471803018,2.5205205205205203,0.014768169766364586,11.023,12.977,0.8503636363636364,0.5407083333333335,0.47595445397491576,0.013351442800644089,0.3705916641916643,0.371017238035638,0.36648851073959465
graph_04_mu_0_3_node_21,25,0.13666666666666666,0.001015399447526932,0.4169449081803005,2.3983983983983985,0.020719883324800584,14.012,10.988,1.2762121212121216,0.43952000000000013,0.2951646998516276,0.011419585502337223,0.2816812354312354,0.28204167531455626,0.3758564831819873
graph_04_mu_0_3_node_22,30,0.2160919540229885,0.0009015663414178719,0.4023358840112767,2.4854854854854853,0.021852410665670216,19.003,10.997,1.728295454545454,0.36656666666666654,0.2538962647160312,0.011500857957298284,0.22441915227629514,0.22478000551217006,0.4385828709036511
graph_04_mu_0_3_node_23,29,0.1921182266009852,0.0009196046546236887,0.4008828250401284,2.4944944944944947,0.020194176420433717,18.009,10.991,1.6389707070707074,0.37900000000000006,0.25382143287742204,0.011494254756522382,0.2338153676364164,0.23417600050950588,0.415555899936891
graph_04_mu_0_3_node_24,35,0.11553030303030302,0.0016849535968508139,0.41992433795712486,2.3813813813813813,0.022856250284076857,20.023,14.977,1.3375536130536128,0.4279142857142857,0.5491761821473577,0.01541006172915845,0.27221554753602023,0.2727069682449484,0.6961742874306142
graph_04_mu_0_3_node_25,35,0.08067226890756303,0.0019820322965677407,0.42420382165605097,2.3573573573573574,0.025450873559189978,14.013,20.987,0.668143308080808,0.5996285714285714,0.5813658019195994,0.021777162002673607,0.42824337606837604,0.42893158783171054,0.38756826169611
graph_04_mu_0_3_node_26,35,0.12941176470588237,0.0013460618643227507,0.43586387434554974,2.294294294294294,0.0354884675851855,20.007,14.993,1.334583333333333,0.4283714285714286,0.11330068565449926,0.017281882289969585,0.2725705329153603,0.2730624779577728,0.15115893606644046
graph_04_mu_0_3_node_27,26,0.18461538461538463,0.0009195278003871936,0.40428976123027116,2.4734734734734736,0.019524525487500697,16.003,9.997,1.600866666666667,0.3845000000000001,0.23080728242348256,0.010455077109674114,0.23800885935769656,0.23833684500919727,0.369332943918864
graph_04_mu_0_3_node_28,22,0.07792207792207792,0.0009135810639884535,0.4185169669040637,2.3893893893893896,0.020122726487260705,7.975,14.025,0.5690507326007326,0.6375000000000002,0.37622542471421994,0.014583255057698015,0.4679808888182637,0.4684407235779928,0.18720032875389703
graph_04_mu_0_3_node_29,21,0.15714285714285714,0.0007518569559687246,0.3948616600790514,2.5325325325325325,0.014637528777174731,10.016,10.984,0.9132121212121209,0.523047619047619,0.341502606099683,0.011353929254850102,0.3542099706744868,0.35457018488135206,0.31065848895309967
graph_04_mu_0_3_node_30,31,0.13978494623655913,0.0011607668171533891,0.42348452734209413,2.3613613613613613,0.030532595254051827,22.005,8.995,2.4467202380952378,0.2901612903225806,0.07867699666439859,0.010157477587318343,0.16970379264341534,0.16999903023629476,0.19242628284279692
graph_04_mu_0_3_node_31,22,0.06060606060606061,0.0007934511919682055,0.4033104561970125,2.4794794794794797,0.01700369909043122,7.014,14.986,0.4682703296703297,0.6811818181818182,0.4025531402341529,0.015574508632558888,0.5165588246199482,0.5170501211385469,0.1879206522572505
graph_04_mu_0_3_node_32,23,0.12648221343873517,0.0007710216556564719,0.39008199921905506,2.5635635635635636,0.013819964061543418,12.006,10.994,1.0922101010101004,0.4780000000000001,0.3044576969444058,0.011408328816224167,0.31406864006864,0.3144292293207544,0.33222389762136595
graph_04_mu_0_3_node_33,42,0.18974358974358974,0.001975964142285649,0.4300473525613431,2.325325325325325,0.028751315253879393,25.024,16.976,1.4747219457013574,0.4041904761904763,0.6010226653161421,0.01748384396947098,0.25329882176595864,0.2538559793384365,0.8490219347887341
graph_04_mu_0_3_node_34,24,0.17391304347826086,0.000658934436694613,0.4174676138737986,2.3953953953953953,0.027154996406051565,14.005,9.995,1.401333333333333,0.4164583333333334,0.08742113415075053,0.011286790025447179,0.26299595141700405,0.26332382848133246,0.12246167186734525
graph_04_mu_0_3_node_35,30,0.10804597701149425,0.0011052348470145686,0.41625,2.4024024024024024,0.03044373482472267,17.007,12.993,1.3091538461538461,0.43310000000000015,0.12320505759198798,0.014529257747548412,0.27641276595744685,0.2768390317518189,0.1611949343499587
graph_04_mu_0_3_node_36,38,0.16216216216216217,0.0017686146598644818,0.4265584970111016,2.344344344344344,0.03332440570794146,20.026,17.974,1.1144888888888886,0.4730000000000001,0.32233238934895747,0.01905931387490759,0.30977394103726136,0.3103636405693811,0.3584374027613023
graph_04_mu_0_3_node_37,31,0.0989247311827957,0.0013356884810368176,0.4183417085427136,2.3903903903903903,0.023408688936090348,13.005,17.995,0.7227692810457514,0.5804838709677419,0.498255849214077,0.01867350739058824,0.4089383408553622,0.4095284571986971,0.3599455302081883
graph_04_mu_0_3_node_38,25,0.1,0.0009464676491608188,0.4057676685621446,2.4644644644644647,0.01846147333671062,10.03,14.97,0.6714652014652013,0.5987999999999998,0.549162355531669,0.01540150150391646,0.42747235039917975,0.4279632194053188,0.36646511361320616
graph_04_mu_0_3_node_39,93,0.08595848595848596,0.009251568521931059,0.4913920314805706,2.035035035035035,0.08702807072321224,61.013,31.987,1.907601354895105,0.34394623655913975,0.27014093292233066,0.03629055592581231,0.20769277168909525,0.2087445616410572,0.5067116514750342
graph_04_mu_0_3_node_40,29,0.1354679802955665,0.001027452609556574,0.4188679245283019,2.3873873873873874,0.029599947131479464,18.002,10.998,1.6368909090909092,0.3792413793103449,0.09618753138749853,0.012419562707144224,0.23399113475177316,0.234351997105971,0.15742171989818726
graph_04_mu_0_3_node_41,24,0.10507246376811594,0.0008950952595057908,0.42027766091712243,2.3793793793793796,0.0234557839352507,14.003,9.997,1.4007999999999998,0.41654166666666675,0.07554164734433161,0.011523353747927912,0.26306072874493924,0.26338867135933997,0.10579568300790249
graph_04_mu_0_3_node_42,41,0.08536585365853659,0.0022207411535496344,0.4414494034467521,2.265265265265265,0.038173905345337815,20.01,20.99,0.953377694235589,0.5119512195121949,0.1835916127711962,0.023702718749203898,0.3440468551954539,0.34473543634862347,0.1749483990128949
graph_04_mu_0_3_node_43,41,0.12195121951219512,0.001979770276414716,0.44818304172274565,2.2312312312312312,0.04520499797597191,23.008,17.992,1.2789032679738566,0.4388292682926831,0.1519461147331531,0.020412744891043232,0.2810940729047072,0.2816844782600898,0.19425992831349845
graph_04_mu_0_3_node_44,31,0.15483870967741936,0.0012762248795770913,0.4150394682176984,2.4094094094094096,0.022135411707723887,17.014,13.986,1.2167271062271061,0.4511612903225805,0.32301727211006176,0.014626216154176737,0.2912997278911565,0.29175855662682754,0.39244327994082007
graph_04_mu_0_3_node_45,37,0.24624624624624625,0.0016064002536394883,0.4171189979123173,2.3973973973973974,0.02499851312501755,23.02,13.98,1.6472033799533796,0.3778378378378378,0.4949582870861809,0.01439822847498075,0.2329341483887756,0.2333929611235244,0.8135326441786729
graph_04_mu_0_3_node_46,31,0.2086021505376344,0.0008357508518209918,0.40217391304347827,2.4864864864864864,0.027986656007566856,21.004,9.996,2.1013777777777785,0.3224516129032257,0.1460455603391536,0.01073407218179024,0.19221770682148048,0.19254576732508458,0.3067962620979216
graph_04_mu_0_3_node_47,31,0.14623655913978495,0.0010312292113889834,0.41607663473552686,2.4034034034034035,0.03284396795910582,19.014,11.986,1.5870204545454545,0.38664516129032245,0.11367996842844998,0.013402571889307912,0.23966594603653438,0.2400592395719003,0.18017687794049958
graph_04_mu_0_3_node_48,24,0.06159420289855073,0.0006960453844403149,0.4060975609756098,2.4624624624624625,0.02092078696304352,12.002,11.998,1.0003636363636363,0.4999166666666666,0.10493499275263761,0.013548774213320847,0.3332612612612612,0.3336547673998266,0.08745651105454849
graph_04_mu_0_3_node_49,36,0.15714285714285714,0.0013414204618367018,0.4283876500857633,2.334334334334334,0.03715889269564268,18.031,17.969,1.0043134453781513,0.4991388888888889,0.32234794501871034,0.019052400877203633,0.3326133578460257,0.3332028160666756,0.3226241476941539
graph_04_mu_0_3_node_50,22,0.12121212121212122,0.0009370825337963055,0.4059325477448192,2.4634634634634636,0.017114965046888163,9.014,12.986,0.6948461538461538,0.5902727272727274,0.4036221522421431,0.013423965523440466,0.41877949308755746,0.419205305888466,0.27962802721407476
graph_04_mu_0_3_node_51,38,0.1806543385490754,0.0019151403331203666,0.42728828058169377,2.34034034034034,0.028136395881991676,19.022,18.978,1.0025906862745098,0.49942105263157893,0.6717688600399699,0.019546466440617916,0.3328361192285213,0.3334586969542894,0.6721013157047446
graph_04_mu_0_3_node_52,19,0.07017543859649122,0.0006151540037640058,0.4007220216606498,2.4954954954954953,0.015338745459244518,7.021,11.979,0.5866631313131313,0.6304736842105265,0.43932645941270076,0.012325060288997682,0.46043957447405726,0.4608323292530067,0.21990384391964315
graph_04_mu_0_3_node_53,32,0.17137096774193547,0.0011016804961698663,0.42619453924914674,2.3463463463463463,0.032499543721054645,17.011,14.989,1.135085714285714,0.46840625,0.2190450906715364,0.016095161967589887,0.3058381161695447,0.3063298333419893,0.24841426589549392
graph_04_mu_0_3_node_54,36,0.12222222222222222,0.0014593085126004453,0.43700787401574803,2.2882882882882885,0.03950753736305712,21.011,14.989,1.4018857142857137,0.4163611111111112,0.12659206890653837,0.01700561193509118,0.2629183303085299,0.2634101765812603,0.17732504643852887
graph_04_mu_0_3_node_55,22,0.1471861471861472,0.0007078409892430595,0.388715953307393,2.5725725725725725,0.01375398983876651,9.026,12.974,0.6962136752136752,0.589727272727273,0.6690934787061006,0.013243204227314362,0.4182221966205835,0.4186476164691577,0.463826249917886
graph_04_mu_0_3_node_56,40,0.09358974358974359,0.0025436645621146046,0.42420382165605097,2.3573573573573574,0.02454397272134454,20.007,19.993,1.0007739938080495,0.499825,0.5536078638660916,0.02074669395643362,0.33318240957585216,0.33383830526843783,0.5537233736727406
graph_04_mu_0_3_node_57,23,0.08695652173913043,0.0006908599724119868,0.4153846153846154,2.4074074074074074,0.022720676467855288,11.009,11.991,0.9182696969696967,0.5213478260869565,0.09061930972403417,0.013821446788900026,0.3525954248366012,0.35298867583832716,0.08316139943906221
graph_04_mu_0_3_node_58,47,0.11933395004625347,0.0025554594680681237,0.44919064748201437,2.2262262262262262,0.045602196949918496,29.008,17.992,1.6123590686274505,0.3828085106382978,0.135961224466889,0.020738824660794408,0.23671401405611936,0.23730465200498604,0.21916524243274474
graph_04_mu_0_3_node_59,28,0.13227513227513227,0.0011601907962409874,0.4185169669040637,2.3893893893893896,0.0228861389424216,14.017,13.983,1.0027179487179487,0.4993928571428572,0.32296622738719133,0.014623110914846915,0.33281183932346714,0.3332704794757258,0.32326206080194114
graph_04_mu_0_3_node_60,36,0.2222222222222222,0.0014071624206772678,0.4141791044776119,2.4144144144144146,0.03170200137575027,24.027,11.973,2.0078,0.33258333333333323,0.21477077486963664,0.012695708529467487,0.19947392913802225,0.19986692551675486,0.4300776289919523
graph_04_mu_0_3_node_61,46,0.15169082125603864,0.002130142633979777,0.4267407090986758,2.3433433433433435,0.03933181546540213,29.034,16.966,1.7125033397974576,0.36882608695652175,0.3044120614737983,0.01798824723085388,0.22613231224471725,0.22668928826968368,0.5197387109638478
graph_04_mu_0_3_node_62,26,0.15692307692307692,0.0006492590159747649,0.4138359569179785,2.4164164164164164,0.027261329696255523,17.003,8.997,1.890075396825397,0.3460384615384615,0.06798637760261347,0.010370621396996326,0.20922109466760624,0.20951630095975832,0.12846934139008462
graph_04_mu_0_3_node_63,38,0.10953058321479374,0.0015400141744651074,0.4258312020460358,2.3483483483483485,0.03723200689814189,25.01,12.99,1.9255128205128207,0.3418421052631579,0.10970510007183068,0.01473784108760259,0.20616071428571434,0.20658710561405833,0.21115419494345639
graph_04_mu_0_3_node_64,31,0.1827956989247312,0.000976998963970419,0.4095940959409594,2.4414414414414414,0.026978904839343173,21.004,9.996,2.1013777777777785,0.32245161290322577,0.14605479009927352,0.010733997115683498,0.19221770682148048,0.19254576732508458,0.30680165363896017
graph_04_mu_0_3_node_65,31,0.2172043010752688,0.0009856210661094162,0.4157303370786517,2.4054054054054053,0.029658933148406338,20.006,10.994,1.8198727272727264,0.3546451612903226,0.1606472862614034,0.011805585146116532,0.21554600301659133,0.2159067816044378,0.2922350159357918
graph_04_mu_0_3_node_66,35,0.21680672268907564,0.0012483683613657454,0.4265584970111016,2.344344344344344,0.037824086809120104,21.024,13.976,1.5059294871794873,0.3993142857142858,0.2507118873030766,0.014818714005781292,0.24949208509780196,0.24995070640127784,0.37638354103507826
graph_04_mu_0_3_node_67,67,0.0913613749434645,0.004727270308085655,0.4674777725783809,2.139139139139139,0.06369679161752723,46.019,20.981,2.193624686716792,0.3131492537313434,0.1772003707713414,0.023803786633712343,0.18564433419061316,0.18633379678099043,0.38854333427808335
graph_04_mu_0_3_node_68,29,0.10098522167487685,0.0010376530863928982,0.41992433795712486,2.3813813813813813,0.030057206104424878,13.012,15.988,0.8144240384615384,0.5513103448275862,0.13504288653854096,0.018138374331486344,0.38059563492063503,0.3811199696177058,0.10982293063626027
graph_04_mu_0_3_node_69,24,0.20652173913043478,0.0008458764604262403,0.3939274447949527,2.5385385385385386,0.015346607846458702,14.005,9.995,1.4016285714285712,0.4164583333333334,0.2730665249765422,0.010379087686976088,0.2630023106546855,0.26333018769320315,0.3823715421006073
graph_04_mu_0_3_node_70,19,0.029239766081871343,0.0005572638796411187,0.38690937257939584,2.5845845845845847,0.013425362747109846,10.002,8.998,1.1117670634920636,0.47357894736842115,0.06799369067757922,0.010371783429117026,0.3102634090788708,0.3105585125907634,0.04534234540857135
graph_04_mu_0_3_node_71,43,0.09745293466223699,0.0026716505048147887,0.4402820625826355,2.2712712712712713,0.031097178646859642,23.01,19.99,1.151397410192147,0.46488372093023256,0.5368127033582195,0.020776066818058835,0.30284509473065224,0.3035010212092809,0.6174545569885561
graph_04_mu_0_3_node_72,40,0.09230769230769231,0.002345777258523831,0.44321206743566993,2.2562562562562563,0.03693495906114606,21.005,18.995,1.105861713106295,0.4748749999999999,0.143535287561171,0.021895114635676186,0.3113703172084981,0.3119935334774992,0.1511364566083496
graph_04_mu_0_3_node_73,29,0.12315270935960591,0.0010553171834950625,0.4102669404517454,2.4374374374374375,0.026083162860245545,15.014,13.986,1.073712454212454,0.48227586206896533,0.20440095325226537,0.015018110848204626,0.31777426438296,0.31823303291666155,0.21916748142194223
graph_04_mu_0_3_node_74,45,0.1638981173864895,0.0021544650357030334,0.421875,2.3703703703703702,0.028406292337270607,27.082,17.918,1.5151360294117648,0.3981777777777778,0.5094809054543573,0.018647265246367475,0.24865389456896303,0.2492420292604754,0.7376512823187674
graph_04_mu_0_3_node_75,26,0.09538461538461539,0.0009748355980218715,0.4023358840112767,2.4854854854854853,0.017877598300174588,14.011,11.989,1.1690828282828283,0.46111538461538465,0.3219898300343079,0.01246043640108646,0.2996601734057207,0.30005343623877184,0.3759447787325905
graph_04_mu_0_3_node_76,28,0.18518518518518517,0.000907471265414458,0.392226148409894,2.5495495495495497,0.017604504699847322,16.006,11.994,1.3347898989898985,0.4283571428571429,0.3276821211399997,0.012454836666950997,0.27256241601958514,0.2729558943251284,0.4369835223052608
graph_04_mu_0_3_node_77,17,0.08823529411764706,0.00042264716412915553,0.4046172539489672,2.4714714714714714,0.01647986278480233,5.011,11.989,0.4182550505050506,0.705235294117647,0.32203715643826697,0.012459896987376155,0.5447476679841895,0.5451406987579244,0.13428437989973366
graph_04_mu_0_3_node_78,58,0.17662337662337663,0.0030816085257338584,0.45491803278688525,2.1981981981981984,0.0563904538488244,35.046,22.954,1.5276898761085458,0.3957586206896551,0.41181119234097296,0.024337841993881098,0.24671612666965131,0.2474698317780892,0.6095341140149133
graph_04_mu_0_3_node_79,27,0.15669515669515668,0.0007594721956335211,0.4062627084180561,2.4614614614614614,0.02833110334201718,19.001,7.999,2.3758571428571433,0.2962592592592592,0.0675539901448406,0.009075178673758259,0.17389132747456054,0.17415383075950824,0.16042435726512708
graph_04_mu_0_3_node_80,31,0.10967741935483871,0.001244322183892442,0.4238438693254137,2.359359359359359,0.029497398550513112,20.998,10.002,2.099921717171718,0.32264516129032256,0.07558463327009093,0.011528938639634953,0.19236052692323508,0.19268878410922072,0.14356881977413832
graph_04_mu_0_3_node_81,42,0.19279907084785133,0.0019423298236410519,0.4227676682183665,2.3653653653653652,0.02963795345736002,27.018,14.982,1.8042853146853153,0.35671428571428565,0.34607477675510245,0.015667621227953243,0.21708732729911337,0.21757913772753193,0.6234242010319159
graph_04_mu_0_3_node_82,45,0.1707070707070707,0.0023218210064310865,0.4293081220455522,2.329329329329329,0.038333647675089164,29.01,15.99,1.8145418956043955,0.3553333333333333,0.23366199187294187,0.01717015810350948,0.2160565978829137,0.21658154908430918,0.42367413940347126
graph_04_mu_0_3_node_83,30,0.20634920634920634,0.0008741511162771151,0.41659716430358634,2.4004004004004003,0.030506742664403407,18.032,11.968,1.507969696969697,0.3989333333333334,0.21473938507356152,0.012689613968608722,0.24919891956782714,0.24959159729277497,0.3048924374583806
graph_04_mu_0_3_node_84,32,0.1431451612903226,0.0013347321392767231,0.4213412062420919,2.3733733733733735,0.02712791868660506,17.009,14.991,1.1347809523809522,0.46846875,0.3461430566233877,0.01567765546692871,0.30589036106750395,0.30638214375988077,0.392436387141981
graph_04_mu_0_3_node_85,16,0.11666666666666667,0.0003390987829188248,0.378839590443686,2.6396396396396398,0.011285491497247906,8.001,7.999,1.0002857142857142,0.4999375,0.22146150136783052,0.008300675563966768,0.33327999999999997,0.3335423139204015,0.22147415959567865
graph_04_mu_0_3_node_86,21,0.10526315789473684,0.0005548941831218976,0.38158899923605805,2.6206206206206204,0.01234531157045242,9.026,11.974,0.7564090909090909,0.570190476190476,0.37657094646142525,0.012374515894427255,0.3989548387096775,0.39934748096787737,0.251375125239653
graph_04_mu_0_3_node_87,31,0.14623655913978495,0.0011542445041559303,0.42312579415501905,2.3633633633633635,0.03320363583713511,19.015,11.985,1.5870909090909089,0.3866129032258063,0.11366205617348737,0.013401902780791916,0.23963996983408756,0.24003323060519843,0.1801588189724406
graph_04_mu_0_3_node_88,35,0.1856060606060606,0.0013871403496620838,0.4020120724346076,2.4874874874874875,0.019377774521557357,21.007,13.993,1.5015151515151515,0.39980000000000004,0.38229536533887476,0.014530655828738083,0.24985023378141438,0.2503094123590839,0.5462520882002765
graph_04_mu_0_3_node_89,31,0.14408602150537633,0.0013926105889585081,0.42564976565828716,2.349349349349349,0.030457611739853754,16.018,14.982,1.0694827838827838,0.4832903225806454,0.2189657463811923,0.016087655613604084,0.3186621073961499,0.3191535629784174,0.2339165558160031
graph_04_mu_0_3_node_90,22,0.08225108225108226,0.0007446004155198085,0.40775510204081633,2.4524524524524525,0.019900723708798206,10.007,11.993,0.8345666666666668,0.5451363636363633,0.09063157894605792,0.013823851979425003,0.3747132352941177,0.37510652601304045,0.07558981055932176
graph_04_mu_0_3_node_91,21,0.14761904761904762,0.0005222551168325195,0.39346199291059475,2.5415415415415414,0.015163739687771929,10.008,10.992,0.9108037878787875,0.5234285714285715,0.295228409267212,0.011423910233556406,0.3545100375194065,0.3548705139266126,0.2684737426939654
graph_04_mu_0_3_node_92,26,0.14153846153846153,0.0009802047016888608,0.4004008016032064,2.4974974974974975,0.016839390314409973,15.006,10.994,1.3651070707070705,0.42284615384615387,0.3044566397737283,0.01140833074015674,0.2681129027901576,0.2684735630174591,0.415279433857282
graph_04_mu_0_3_node_93,19,0.11695906432748537,0.0004628403957866888,0.38690937257939584,2.5845845845845847,0.01360313095786558,9.005,9.995,0.9010555555555557,0.5260526315789474,0.27679048082718966,0.010371663833722717,0.35690886699507385,0.35723663653752613,0.2491820767839755
graph_04_mu_0_3_node_94,16,0.15,0.00033466698939413114,0.37855248200075786,2.6416416416416415,0.010937991994540252,8.01,7.99,1.003047619047619,0.499375,0.2146412300951082,0.008303803102835365,0.332808205128205,0.3330702240989518,0.21480670411188232
graph_04_mu_0_3_node_95,17,0.08823529411764706,0.0005142392495821614,0.3964285714285714,2.5225225225225225,0.014026675455889879,6.001,10.999,0.5456090909090906,0.6470000000000001,0.30451431121620987,0.011413836066578082,0.47819927536231893,0.47855988652207343,0.1661056196967589
graph_04_mu_0_3_node_96,24,0.11594202898550725,0.0007235227535479838,0.4211635750421585,2.374374374374374,0.027172053620852614,12.011,11.989,1.0021454545454547,0.49954166666666666,0.1034271962459158,0.013566292316610997,0.33294452347083914,0.3333377347243738,0.10354581420950279
graph_04_mu_0_3_node_97,24,0.11594202898550725,0.0008125058575903069,0.4070904645476773,2.4564564564564564,0.023923368734749692,13.994,10.006,1.3987878787878785,0.41691666666666677,0.08750808973816257,0.011299437942246882,0.2633662326293904,0.2636944701675143,0.11369346437091296
graph_04_mu_0_3_node_98,21,0.11428571428571428,0.0005856653236725892,0.41957160856782866,2.3833833833833835,0.023699188818120352,10.004,10.996,0.9098969696969693,0.5236190476190477,0.09617692406476523,0.012417125104106372,0.3546719208211143,0.3550325282962434,0.061219557738183904
graph_04_mu_0_3_node_99,17,0.35294117647058826,0.0002849085827865733,0.36782032400589104,2.7187187187187187,0.008460239469997043,13.974,3.026,4.629833333333334,0.17799999999999994,0.0829096377530883,0.00314254825220442,0.09772473118279569,0.09782401883459146,0.38136408901648744
graph_04_mu_0_3_node_100,26,0.15384615384615385,0.000711940423929568,0.40942622950819674,2.4424424424424425,0.026114112070158287,17.006,8.994,1.891055555555556,0.34592307692307683,0.06796843465273102,0.010367025572690914,0.20913742071881603,0.2094325286600616,0.12845716385803937
graph_04_mu_0_3_node_101,107,0.07271062271062272,0.012440874517399463,0.496274217585693,2.015015015015015,0.08518839507633719,72.014,34.986,2.0584779730073848,0.3269719626168224,0.26437749244529996,0.04032739059663912,0.19543868264407874,0.19658980442969665,0.5365573619095462
graph_04_mu_0_3_node_102,36,0.11904761904761904,0.0014774753321662433,0.4243840271877655,2.3563563563563563,0.035849404292588406,22.015,13.985,1.5746263736263741,0.38847222222222233,0.11811769581080384,0.01586648716713459,0.24106861484511974,0.2415275613475818,0.18586120153209287
graph_04_mu_0_3_node_103,27,0.20333333333333334,0.0009945928300355749,0.3984842441164739,2.5095095095095097,0.015413963368238057,16.016,10.984,1.4586909090909086,0.4068148148148148,0.5663097963298218,0.011212248928921793,0.2553623678646934,0.2557227239869436,0.7727240963464794
graph_04_mu_0_3_node_104,23,0.1541501976284585,0.0007306509053369136,0.41469489414694893,2.4114114114114114,0.02087646069951831,12.051,10.949,1.1034113997113992,0.4760434782608697,0.3114534722576145,0.011392271747783785,0.3124819489819489,0.31284106355081165,0.3403736051171644
graph_04_mu_0_3_node_105,24,0.13405797101449277,0.0008477024334674507,0.4046172539489672,2.4714714714714714,0.01730888228307537,12.012,11.988,1.0023272727272727,0.4995,0.27683269694041496,0.012537165056100587,0.3329084874348031,0.33330166592620025,0.2771415607100331
graph_04_mu_0_3_node_106,38,0.06507936507936508,0.0018618204221706276,0.44183989385227773,2.2632632632632634,0.03381420456068071,22.01,15.99,1.3765833333333335,0.4207894736842104,0.12083403397043128,0.018431168629554157,0.26645901639344266,0.2669837264665587,0.15873756613456214
graph_04_mu_0_3_node_107,34,0.24798387096774194,0.0011581674341231717,0.40379951495553756,2.4764764764764764,0.020299727818730393,22.02,11.98,1.839223232323232,0.3523529411764705,0.4242378933938694,0.012337917589065018,0.21386904945004243,0.2142622236904403,0.7428711749832262
graph_04_mu_0_3_node_108,30,0.14285714285714285,0.0010171818820034607,0.4049452776651804,2.4694694694694697,0.019484462152919612,17.01,12.99,1.3099417249417251,0.43300000000000016,0.34891069600869323,0.01350019636493463,0.2763382161375189,0.2767643835939136,0.4295694099683089
graph_04_mu_0_3_node_109,23,0.11067193675889328,0.0007512974401065405,0.41555740432612315,2.4064064064064064,0.024555916977869036,11.023,11.977,0.9207090909090907,0.5207391304347825,0.10334144910176156,0.013552342508327736,0.352054248366013,0.35244704072786637,0.09486772847627736
graph_04_mu_0_3_node_110,20,0.1830065359477124,0.0005210667319640302,0.38841368584758945,2.5745745745745747,0.013397432710041585,11.011,8.989,1.226111111111111,0.4494500000000001,0.27942763884508054,0.009291975059240735,0.2899003795066414,0.290195207375363,0.3106520615943803
graph_04_mu_0_3_node_111,20,0.10526315789473684,0.0004277163020933092,0.4000800961153384,2.4994994994994997,0.019182386263300162,11.029,8.971,1.2303571428571427,0.4485500000000001,0.07742434535981838,0.010150506340237573,0.289155669599218,0.28944990760746614,0.09506243368795868
graph_04_mu_0_3_node_112,23,0.22529644268774704,0.0006152971885857097,0.4020120724346076,2.4874874874874875,0.022950016018903334,15.018,7.982,1.8823928571428572,0.34704347826086945,0.11667733107329212,0.008570872857722449,0.20996761133603234,0.2102294883833681,0.219205225288333
graph_04_mu_0_3_node_113,23,0.17391304347826086,0.0006337855309627128,0.41555740432612315,2.4064064064064064,0.026083483366104922,13.006,9.994,1.3015333333333334,0.43452173913043485,0.08741565718922652,0.011285584091077747,0.27757057057057055,0.2778983933519929,0.11371304164049023
graph_04_mu_0_3_node_114,36,0.20476190476190476,0.0012805281188592117,0.4276541095890411,2.3383383383383385,0.03448301023779616,23.018,12.982,1.773961538461539,0.360611111111111,0.18976903325765268,0.01393936955000534,0.21997923728813554,0.22040531032308122,0.3361537764263653
graph_04_mu_0_3_node_115,15,0.05128205128205128,0.0003382336986280035,0.3842307692307692,2.6026026026026026,0.01192409047574713,6.003,8.997,0.6672916666666665,0.5997999999999999,0.27948855126125616,0.009301181973157917,0.4283766233766234,0.42867161673250265,0.1553070174836098
graph_04_mu_0_3_node_116,19,0.09941520467836257,0.0005866911363688451,0.4153846153846154,2.4074074074074074,0.02363210390676702,7.004,11.996,0.5839378787878788,0.6313684210526317,0.10346902551821427,0.013574669531324005,0.4613258038258039,0.4617191154366808,0.06038622033256963
graph_04_mu_0_3_node_117,36,0.16984126984126985,0.001532520163143444,0.44183989385227773,2.2632632632632634,0.0387178411861759,21.023,14.977,1.404206593406593,0.41602777777777783,0.21891671745276636,0.016082154896699313,0.2626643698668061,0.2631558228523593,0.3070111173568797
graph_04_mu_0_3_node_118,20,0.14736842105263157,0.0005247610514822475,0.39470564994073487,2.5335335335335336,0.015559451779070203,8.017,11.983,0.6694848484848483,0.5991499999999998,0.4242547298720583,0.01234151418444825,0.42776026272578,0.42815317428798016,0.2830409126155591
graph_04_mu_0_3_node_119,22,0.15584415584415584,0.0006759782639551348,0.41366459627329194,2.4174174174174174,0.02427184254736534,12.057,9.943,1.217495238095238,0.4519545454545453,0.0858583798983001,0.01124937775987112,0.2921120145355439,0.2924381441751739,0.10372575715571815
graph_04_mu_0_3_node_120,21,0.23333333333333334,0.0004331828265186946,0.38071646341463417,2.6266266266266265,0.012553900290739172,13.004,7.996,1.626625,0.3807619047619048,0.21845469676297202,0.008303225798293883,0.23515490196078434,0.2354172035799644,0.3550534966371525
graph_04_mu_0_3_node_121,73,0.10382293762575452,0.0050219546325171865,0.4646511627906977,2.1521521521521523,0.07063703984384162,49.014,23.986,2.0435679230190105,0.3285753424657533,0.2025654401793547,0.027213431272207402,0.19658572323328738,0.19737401135485413,0.4054061476098869
graph_04_mu_0_3_node_122,53,0.07982583454281568,0.0036988577819363744,0.4553327256153145,2.196196196196196,0.04282872163772563,31.066,21.934,1.4169968329915705,0.4138490566037737,0.18929007812285936,0.02481825717711328,0.2609349304437092,0.26165497938369925,0.25906199201151914
graph_04_mu_0_3_node_123,33,0.08901515151515152,0.0011715775622043515,0.427105600684053,2.3413413413413413,0.031018123006704146,21.003,11.997,1.7508,0.3635454545454545,0.09065614999152828,0.013828625921053021,0.22215634920634927,0.2225500550035557,0.1586861457517749
graph_04_mu_0_3_node_124,20,0.07368421052631578,0.0006328885783354992,0.4124690338563171,2.4244244244244246,0.021802369258055978,6.03,13.97,0.432,0.6984999999999999,0.12055078432865167,0.015807045430226863,0.5367749287749286,0.537232902718683,0.0517944673013116
graph_04_mu_0_3_node_125,26,0.07692307692307693,0.001036972160281542,0.41298057048367093,2.4214214214214214,0.022209995149195225,10.003,15.997,0.6253532212885154,0.6152692307692306,0.12088181281537663,0.018439345894066157,0.4443316128158235,0.44485613914653527,0.06800925032182449
graph_04_mu_0_3_node_126,28,0.12433862433862433,0.001074544172523668,0.41957160856782866,2.3833833833833835,0.028303106000657295,15.006,12.994,1.1549883449883447,0.4640714285714287,0.10972892057547737,0.014742627559494403,0.30215062250411084,0.3025768651379602,0.12668994453638407
graph_04_mu_0_3_node_127,29,0.1168091168091168,0.0011431266774546906,0.41128036228900783,2.4314314314314314,0.020812619099224598,12.023,16.977,0.7086582390648566,0.5854137931034482,0.8752248118148575,0.01733001341752516,0.41388954433730396,0.4144462596111479,0.5668116879903903
graph_04_mu_0_3_node_128,23,0.2015810276679842,0.0005387140679649809,0.39470564994073487,2.5335335335335336,0.021459387521194855,14.008,8.992,1.5588412698412704,0.3909565217391304,0.13140940845115523,0.009655573678241519,0.24299300069300075,0.24328798494396323,0.20459501644049055
graph_04_mu_0_3_node_129,41,0.12195121951219512,0.0019508275202792394,0.42098609355246525,2.3753753753753752,0.03300044891208695,24.019,16.981,1.4147535714285708,0.4141707317073173,0.2481816376111183,0.01823400702782672,0.2611786896451515,0.2617359745637024,0.3507157554193158
graph_04_mu_0_3_node_130,20,0.13157894736842105,0.0007810203914691024,0.3906922174423152,2.5595595595595597,0.013892246735274687,9.997,10.003,1.0002914862914862,0.50015,0.2684607534090714,0.010400334757370051,0.3335265446455657,0.33385459767646997,0.26766541616715994
graph_04_mu_0_3_node_131,25,0.16,0.0008131519958729564,0.4185169669040637,2.3893893893893896,0.030569353372051432,14.997,10.003,1.4993686868686869,0.4001200000000001,0.08445813547056849,0.011349500801746749,0.2500977173233271,0.2504258780921696,0.12664311028958497
graph_04_mu_0_3_node_132,32,0.1425287356321839,0.000974455690933585,0.4060975609756098,2.4624624624624625,0.02286883529905892,19.102,12.898,1.487260295260295,0.4030625,0.3677262489031726,0.01341608800786404,0.2525335754885144,0.25295678314164843,0.5109350652097107
graph_04_mu_0_3_node_133,32,0.16532258064516128,0.0010582617827749683,0.43950725912890454,2.275275275275275,0.03654029279816478,22.007,9.993,2.202666666666666,0.31228125,0.0874131242611617,0.011284268831831756,0.18503588263588258,0.18536386628463725,0.18368248273836124
graph_04_mu_0_3_node_134,20,0.10526315789473684,0.0005070243434795769,0.41659716430358634,2.4004004004004003,0.022669033266382504,8.03,11.97,0.671242424242424,0.5984999999999999,0.1032907832696165,0.013544219290703086,0.42709688013136293,0.42748936594249093,0.06913834096836091
graph_04_mu_0_3_node_135,28,0.12962962962962962,0.0010351018751398858,0.4381578947368421,2.2822822822822824,0.03408684257450486,11.004,16.996,0.6474843137254902,0.607,0.12842745630721328,0.019591003663496656,0.4357555972482804,0.43631289816639834,0.0831265762994611
graph_04_mu_0_3_node_136,76,0.17400962606442058,0.005376065867476662,0.47301136363636365,2.114114114114114,0.06849204957860905,49.046,26.954,1.8202891032960606,0.3546578947368421,0.4834747996395069,0.02858021249771316,0.2155638326839289,0.21644957773624582,0.8604006034603439
graph_04_mu_0_3_node_137,72,0.10144927536231885,0.005544232496287862,0.47480988593155893,2.106106106106106,0.06450802528626073,48.006,23.994,2.000794466403162,0.33324999999999994,0.18130956345976756,0.027657375710986615,0.19994065844736492,0.20072915708060743,0.3551656691741388
graph_04_mu_0_3_node_138,56,0.1512987012987013,0.0033729337585411043,0.44858554108666365,2.229229229229229,0.04889705991529823,34.022,21.978,1.5482545454545458,0.3924642857142858,0.32119589548442384,0.02360005011628962,0.24414685990338164,0.24486849253241225,0.4968519017922547
graph_04_mu_0_3_node_139,35,0.13781512605042018,0.0012917883827307268,0.428204029147021,2.335335335335335,0.03317545039589476,24.009,10.991,2.1847525252525237,0.3140285714285714,0.09614282695620002,0.01241126300279823,0.18626336019264608,0.1866241351365723,0.20995496173471956
graph_04_mu_0_3_node_140,24,0.15584415584415584,0.0006767850911557314,0.38660990712074306,2.5865865865865865,0.013766508087458692,13.022,10.978,1.1867818181818184,0.4574166666666665,0.5661337337756156,0.011206021150445722,0.2965513513513514,0.29691143994848107,0.6183962482072664
graph_04_mu_0_3_node_141,26,0.1076923076923077,0.001212673136963086,0.40379951495553756,2.4764764764764764,0.017439197067238597,11.994,14.006,0.8564619047619049,0.5386923076923077,0.4349925815471419,0.014479851148188207,0.3686485064011379,0.369107839687132,0.34163860324162243
graph_04_mu_0_3_node_142,25,0.11666666666666667,0.0008393529818192918,0.41590341382181517,2.4044044044044046,0.024871135618075087,15.002,9.998,1.5005555555555556,0.39992000000000005,0.08623164982473873,0.011313863827693893,0.2499390243902439,0.2502670212989675,0.12936508428583274
graph_04_mu_0_3_node_143,33,0.18181818181818182,0.0011441896194925817,0.41729323308270677,2.3963963963963963,0.031084708299542584,19.031,13.969,1.363302197802198,0.4233030303030301,0.25061321260266656,0.014811443379549273,0.26850332204483146,0.26896165383591475,0.34066251957410193
graph_04_mu_0_3_node_144,17,0.058823529411764705,0.0004358281159383231,0.3757051523128996,2.6616616616616615,0.01077145039822197,5.991,11.009,0.5446303030303028,0.6475882352941177,0.2952569898443153,0.011447523733015502,0.4789307905138341,0.47929172907388934,0.1340656071827114
graph_04_mu_0_3_node_145,20,0.08421052631578947,0.0006650233150692292,0.38188073394495414,2.6186186186186187,0.01071654192149678,8.001,11.999,0.6670116550116548,0.5999499999999999,0.37723410143477165,0.01240244516900109,0.4285509943440978,0.42894442996315724,0.21985424547870544
graph_04_mu_0_3_node_146,22,0.06926406926406926,0.0007382725706496568,0.4185169669040637,2.3893893893893896,0.023645918848139623,9.009,12.991,0.6937649572649571,0.5905000000000001,0.10972256955854622,0.014738508920312416,0.418970852534562,0.41939682916982246,0.06757280870848677
graph_04_mu_0_3_node_147,39,0.09041835357624832,0.002008065611870621,0.43321769297484825,2.3083083083083085,0.03354137267776394,23.009,15.991,1.4390375000000002,0.4100256410256411,0.13793895615842025,0.01809507187216054,0.2578866359447003,0.2584114132058644,0.19836888681403456
graph_04_mu_0_3_node_148,20,0.1,0.0007023665991568774,0.39880239520958083,2.5075075075075075,0.018588099847481342,11.006,8.994,1.223944444444444,0.4497000000000001,0.06796965798410702,0.010366991486553883,0.29008333333333336,0.29037832511813644,0.07556630217667876
graph_04_mu_0_3_node_149,24,0.15942028985507245,0.0006273502719462583,0.39501779359430605,2.5315315315315314,0.018385482972984105,12.102,11.898,1.0245454545454544,0.49575,0.3394233002811912,0.012374201207818918,0.3298954954954954,0.33028572456895844,0.3405210243950754
graph_04_mu_0_3_node_150,38,0.15362731152204837,0.0013849513381585326,0.44717994628469115,2.2362362362362362,0.04653357187504993,26.004,11.996,2.167875757575758,0.31568421052631584,0.10130796104888785,0.013610013439895503,0.1874274766899767,0.18782127893989145,0.21956142800204076
graph_04_mu_0_3_node_151,30,0.1111111111111111,0.0013260432633544158,0.40217391304347827,2.4864864864864864,0.017382618777367173,15.021,14.979,1.003221778221778,0.4993,0.4655339920836182,0.015484463206810626,0.3327354364502507,0.3332267615122058,0.43511397174503263
graph_04_mu_0_3_node_152,70,0.07660455486542443,0.005920144376733829,0.47301136363636365,2.114114114114114,0.05652124397013168,50.015,19.985,2.5028486412108704,0.2854999999999999,0.15103166098059004,0.023035773591742175,0.16652266696627133,0.16717959377318062,0.37782286509352014
graph_04_mu_0_3_node_153,26,0.23076923076923078,0.0006866348992164338,0.4141791044776119,2.4144144144144146,0.029358762969166622,15.023,10.977,1.3703661616161618,0.42219230769230776,0.16048423914319443,0.011786538373555954,0.26762837106172344,0.26798847401453363,0.21935253044155006
graph_04_mu_0_3_node_154,18,0.11764705882352941,0.00047167783504036464,0.390234375,2.5625625625625625,0.013389239203521022,9.017,8.983,1.0046785714285713,0.49905555555555553,0.3294695045198274,0.00924255710301915,0.332543513957307,0.3328381065589381,0.3298267887050217
graph_04_mu_0_3_node_155,25,0.17,0.0009621260415808259,0.40428976123027116,2.4734734734734736,0.017250317681867515,13.01,11.99,1.085378787878788,0.4796000000000002,0.6178773214684218,0.012239809793977343,0.31545883940620784,0.3158521092185438,0.6696472031272774
graph_04_mu_0_3_node_156,28,0.1455026455026455,0.0011674896459111705,0.40875613747954176,2.4464464464464464,0.018557844357779126,14.015,13.985,1.0025011655011655,0.49946428571428575,0.7208503464992073,0.014275712959305588,0.3328778952313835,0.3333366008799519,0.7210394709593256
graph_04_mu_0_3_node_157,26,0.15692307692307692,0.0010004357289771075,0.40478119935170176,2.4704704704704703,0.017780649808198545,14.978,11.022,1.3593424242424241,0.42392307692307696,0.30136355052786623,0.011445797444435699,0.26899175377468065,0.2693533315007654,0.38235011135787755
graph_04_mu_0_3_node_158,25,0.17666666666666667,0.0009885912020946284,0.3984842441164739,2.5095095095095097,0.014706808414088956,12.034,12.966,0.9290268065268068,0.5186399999999999,0.6689037673826727,0.013235214702809398,0.35017087938140584,0.35059612082974595,0.6185382128071036
graph_04_mu_0_3_node_159,29,0.16995073891625614,0.0008850554923920509,0.4249255635899617,2.3533533533533535,0.03434537535407708,19.004,9.996,1.901565079365079,0.34468965517241396,0.09478335794734288,0.011177915173732981,0.20823759503801523,0.2085656124611968,0.18013648411305536
graph_04_mu_0_3_node_160,45,0.11960132890365449,0.002369892117797715,0.43023255813953487,2.324324324324324,0.030260595580244028,24.023,20.977,1.145895206766917,0.4661555555555556,0.48456003628683847,0.02193632518776546,0.3039397224711371,0.30462805839325985,0.5311055594900379
graph_04_mu_0_3_node_161,26,0.1723076923076923,0.0007953024499209052,0.4107730263157895,2.4344344344344346,0.02221774322905782,15.075,10.925,1.3836156565656565,0.42019230769230775,0.31125093524298625,0.011364857173356885,0.26608498157165217,0.26644338021203817,0.4253774405511236
graph_04_mu_0_3_node_162,20,0.14210526315789473,0.0003414083584834293,0.39627132090440303,2.5235235235235236,0.02032444260362826,14.001,5.999,2.334,0.29994999999999994,0.0453305875585782,0.006914937180251854,0.17643697478991593,0.17663379239136534,0.10578919628195874
graph_04_mu_0_3_node_163,52,0.07088989441930618,0.003290533676943745,0.4610059990770651,2.169169169169169,0.04792352719600529,31.02,20.98,1.4788447786131995,0.4034615384615386,0.1809871985988921,0.02374027369962274,0.2527182258053123,0.2534069765634021,0.26744066241663333
graph_04_mu_0_3_node_164,47,0.07955596669750231,0.0030927411602680297,0.4514234071396295,2.215215215215215,0.041747704641332296,27.01,19.99,1.3513079807361543,0.42531914893617034,0.17484843406803005,0.022573401707035215,0.27010311207995413,0.2707592108631676,0.22741256976746696
graph_04_mu_0_3_node_165,33,0.17803030303030304,0.0014381246088280655,0.4060975609756098,2.4624624624624625,0.02002332909773273,19.016,13.984,1.3601950549450552,0.42375757575757556,0.49499658836823224,0.014402785140768544,0.2688520399935494,0.26931086339050947,0.6720221169388348
graph_04_mu_0_3_node_166,68,0.10722610722610723,0.00468927777801693,0.4661689220718619,2.145145145145145,0.06337205187730743,46.024,21.976,2.0946034632034625,0.32317647058823534,0.20840620317887112,0.02457417734723152,0.1927354533259686,0.19345758948280128,0.42676383888486985
graph_04_mu_0_3_node_167,24,0.11594202898550725,0.0007953104123741491,0.399919935948759,2.5005005005005003,0.016654282687045788,11.004,12.996,0.8468251748251748,0.5415000000000001,0.3598482148653034,0.013485990405300225,0.371280308880309,0.3717065051984709,0.3045522858997542
graph_04_mu_0_3_node_168,23,0.08571428571428572,0.0007168376993269588,0.38796116504854367,2.5775775775775776,0.013533539042030267,12.025,10.975,1.0973909090909084,0.47717391304347834,0.4026179169107637,0.011292144476621597,0.3134191311612364,0.3137790977026677,0.4031970928161591
graph_04_mu_0_3_node_169,32,0.11895161290322581,0.0012389802206934242,0.41195876288659794,2.4274274274274275,0.024860931839043286,15.098,16.902,0.8965395467277822,0.5281875,0.48115628633173674,0.017584945007793982,0.35906442665705396,0.35961879474219566,0.4256403748821974
graph_04_mu_0_3_node_170,28,0.1455026455026455,0.000887734236673021,0.4213412062420919,2.3733733733733735,0.030300921001665482,16.009,11.991,1.3358484848484846,0.42825,0.10344136812796693,0.013568491082009774,0.2724842712842711,0.27287765123890684,0.13804012253892098
graph_04_mu_0_3_node_171,33,0.1534090909090909,0.001153137910597939,0.4269230769230769,2.3423423423423424,0.03941981022110698,17.011,15.989,1.06415,0.4845151515151513,0.13504072663690125,0.018139936685404208,0.31972104575163407,0.32024555090384343,0.1436084132619968
graph_04_mu_0_3_node_172,46,0.09855072463768116,0.0023412440057677926,0.4479820627802691,2.2322322322322323,0.04640130948251642,27.011,18.989,1.4226727984176128,0.4128043478260868,0.18006764597903271,0.02123413395769979,0.26009074187381326,0.2607140069714227,0.2560192485721923
graph_04_mu_0_3_node_173,20,0.15263157894736842,0.0004427642039466059,0.40925850061450225,2.4434434434434436,0.025391848145280106,12.007,7.993,1.5026190476190477,0.39965000000000006,0.06750519113735999,0.00906843284626547,0.24973707664884134,0.24999926272197798,0.10134957902363999
graph_04_mu_0_3_node_174,85,0.09915966386554621,0.0072585506412168686,0.47368421052631576,2.111111111111111,0.07427704615831797,56.029,28.971,1.934234970808246,0.34083529411764696,0.2747270005500573,0.03239649687770546,0.20542988032639148,0.2063822810020895,0.5310690727148878
graph_04_mu_0_3_node_175,45,0.10303030303030303,0.002598679432389582,0.4402820625826355,2.2712712712712713,0.0400834698306874,28.014,16.986,1.6494411764705885,0.37746666666666673,0.14858135668513112,0.01918100506772297,0.23264479822288045,0.23320239338657575,0.2449193587722845
graph_04_mu_0_3_node_176,35,0.11932773109243698,0.0015421764006587069,0.43134715025906734,2.3183183183183185,0.03705682301543032,21.01,13.99,1.5020512820512821,0.3997142857142858,0.1181508286820905,0.015872280188100923,0.24978372655777376,0.25024280682332306,0.17737623954081688
graph_04_mu_0_3_node_177,19,0.05847953216374269,0.0005617223450043578,0.392688679245283,2.5465465465465464,0.014061121309667038,5.029,13.971,0.36058822843822835,0.7353157894736839,0.3751222553900509,0.014524751285246593,0.5816001343101344,0.5820581108641097,0.13411280908844458
graph_04_mu_0_3_node_178,30,0.19310344827586207,0.0008967768886805324,0.42098609355246525,2.3753753753753752,0.026718652302582684,17.087,12.913,1.3272820512820513,0.4304333333333335,0.3678817353601356,0.013432727881283165,0.27435942632372096,0.2747830701807343,0.48227656241049754
graph_04_mu_0_3_node_179,26,0.13230769230769232,0.0009525638627936194,0.40842191332788225,2.4484484484484486,0.019923775092453137,13.084,12.916,1.0159424242424242,0.4967692307692308,0.3678586527771951,0.01343705875358351,0.330627293844367,0.3310509249110721,0.36897858457797056
graph_04_mu_0_3_node_180,25,0.12333333333333334,0.0007886483876372633,0.42912371134020616,2.33033033033033,0.031253984829877984,11.002,13.998,0.7859890109890112,0.5599200000000003,0.11820330756746823,0.015881814567999926,0.3888138138138139,0.38927285502054726,0.09289104164096099
graph_04_mu_0_3_node_181,27,0.1794871794871795,0.0008891969447930688,0.41659716430358634,2.4004004004004003,0.028489926774060738,17.009,9.991,1.7027749999999997,0.370037037037037,0.08618011212407124,0.011305757010801986,0.2270284584980236,0.22735626897696007,0.14663927508173302
graph_04_mu_0_3_node_182,26,0.09230769230769231,0.001037004705658743,0.43378202344767697,2.305305305305305,0.028319964666007027,11.004,14.996,0.7338476190476187,0.5767692307692306,0.11331802977915328,0.01728550625605523,0.4052593646277856,0.40575111754836685,0.07557132730230691
graph_04_mu_0_3_node_183,27,0.07692307692307693,0.0012068466573077366,0.4111111111111111,2.4324324324324325,0.018851294609736054,9.02,17.98,0.5018419117647058,0.6659259259259259,0.6590831934263061,0.01850074036370455,0.4992041251778094,0.499793595772157,0.32968882166424285
graph_04_mu_0_3_node_184,43,0.09523809523809523,0.002160642632483996,0.43153347732181424,2.3173173173173174,0.03785790961640867,27.009,15.991,1.6892778846153846,0.3718837209302325,0.1398748406352216,0.018057445134216244,0.22841853862903452,0.22894345368009023,0.23616920988391094
graph_04_mu_0_3_node_185,21,0.17142857142857143,0.0004977879053701087,0.399919935948759,2.5005005005005003,0.021535017251801212,13.005,7.995,1.627,0.3807142857142858,0.06041977896543186,0.009215462162775287,0.2351196078431373,0.2353818766808239,0.0982379097476053
graph_04_mu_0_3_node_186,28,0.082010582010582,0.001083766646508314,0.4293081220455522,2.329329329329329,0.03001246892921898,15.024,12.976,1.1581864801864798,0.46342857142857147,0.11196350831332577,0.014682646245448886,0.30161653746770023,0.3020421903510189,0.12088688664441648
graph_04_mu_0_3_node_187,30,0.15172413793103448,0.0011119795812234278,0.4206315789473684,2.3773773773773774,0.026517423339589986,15.103,14.897,1.0167197802197803,0.49656666666666666,0.4244424017391674,0.015496524703244403,0.33045074005550407,0.33093937866213574,0.42546513001475206
graph_04_mu_0_3_node_188,20,0.16842105263157894,0.000417536505213836,0.4015273311897106,2.4904904904904903,0.025357424541671003,12.015,7.985,1.506190476190476,0.39925000000000005,0.0674557888755867,0.009058871614274107,0.24944741532976827,0.24970933912943447,0.1014207032280315
graph_04_mu_0_3_node_189,20,0.12631578947368421,0.0004940341533522474,0.4100985221674877,2.4384384384384385,0.023041029665958397,11.008,8.992,1.2244444444444438,0.4496000000000001,0.07865698406287563,0.010153946488341201,0.29,0.2902949262454647,0.09620216216000332
graph_04_mu_0_3_node_190,19,0.1286549707602339,0.00048825068930767135,0.4238438693254137,2.359359359359359,0.0254778900037559,9.004,9.996,0.9009500000000003,0.5261052631578946,0.07553734166901221,0.011522067489637642,0.3569619047619047,0.35728970705575874,0.0680264529794979
graph_04_mu_0_3_node_191,19,0.15204678362573099,0.00052020350305625,0.4085889570552147,2.4474474474474475,0.0227650846891851,10.004,8.996,1.1124305555555554,0.4734736842105264,0.06798347975777429,0.010369275458175784,0.3101783045977012,0.3104733425616489,0.0755803148907358
graph_04_mu_0_3_node_192,34,0.1800356506238859,0.0015233153568401936,0.4070904645476773,2.4564564564564564,0.02045516548739526,19.968,14.032,1.4235523809523807,0.4127058823529412,0.38363404055254996,0.014571261382056668,0.2600246580812618,0.26048508436996803,0.5189154439647016
graph_04_mu_0_3_node_193,24,0.09420289855072464,0.0008437442706618749,0.4186923721709975,2.3883883883883885,0.023479895291695144,9.104,14.896,0.6139480519480518,0.6206666666666666,0.4244210968953296,0.015495178638613438,0.45034349857879247,0.4508319120545509,0.2557978979373518
graph_04_mu_0_3_node_194,25,0.12333333333333334,0.000858260079410844,0.413151364764268,2.4204204204204203,0.028743174791026522,13.016,11.984,1.0866666666666667,0.4793600000000002,0.1012274836927067,0.013595919464870437,0.31526315789473686,0.31565623109556984,0.10986475305843765
graph_04_mu_0_3_node_195,15,0.1523809523809524,0.0003173628414880312,0.399919935948759,2.5005005005005003,0.0181614037984442,7.001,7.999,0.8752678571428572,0.5332666666666667,0.06995854217697209,0.009032919450456632,0.3635770750988142,0.36383937181604536,0.061219557738183904
graph_04_mu_0_3_node_196,31,0.15268817204301074,0.0011551670889743064,0.4265584970111016,2.344344344344344,0.03438375380099748,18.008,12.992,1.3862412587412585,0.4190967741935483,0.1231912671093839,0.014528366952719722,0.26510466586634657,0.2655309268740369,0.17066791780921967
graph_04_mu_0_3_node_197,27,0.1225071225071225,0.0009930869082899194,0.4265584970111016,2.344344344344344,0.030836887352645028,15.001,11.999,1.2502045454545454,0.44440740740740753,0.10132096437708733,0.013613848844933916,0.2856843853820597,0.286078001740892,0.1266607474560921
graph_04_mu_0_3_node_198,20,0.11578947368421053,0.0004887837990813602,0.4079216006533279,2.4514514514514514,0.021761457790821885,10.001,9.999,1.0002222222222221,0.49995,0.07555454432668561,0.011525715308619844,0.3332903225806451,0.3336182446876098,0.07555989192026852
graph_04_mu_0_3_node_199,31,0.12473118279569892,0.0013357576477286263,0.4296774193548387,2.3273273273273274,0.03191646636343823,16.01,14.99,1.0681882783882783,0.48354838709677445,0.1311168177310999,0.016927174504912955,0.31887635692574895,0.3193680746028182,0.13999049252225232
graph_04_mu_0_3_node_200,34,0.11229946524064172,0.0012947560820068898,0.42893945899527697,2.3313313313313313,0.03612015690018399,19.017,14.983,1.2699987345987342,0.44067647058823545,0.14210027094087915,0.016754081376015875,0.28263168861738874,0.28312327362657835,0.18021577507271547
graph_04_mu_0_3_node_201,19,0.1111111111111111,0.00047985764345973833,0.4056029232643118,2.4654654654654653,0.02053998414298894,11.0,8.0,1.375,0.4210526315789473,0.06899471161911083,0.00905304585532942,0.2666666666666666,0.26692906498731744,0.09486772847627736
graph_04_mu_0_3_node_202,27,0.09686609686609686,0.0009641237840849558,0.4036363636363636,2.4774774774774775,0.018654159433318763,12.086,14.914,0.8119324175824177,0.5523703703703702,0.42449592454235757,0.01551752819709943,0.3817104663629055,0.3821995658288094,0.34051371086559207
graph_04_mu_0_3_node_203,26,0.10507246376811594,0.000878697191260556,0.4059325477448192,2.4634634634634636,0.020484622519920517,13.077,12.923,1.0148636363636363,0.49703846153846154,0.3679475306023271,0.013444074312721608,0.3308598789941387,0.3312837393807134,0.34065030335967555
graph_04_mu_0_3_node_204,32,0.0846774193548387,0.0014569148430357887,0.4258312020460358,2.3483483483483485,0.02872780038064383,18.009,13.991,1.2872967032967035,0.43721875,0.10573069523082687,0.0161268744833865,0.279774117647059,0.28023314033462043,0.12846309139008463
graph_04_mu_0_3_node_205,42,0.08362369337979095,0.0020857783863654678,0.4375821287779238,2.285285285285285,0.03928076388990941,24.014,17.986,1.3352720588235292,0.4282380952380953,0.15190511535310627,0.020405758989174377,0.27246188841886804,0.27305213596537126,0.20269442038786795
graph_04_mu_0_3_node_206,26,0.1076923076923077,0.0008380133102033848,0.4296774193548387,2.3273273273273274,0.03344038824467872,12.994,13.006,0.9991666666666668,0.5002307692307693,0.09827626948522471,0.014991835713648599,0.33354561403508765,0.3339721938356387,0.09817442438184522
graph_04_mu_0_3_node_207,26,0.12923076923076923,0.0009612793006370131,0.4122988031366075,2.4254254254254253,0.026505013679502296,14.005,11.995,1.1676515151515152,0.4613461538461539,0.11372732489071698,0.01341368725067743,0.2998414634146341,0.30023492288497633,0.13275657202954075
graph_04_mu_0_3_node_208,21,0.1380952380952381,0.0006796446832404655,0.39658594680428744,2.5215215215215214,0.015735805282914905,10.05,10.95,0.9190765151515149,0.5214285714285714,0.31141342426687846,0.011394450254736356,0.3527472076073831,0.35310630796583553,0.2835662024881562
graph_04_mu_0_3_node_209,26,0.043076923076923075,0.0009893725143107464,0.41625,2.4024024024024024,0.02223319961093694,9.026,16.974,0.5319380252100842,0.6528461538461539,0.14644400465300203,0.019206961367475326,0.48464778613199666,0.48520429379834623,0.07764721225268105
graph_04_mu_0_3_node_210,41,0.0975609756097561,0.002015346519644937,0.43719912472647704,2.2872872872872874,0.03646575256156478,26.996,14.004,1.9278805860805854,0.3415609756097561,0.10581986883014753,0.01614213473227497,0.20595591098217358,0.2064156310761101,0.2039756880429533
graph_04_mu_0_3_node_211,28,0.24923076923076923,0.0007660198668984322,0.38796116504854367,2.5775775775775776,0.015755995792567364,19.008,8.992,2.1146111111111114,0.3211428571428572,0.3182251517465344,0.009261607234446273,0.19129375886524821,0.191588839943937,0.6366822678347257
graph_04_mu_0_3_node_212,30,0.15079365079365079,0.0010967753323423313,0.4056029232643118,2.4654654654654653,0.020361315993448575,19.009,10.991,1.7299696969696965,0.36636666666666656,0.29521994345417885,0.011422704108237862,0.2242732292917167,0.22463388583228044,0.48326016252282317
graph_04_mu_0_3_node_213,23,0.06719367588932806,0.0009472518953894623,0.41957160856782866,2.3833833833833835,0.02093496477703012,8.024,14.976,0.5361978021978022,0.6511304347826088,0.5491936313485895,0.015408566598668141,0.48279360732562837,0.483284608620564,0.2931847018851187
graph_04_mu_0_3_node_214,34,0.08669354838709678,0.001140806428493348,0.4062627084180561,2.4614614614614614,0.025619390882547225,23.003,10.997,2.091836363636363,0.3234411764705883,0.08309798347011091,0.012676023081069267,0.19292075015124016,0.193281698159062,0.1662496598667751
graph_04_mu_0_3_node_215,26,0.08307692307692308,0.000918675345366416,0.42366412213740456,2.3603603603603602,0.026282703797000075,11.005,14.995,0.7339714285714283,0.576730769230769,0.11331170330961979,0.01728432388741927,0.4052223802750118,0.4057141004485004,0.08312090623792347
graph_04_mu_0_3_node_216,17,0.1323529411764706,0.0003599701117381643,0.3984842441164739,2.5095095095095097,0.01948604617452721,9.993,7.007,1.4265476190476187,0.41217647058823537,0.05294397432790963,0.008076980565874773,0.25960175010174996,0.2598315705056236,0.060454323792625025
graph_04_mu_0_3_node_217,23,0.08695652173913043,0.0007472699512982755,0.41332230037236245,2.4194194194194196,0.0224008147145049,10.002,12.998,0.7695524475524478,0.5651304347826086,0.09821461446323644,0.014982673204592888,0.3938597402597402,0.39428597413954736,0.0755731369533811
graph_04_mu_0_3_node_218,23,0.2,0.0005249201789282698,0.37220566318926973,2.6866866866866865,0.009777837375473615,15.019,7.981,1.883570238095238,0.34699999999999986,0.24814939182666138,0.008249872739464151,0.20994421842598984,0.21020606265525538,0.4351007876295565
graph_04_mu_0_3_node_219,51,0.1027450980392157,0.0031900650843984047,0.46335807050092764,2.1581581581581584,0.04877761928537749,30.016,20.984,1.4306127819548868,0.4114509803921569,0.18101070922467238,0.02374502817758485,0.2590160882010425,0.2597049248271213,0.25883057734715903
graph_04_mu_0_3_node_220,19,0.36257309941520466,0.00018259852721463156,0.37970353477765106,2.6336336336336337,0.019915150571416042,15.012,3.988,3.7753333333333337,0.2098947368421052,0.07160226721432934,0.004227731652724816,0.11727096171802054,0.11740181887633176,0.26879917821355287
graph_04_mu_0_3_node_221,29,0.10837438423645321,0.0011502348806502322,0.41659716430358634,2.4004004004004003,0.026412655014457827,14.022,14.978,0.936670795870796,0.5164827586206898,0.2686241810876507,0.01588206228346463,0.3481801548388387,0.3486714148917589,0.25087934186104255
graph_04_mu_0_3_node_222,27,0.15669515669515668,0.000774774086339402,0.42223161453930685,2.3683683683683685,0.03127795332084368,17.004,9.996,1.7011999999999994,0.3702222222222222,0.08441533463706997,0.011341070000900467,0.22716363636363626,0.22749161075644064,0.14357401078389576
graph_04_mu_0_3_node_223,34,0.15151515151515152,0.0013922837721787142,0.42080876158382474,2.3763763763763763,0.02504368959579905,19.112,14.888,1.288406626706626,0.43788235294117656,0.4243683380889897,0.015486211554575836,0.28046246639086764,0.2809509381179155,0.5387976460782609
graph_04_mu_0_3_node_224,20,0.08947368421052632,0.0005689027296125846,0.4099302421009438,2.4394394394394396,0.022138616474855308,9.007,10.993,0.8195909090909091,0.5496499999999999,0.0948305971006011,0.012439271166782864,0.37899712643678163,0.37935761196874396,0.07762814148059058
graph_04_mu_0_3_node_225,45,0.11960132890365449,0.0020236083995249336,0.43529411764705883,2.2972972972972974,0.042975719680944706,29.007,15.993,1.8138660714285715,0.3553999999999999,0.13505765818124468,0.018145096400019205,0.21610355618776675,0.21662860575930304,0.23648053435662528
graph_04_mu_0_3_node_226,18,0.10457516339869281,0.0005207370101878132,0.3967434471803018,2.5205205205205203,0.014607179156216999,7.01,10.99,0.6383181818181819,0.6105555555555554,0.29521189658623576,0.011421550349198213,0.43947809523809545,0.4398384351923447,0.1879694940564769
graph_04_mu_0_3_node_227,18,0.1437908496732026,0.0004699803170688628,0.3867595818815331,2.5855855855855854,0.012615454098101593,9.01,8.99,1.0027142857142857,0.49944444444444447,0.2415002096396966,0.009342994206345278,0.3328669950738915,0.3331618170750553,0.24166400359203308
graph_04_mu_0_3_node_228,29,0.13793103448275862,0.0010002741328331006,0.4150394682176984,2.4094094094094096,0.030351064211814587,17.013,11.987,1.4197424242424241,0.4133448275862069,0.11367541479743865,0.013404227470300413,0.2605264030218933,0.2609196777296626,0.16121355605083845
graph_04_mu_0_3_node_229,31,0.12903225806451613,0.0010504685764334872,0.43116098403107467,2.319319319319319,0.03507920767509817,17.021,13.979,1.2181465201465198,0.45093548387096755,0.11808528528604435,0.015859089644650562,0.29112363945578235,0.2915822387899703,0.14367575495204135
graph_04_mu_0_3_node_230,25,0.24333333333333335,0.0006722803432883659,0.41332230037236245,2.4194194194194196,0.022365311326683988,17.007,7.993,2.128125,0.31972,0.18456975740801676,0.008359214300635276,0.19028239202657812,0.1905446641365644,0.39242923992678
graph_04_mu_0_3_node_231,32,0.1028225806451613,0.0013343004840857089,0.42893945899527697,2.3313313313313313,0.031093110563986993,17.034,14.966,1.1385611721611721,0.4676875,0.12913786159163396,0.016934341235878492,0.30523633453381355,0.3057272982334887,0.14683643943026387
graph_04_mu_0_3_node_232,29,0.14532019704433496,0.0011041720610366387,0.4206315789473684,2.3773773773773774,0.03277247167390251,17.009,11.991,1.4186439393939394,0.41348275862068967,0.10126860652804939,0.013604409784130198,0.2606281221091581,0.26102152794068884,0.14360179630020745
graph_04_mu_0_3_node_233,21,0.15714285714285714,0.0006482608574578187,0.3837879369957741,2.6056056056056054,0.01348394523749822,12.008,8.992,1.3357499999999998,0.4281904761904762,0.20768352358273456,0.009403499335079247,0.272429946524064,0.27272489211076334,0.276999707939148
graph_04_mu_0_3_node_234,16,0.17582417582417584,0.00031768899098108154,0.37054896142433236,2.6986986986986987,0.008094960270824136,10.002,5.998,1.6680000000000001,0.374875,0.18632744452000044,0.006200745106893585,0.23068131868131872,0.23087805184805144,0.27952495056378446
graph_04_mu_0_3_node_235,26,0.12,0.0009323454935694632,0.4190436241610738,2.3863863863863863,0.028747865594044086,14.013,11.987,1.169227272727273,0.4610384615384616,0.1012453208751739,0.013599544539758018,0.2995878048780487,0.29998100221693935,0.10978364580627777
graph_04_mu_0_3_node_236,22,0.2943722943722944,0.0003996749300277775,0.3986432561851556,2.5085085085085086,0.023005844858107558,16.015,5.985,2.677666666666666,0.27204545454545437,0.1073813512438273,0.006345977343434855,0.1574493927125506,0.15764577699472632,0.2867771565119042
graph_04_mu_0_3_node_237,19,0.11695906432748537,0.0006612852226972149,0.3872093023255814,2.5825825825825826,0.011755782825971083,8.991,10.009,0.8985750000000002,0.5267894736842104,0.31078783258244336,0.01034791633931135,0.3576052910052909,0.3579335191705557,0.24845461071135194
graph_04_mu_0_3_node_238,29,0.1477832512315271,0.0010444542164759483,0.4307891332470893,2.3213213213213213,0.032356537612632866,13.039,15.961,0.8179149267399267,0.5503793103448277,0.2863823562034365,0.016923059606961523,0.37975062615173844,0.3802740765808962,0.2331973679089295
graph_04_mu_0_3_node_239,21,0.17142857142857143,0.0006017026656022345,0.3903868698710434,2.5615615615615615,0.014482979354503493,10.004,10.996,0.909997727272727,0.5236190476190477,0.3003859864253021,0.01141867736829554,0.3546768263757116,0.3550374338379432,0.27310860247380764
graph_04_mu_0_3_node_240,30,0.14482758620689656,0.0012506566860527456,0.398961661341853,2.5065065065065064,0.01843905467231298,16.012,13.988,1.1449450549450546,0.4662666666666668,0.3230549234970394,0.014628389860239472,0.3040194264569843,0.3044782906010395,0.369366682355287
graph_04_mu_0_3_node_241,28,0.09259259259259259,0.0009494211116179419,0.41957160856782866,2.3833833833833835,0.02751120981262897,17.006,10.994,1.5469818181818185,0.39264285714285724,0.09616372796509026,0.012414766405282662,0.24428212560386475,0.24464283316993607,0.13122231236936846
graph_04_mu_0_3_node_242,21,0.08095238095238096,0.0007054724872607451,0.411619283065513,2.4294294294294296,0.018677373670362468,7.012,13.988,0.5014423076923077,0.666095238095238,0.37567825701857444,0.014538078310012992,0.4993896551724138,0.49984824853531734,0.18792206355175892
graph_04_mu_0_3_node_243,24,0.09420289855072464,0.0008687994145583076,0.4186923721709975,2.3883883883883885,0.02669193538539383,9.006,14.994,0.6007384615384613,0.62475,0.1266245046291516,0.01701155450708189,0.4542961038961037,0.45478772682386864,0.07601456988712547
graph_04_mu_0_3_node_244,23,0.22924901185770752,0.0005409826176007982,0.4000800961153384,2.4994994994994997,0.027111692953109397,16.006,6.994,2.289219047619047,0.3040869565217391,0.05906862516741917,0.00793496543754319,0.17931169480925574,0.17954117944840045,0.135116935378789
graph_04_mu_0_3_node_245,32,0.11491935483870967,0.0013997114017246794,0.42080876158382474,2.3763763763763763,0.024155512196970697,15.117,16.883,0.8983257056668824,0.52759375,0.4810123835477988,0.01756268321964656,0.35852158054711253,0.35907532648311735,0.42575046070664835
graph_04_mu_0_3_node_246,33,0.12473118279569892,0.0015419416961092575,0.4238438693254137,2.359359359359359,0.02476825185107675,17.014,15.986,1.0646848901098902,0.4844242424242422,0.4293988641005464,0.01661393532346981,0.3196493151958413,0.3201737220423656,0.4296136666326972
graph_04_mu_0_3_node_247,23,0.233201581027668,0.0005300412148705454,0.3920722135007849,2.5505505505505504,0.021412138307437736,14.021,8.979,1.5626289682539687,0.3903913043478261,0.16108521036900014,0.009520624496288021,0.24256289893132005,0.24285745707023584,0.25089288649028524
graph_04_mu_0_3_node_248,39,0.09716599190283401,0.0018137377878367318,0.4296774193548387,2.3273273273273274,0.033795963668753794,24.025,14.975,1.604671428571429,0.38397435897435905,0.12919166278398006,0.016945219804545438,0.2376122023809524,0.2381036866524401,0.19853321740679636
graph_04_mu_0_3_node_249,23,0.16600790513833993,0.0006061769565844004,0.384526558891455,2.6006006006006004,0.013863812470745763,13.009,9.991,1.302491666666667,0.4343913043478262,0.26837588958806313,0.010383310154505424,0.2774724197882092,0.2778001442316138,0.348980507277047
graph_04_mu_0_3_node_250,19,0.23976608187134502,0.00037089147566549986,0.40428976123027116,2.4734734734734736,0.02220763036860226,12.016,6.984,1.7220666666666666,0.36757894736842095,0.12529253020196038,0.007405366437782074,0.22520051319648085,0.22542960976390686,0.21515055765641886
graph_04_mu_0_3_node_251,17,0.14705882352941177,0.00036447535489826487,0.3778366111951589,2.6466466466466465,0.011819850338287696,9.01,7.99,1.1282380952380955,0.4700000000000001,0.18457313489267946,0.008355470437509397,0.30721489621489617,0.30747693237173657,0.20781747699547257
graph_04_mu_0_3_node_252,21,0.17142857142857143,0.0006258523895379117,0.39176470588235296,2.5525525525525525,0.013836672411696543,10.01,10.99,0.911042424242424,0.5233333333333332,0.5663796715173283,0.01121894247367504,0.3544178885630498,0.3547782994653121,0.5151295865671776
graph_04_mu_0_3_node_253,22,0.17316017316017315,0.0005271780777554878,0.4167709637046308,2.3993993993993996,0.028437848979496874,9.0,13.0,0.6923076923076923,0.5909090909090909,0.11369346437091296,0.014680405871697907,0.4193548387096773,0.41978111014621233,0.07871085994909363
graph_04_mu_0_3_node_254,21,0.1619047619047619,0.000423022936039832,0.4215189873417722,2.3723723723723724,0.028009209548379,12.004,8.996,1.334583333333333,0.4283809523809524,0.07597404940642857,0.010206327376862478,0.2725796791443849,0.2728747558312517,0.10135099703210025
graph_04_mu_0_3_node_255,18,0.0784313725490196,0.0004303011648873421,0.4060975609756098,2.4624624624624625,0.019542193472142914,9.004,8.996,1.001,0.49977777777777777,0.07868613467436836,0.010158584396775179,0.3331428571428571,0.33343787577495543,0.07871085994909363
graph_04_mu_0_3_node_256,20,0.16842105263157894,0.0005247860614633902,0.38057142857142856,2.6276276276276276,0.012225140031517857,12.0,8.0,1.5000793650793651,0.4000000000000001,0.21475295952313775,0.008315134994809945,0.25000244379276637,0.25026485932131526,0.32211653885180624
graph_04_mu_0_3_node_257,19,0.11695906432748537,0.0004667214643171015,0.4004008016032064,2.4974974974974975,0.019827224099118017,10.001,8.999,1.111375,0.4736315789473685,0.0787029859333456,0.01016221243580319,0.31030114942528747,0.31059628572082354,0.07871085994909363
graph_04_mu_0_3_node_258,39,0.07692307692307693,0.002086956921664676,0.43989431968295906,2.2732732732732734,0.0354500899498166,21.005,17.995,1.1673198529411766,0.4614102564102565,0.15738665104663951,0.020320879506329055,0.29989413008989946,0.3004845562389561,0.17493339769595145
graph_04_mu_0_3_node_259,25,0.18666666666666668,0.0007212082813477673,0.42098609355246525,2.3753753753753752,0.030375605963697636,15.006,9.994,1.501875,0.3997600000000001,0.09476399881548375,0.011175903817479979,0.24982142857142856,0.2501492943520542,0.14223974822322555
graph_04_mu_0_3_node_260,32,0.0896551724137931,0.0012837212568907002,0.42619453924914674,2.3463463463463463,0.02886109816257304,14.015,17.985,0.7795014005602243,0.56203125,0.4153805211914431,0.018808078560874023,0.39087358618563056,0.3914634137774409,0.3002020576513561
graph_04_mu_0_3_node_261,23,0.15810276679841898,0.0005763820838309327,0.4070904645476773,2.4564564564564564,0.02344011002463719,15.005,7.995,1.8770535714285717,0.3476086956521738,0.0689666711525255,0.009046943073598431,0.21037112010796216,0.21063342337060062,0.12936508428583274
graph_04_mu_0_3_node_262,30,0.19310344827586207,0.0008598751606112624,0.40428976123027116,2.4734734734734736,0.027353018883306122,19.015,10.985,1.7316893939393936,0.36616666666666653,0.19697707484473587,0.011648530889001488,0.22412719549358204,0.22448765533883086,0.34047759256935467
graph_04_mu_0_3_node_263,28,0.1402116402116402,0.0009201862917115201,0.4128099173553719,2.4224224224224224,0.027640909436480614,19.006,8.994,2.1134444444444442,0.3212142857142858,0.06796737198990366,0.010367070750867815,0.19134042553191483,0.1916355722101533,0.14356379464851016
graph_04_mu_0_3_node_264,22,0.15584415584415584,0.0006745680052916024,0.4188679245283019,2.3873873873873874,0.02604309685745144,12.027,9.973,1.206905555555555,0.4533181818181816,0.08607375320087604,0.011284107028171605,0.29312959850606907,0.2934567115646523,0.10361016827305343
graph_04_mu_0_3_node_265,37,0.1495798319327731,0.001538328859360453,0.40842191332788225,2.4484484484484486,0.020737835140982725,23.995,13.005,1.8452051282051285,0.3514864864864866,0.36006746649974486,0.013495460768946088,0.21321715141900227,0.2136440064659255,0.6365662516808088
graph_04_mu_0_3_node_266,21,0.14619883040935672,0.0007211607873723357,0.3953304313415117,2.5295295295295297,0.013832186500543523,11.008,9.992,1.1020416666666666,0.47580952380952385,0.310507021574977,0.010329284020975516,0.3121888368983957,0.3125165511160092,0.3106295052034029
graph_04_mu_0_3_node_267,33,0.1571969696969697,0.0011241380811527653,0.4188679245283019,2.3873873873873874,0.034520136894014376,23.015,9.985,2.3058666666666667,0.3025757575757576,0.09470280765111319,0.011165249408963893,0.17826413015296858,0.17859187296487683,0.2181330475308923
graph_04_mu_0_3_node_268,18,0.13071895424836602,0.0003904854431271327,0.40314769975786924,2.4804804804804803,0.02122790609455783,10.005,7.995,1.2516071428571427,0.4441666666666669,0.0689666711525255,0.009046943073598431,0.2854926108374384,0.2857548280707638,0.08624338952388849
graph_04_mu_0_3_node_269,50,0.10448979591836735,0.0026594290561437984,0.44380275433140826,2.2532532532532534,0.047052759892891566,30.015,19.985,1.5022263071895425,0.39970000000000006,0.18951955680377666,0.022347680164315775,0.24977444621692343,0.2504305103270911,0.28445104640550106
graph_04_mu_0_3_node_270,26,0.10153846153846154,0.000909159679626116,0.4190436241610738,2.3863863863863863,0.025985865416836996,14.009,11.991,1.1687348484848485,0.4611923076923078,0.10343612110178968,0.013568674446442863,0.29972328159645223,0.3001166099623606,0.12075892715162574
graph_04_mu_0_3_node_271,18,0.12418300653594772,0.00047480737901363753,0.39753282928770395,2.5155155155155153,0.019109701867208586,10.006,7.994,1.2519285714285713,0.44411111111111123,0.06992257231653416,0.009027109143715017,0.2854482758620689,0.2857104603203474,0.07876683656400642
graph_04_mu_0_3_node_272,21,0.0761904761904762,0.0007955086377894913,0.4157303370786517,2.4054054054054053,0.020886261930201547,9.01,11.99,0.75175,0.5709523809523808,0.10487961904832772,0.013539419678951002,0.39956250000000004,0.3999556666395362,0.07004622357358965
graph_04_mu_0_3_node_273,43,0.12956810631229235,0.0023092861839135027,0.4467799642218247,2.2382382382382384,0.04380124215648209,24.034,18.966,1.2678282464740285,0.4410697674418604,0.17988587139161813,0.021207717268733356,0.28295376720118914,0.2835761560483926,0.22770847325968221
graph_04_mu_0_3_node_274,20,0.1,0.0006253050238676791,0.42045454545454547,2.3783783783783785,0.022191534068341127,10.026,9.974,1.0057777777777779,0.4986999999999999,0.08607161033727807,0.011285650707690362,0.33221505376344085,0.33254215670928566,0.0777673347460702
graph_04_mu_0_3_node_275,29,0.07142857142857142,0.000993372820824088,0.4276541095890411,2.3383383383383385,0.028602518228822395,13.016,15.984,0.814592673992674,0.5511724137931036,0.12080201820219731,0.01842380267706607,0.3804515789120441,0.38097578269816257,0.09831039324095311
graph_04_mu_0_3_node_276,27,0.09401709401709402,0.001055491046248674,0.4215189873417722,2.3723723723723724,0.02602163335650842,14.002,12.998,1.0772692307692309,0.48140740740740756,0.09821642411431063,0.01498259564362204,0.31701045296167246,0.3174367986946699,0.10579025894478611
graph_04_mu_0_3_node_277,30,0.08735632183908046,0.0013381068842517256,0.42169691853102576,2.3713713713713713,0.02850179658065509,13.016,16.984,0.7666743697478993,0.5661333333333333,0.14651837956060418,0.019218458269194286,0.39485939271379095,0.3954163737466156,0.11217513610428466
graph_04_mu_0_3_node_278,34,0.19964349376114082,0.0011923995218764314,0.4263764404609475,2.3453453453453452,0.034551790525483836,21.031,12.969,1.6229137529137534,0.3814411764705883,0.23270481619350908,0.01375074204908935,0.23569296438588633,0.23611855533804949,0.3763490967038897
graph_04_mu_0_3_node_279,28,0.1693121693121693,0.0008745303079098209,0.42169691853102576,2.3713713713713713,0.03199730301734785,17.007,10.993,1.5474272727272729,0.3926071428571429,0.10423587719518622,0.012292928739563138,0.24425845410628017,0.24461912887581022,0.16119922857907734
graph_04_mu_0_3_node_280,28,0.21164021164021163,0.0007771354373555192,0.4018503620273532,2.4884884884884886,0.02602104818374566,18.014,9.986,1.8046666666666673,0.35664285714285704,0.17910006897379765,0.010588597315106365,0.21703299414122731,0.21736066219535052,0.32257056725656363
graph_04_mu_0_3_node_281,38,0.1891891891891892,0.0021218079251141154,0.42912371134020616,2.33033033033033,0.026427236984602243,21.01,16.99,1.236820135746606,0.44710526315789484,0.6011440168076483,0.01749991964847439,0.2879249932741459,0.28848246331946875,0.7427669153637377
graph_04_mu_0_3_node_282,71,0.08249496981891348,0.005848031776412442,0.472117202268431,2.118118118118118,0.05989678534073749,45.016,25.984,1.7326309030100329,0.3659718309859156,0.2272847195651487,0.029341825058213054,0.22397263768460515,0.2248263086573353,0.39362847556964387
graph_04_mu_0_3_node_283,29,0.1625615763546798,0.0008146505278858504,0.4153846153846154,2.4074074074074074,0.03156145722829843,20.007,8.993,2.2257206349206347,0.3101034482758621,0.08529247292112475,0.010055810785381102,0.18351338781666515,0.1838085210362275,0.1896228236847281
graph_04_mu_0_3_node_284,21,0.09523809523809523,0.0005464277712436384,0.4079216006533279,2.4514514514514514,0.023413384673186138,12.022,8.978,1.3397499999999998,0.4275238095238096,0.07747745471507259,0.010158579077986417,0.2719037433155079,0.2721982300580724,0.09498128386611909
graph_04_mu_0_3_node_285,17,0.13970588235294118,0.00040394966060867374,0.41590341382181517,2.4044044044044046,0.02138103697080449,10.002,6.998,1.4293809523809518,0.41164705882352953,0.0528800900246613,0.008066454985775138,0.2591693121693121,0.25939883761064736,0.07555989192026852
graph_04_mu_0_3_node_286,34,0.1622103386809269,0.0013552381652947286,0.4206315789473684,2.3773773773773774,0.026748765922730032,18.007,15.993,1.1260523809523808,0.47038235294117653,0.36928122184658296,0.016725473033376525,0.3075223351072407,0.30804700572416965,0.4155189315459661
graph_04_mu_0_3_node_287,21,0.10952380952380952,0.0006689168490276266,0.4059325477448192,2.4634634634634636,0.021748831054088376,9.012,11.988,0.7520681818181818,0.5708571428571426,0.10486771428642297,0.013537015832797155,0.3994721774193549,0.3998652785474939,0.07872368046191414
graph_04_mu_0_3_node_288,25,0.13666666666666666,0.0009093788014562977,0.40396279822078446,2.4754754754754753,0.019558280938478986,11.005,13.995,0.7864239926739929,0.5598000000000003,0.38752589140816995,0.014522558837552067,0.3887031768610717,0.3891621198071849,0.30458085732832557
graph_04_mu_0_3_node_289,28,0.1693121693121693,0.0008713219412682994,0.41366459627329194,2.4174174174174174,0.03119039341808075,18.012,9.988,1.803888888888889,0.3567142857142856,0.08436668535402442,0.011331462012200864,0.21708263953129825,0.21741037316559672,0.15202065726576844
graph_04_mu_0_3_node_290,21,0.1619047619047619,0.0004844923495073596,0.3925343811394892,2.5475475475475475,0.016291617621628895,13.004,7.996,1.626625,0.3807619047619048,0.18462789091279194,0.008362301252116322,0.23515490196078434,0.2354172035799644,0.30010909798071717
graph_04_mu_0_3_node_291,18,0.19607843137254902,0.00036236636805649986,0.39470564994073487,2.5335335335335336,0.02208427428697128,12.006,5.994,2.0036,0.33299999999999996,0.05684042356176416,0.006702735456800847,0.1997677419354839,0.19996436977148493,0.1137617985785805
graph_04_mu_0_3_node_292,68,0.0961369622475856,0.005603760049058879,0.47435897435897434,2.108108108108108,0.06235379359001666,46.009,21.991,2.092248484848484,0.3233970588235294,0.19234143338434173,0.024833241334728924,0.19288927115389673,0.19361189925710215,0.40235608502983106
graph_04_mu_0_3_node_293,70,0.06873706004140787,0.006786652030942448,0.4844810863239573,2.064064064064064,0.061420212152514905,36.062,33.938,1.0628112421654878,0.48482857142857144,0.2928115773195691,0.03840232903773065,0.31999623331753324,0.3211102759781354,0.31070917509847074
graph_04_mu_0_3_node_294,20,0.09473684210526316,0.0005801761339275371,0.38886726352666406,2.5715715715715715,0.013016024439895461,9.01,10.99,0.8201767676767676,0.5495,0.29518386641020256,0.011422011588238554,0.378862161661105,0.3792225489066268,0.24163534672258674
graph_04_mu_0_3_node_295,23,0.11857707509881422,0.0007613005171616796,0.41195876288659794,2.4274274274274275,0.020297377951916027,10.007,12.993,0.7703432400932404,0.5649130434782608,0.35982298187045014,0.013482588748651275,0.39365943468296405,0.39408550478215365,0.27691522696712567
graph_04_mu_0_3_node_296,19,0.15789473684210525,0.00042410547971782995,0.4167709637046308,2.3993993993993996,0.025406738965663738,10.011,8.989,1.1140892857142854,0.4731052631578948,0.07755173586564008,0.010171450600738275,0.30986718576195776,0.3101619943435877,0.08628273220177607
graph_04_mu_0_3_node_297,25,0.12666666666666668,0.0006904801936917592,0.39658594680428744,2.5215215215215214,0.018754580272814975,14.014,10.986,1.2763997113997116,0.43944000000000016,0.25379621623988263,0.011488329145444712,0.2816146356007388,0.2819750099555063,0.32323355878752363
graph_04_mu_0_3_node_298,22,0.0735930735930736,0.0008570462274049205,0.4143508917461634,2.4134134134134135,0.01976618282559548,6.004,15.996,0.3753666666666667,0.727090909090909,0.4429043631474013,0.016599101206569853,0.5712118226600984,0.5717361787179582,0.1661056196967589
graph_04_mu_0_3_node_299,47,0.06868686868686869,0.0028965528608851736,0.4510158013544018,2.2172172172172173,0.042778414766470735,25.003,21.997,1.1366790043290045,0.4680212765957449,0.19238423422991652,0.02484023713277672,0.3055023859475914,0.3062242145886001,0.20991571662100633
graph_04_mu_0_3_node_300,25,0.1383399209486166,0.0007393518660170208,0.4023358840112767,2.4854854854854853,0.018578280795952182,15.009,9.991,1.5028075396825396,0.3996400000000001,0.2307421654199268,0.01044846116158628,0.24973131566863838,0.25005908311125497,0.3232572504583694
graph_04_mu_0_3_node_301,22,0.19047619047619047,0.0005658442496568159,0.41060419235511714,2.4354354354354353,0.026449787680083995,13.008,8.992,1.4469761904761902,0.4087272727272728,0.08526957539242687,0.010055195615535691,0.25686537966537965,0.2571603446023027,0.12328917654709186
graph_04_mu_0_3_node_302,39,0.1241565452091768,0.0016763503620707367,0.43567378979502835,2.295295295295295,0.03908013159485026,24.006,14.994,1.6011142857142862,0.3844615384615386,0.13114236892100398,0.016931921633433093,0.23797916666666669,0.23847127366957174,0.20119237308628016
graph_04_mu_0_3_node_303,16,0.125,0.0003147185517911571,0.3909980430528376,2.5575575575575575,0.01825609680900007,9.002,6.998,1.2864761904761908,0.437375,0.05909495875462529,0.007939731472129863,0.27990153846153865,0.28013104884758,0.07599644847365522
graph_04_mu_0_3_node_304,19,0.08771929824561403,0.0005766707537625724,0.3948616600790514,2.5325325325325325,0.014984770985862832,7.008,11.992,0.584609595959596,0.6311578947368421,0.32207272629122247,0.012463295863204493,0.46112047913772064,0.46151365972363334,0.18792864249912736
graph_04_mu_0_3_node_305,30,0.11724137931034483,0.0012672651111898684,0.4347258485639687,2.3003003003003,0.030906755701979025,16.015,13.985,1.14532967032967,0.46616666666666673,0.10568410139173347,0.016119998119636273,0.30393154486586493,0.3043903107493541,0.12091282230819686
graph_04_mu_0_3_node_306,41,0.09986504723346828,0.001961851888019462,0.41764214046822745,2.3943943943943946,0.02530238523401058,24.001,16.999,1.412092973856209,0.4146097560975611,0.47075179904483705,0.01763960693718555,0.2615252402758933,0.2620831149636114,0.6366189989335561
graph_04_mu_0_3_node_307,26,0.14153846153846153,0.0008114040607336711,0.41957160856782866,2.3833833833833835,0.030238816182380123,13.01,12.99,1.0016666666666667,0.49961538461538463,0.10970792500320294,0.014737747215246294,0.33299999999999996,0.33342605568594247,0.10977264779527976
graph_04_mu_0_3_node_308,24,0.19047619047619047,0.0005891660057936395,0.41555740432612315,2.4064064064064064,0.02891306494799814,14.006,9.994,1.4026666666666663,0.41641666666666677,0.09477091177683218,0.011175478386892911,0.2629786272479051,0.26330647147265623,0.1232725354987804
graph_04_mu_0_3_node_309,22,0.08658008658008658,0.0007014027881776685,0.3919183993723029,2.5515515515515514,0.017430684490868095,14.006,7.994,1.7523571428571427,0.3633636363636364,0.06041117053773077,0.00921438319659751,0.22202402402402407,0.2222862772926414,0.09822785949634903
graph_04_mu_0_3_node_310,25,0.15666666666666668,0.0006411254844334014,0.4104354971240756,2.4364364364364364,0.028746201306309397,15.006,9.994,1.5022916666666668,0.3997600000000001,0.09477438988837483,0.011175341183883926,0.24982683982683984,0.2501547055816456,0.14222935715033447
graph_04_mu_0_3_node_311,26,0.09420289855072464,0.0009023235308601266,0.39800796812749006,2.5125125125125125,0.016081126196991008,15.012,10.988,1.3665252525252525,0.4226153846153846,0.4027757384947738,0.01130623700679464,0.26793171812116806,0.2682921817111803,0.5129231361949111
graph_04_mu_0_3_node_312,35,0.17045454545454544,0.0013458164285517543,0.4274711168164313,2.339339339339339,0.028098978406014975,21.013,13.987,1.5026282051282052,0.3996285714285715,0.32303795021092496,0.014627261797963366,0.24971793708408951,0.2501769190310629,0.4617945556166613
graph_04_mu_0_3_node_313,97,0.10862262038073908,0.009326643597549466,0.4918759231905465,2.033033033033033,0.09306612792688544,66.027,30.973,2.1322151983142303,0.31930927835051537,0.2937321820424815,0.03463435930024507,0.18999208310322435,0.19101090060539225,0.616362206586162
graph_04_mu_0_3_node_314,96,0.07960526315789473,0.009526882543585248,0.4889867841409692,2.045045045045045,0.08321691019127929,63.03,32.97,1.91218626663659,0.3434375,0.31267134624630216,0.036867270071472294,0.20732547629034162,0.208409697556516,0.5973709421270617
graph_04_mu_0_3_node_315,34,0.11764705882352941,0.0013913816600594963,0.4410596026490066,2.2672672672672673,0.03751542088309117,20.004,13.996,1.429420579420579,0.41164705882352953,0.10576236305508119,0.01613279329681266,0.25917008683324466,0.2596293336021527,0.15114126947383166
graph_04_mu_0_3_node_316,23,0.14624505928853754,0.0005935395452928081,0.41400745959386653,2.4154154154154153,0.025012565739824105,13.058,9.942,1.3187650793650796,0.4322608695652174,0.08586111496275486,0.01124780953815695,0.2758704088704088,0.27619652711325304,0.11249413548764327
graph_04_mu_0_3_node_317,28,0.10317460317460317,0.0010309483074251102,0.41957160856782866,2.3833833833833835,0.02919962699798936,14.008,13.992,1.0012564102564103,0.4997142857142857,0.13267040670025065,0.015646712361323815,0.33308668076109926,0.3335456157531604,0.13276478097409478
graph_04_mu_0_3_node_318,21,0.10476190476190476,0.0006524494629904157,0.4171189979123173,2.3973973973973974,0.024752918185916177,9.009,11.991,0.7516704545454546,0.5709999999999997,0.10343933463514397,0.013568593888008806,0.39960948766603427,0.40000268705481545,0.07764381133704992
graph_04_mu_0_3_node_319,22,0.17316017316017315,0.0006904770675613342,0.4049452776651804,2.4694694694694697,0.02426077322577694,13.005,8.995,1.4462777777777773,0.4088636363636364,0.06797616709494693,0.01036813016016221,0.25697376775271513,0.2572688310083027,0.09824293487323345
graph_04_mu_0_3_node_320,47,0.11193339500462535,0.002255411978643737,0.43624454148471614,2.2922922922922924,0.04357444172948144,31.016,15.984,1.9410173701298699,0.3400851063829786,0.1515786198605555,0.017873666367003774,0.20488818575177054,0.20541300915202412,0.2939448775916206
graph_04_mu_0_3_node_321,63,0.08633879781420765,0.004286228818146205,0.45491803278688525,2.1981981981981984,0.05554989416511743,40.025,22.975,1.7424420740586648,0.36468253968253955,0.2178719635868863,0.02569145532017878,0.2230104614373219,0.22376510262812935,0.369897329069113
graph_04_mu_0_3_node_322,23,0.08300395256916997,0.0009135875712460834,0.4065934065934066,2.4594594594594597,0.016998927840663564,9.018,13.982,0.6454286546786547,0.607913043478261,0.5126193380320384,0.014386173913905138,0.436748341609371,0.4372067985726195,0.3297516553875341
graph_04_mu_0_3_node_323,39,0.09041835357624832,0.0019088451320239902,0.444,2.2522522522522523,0.03863871395981675,21.023,17.977,1.1695980392156864,0.460948717948718,0.15508992633920382,0.020342076419948996,0.29950983606557374,0.3000996726195002,0.1812292188445531
graph_04_mu_0_3_node_324,36,0.11051693404634581,0.002090266547472409,0.43097497842968074,2.32032032032032,0.02699104461645837,15.011,20.989,0.715442857142857,0.5830277777777778,0.5734401468622734,0.021795383204086166,0.41148545572074996,0.41217377821171247,0.38241752589861766
graph_04_mu_0_3_node_325,18,0.16993464052287582,0.00039060033478335073,0.4013660104459622,2.4914914914914914,0.024128807642051397,12.004,5.996,2.0024,0.3331111111111111,0.05063576163704555,0.006802847207548149,0.19984516129032262,0.20004185470222513,0.10133564021839472
graph_04_mu_0_3_node_326,19,0.18128654970760233,0.0005678757381709709,0.38962558502340094,2.5665665665665665,0.012863404542347164,10.006,8.994,1.1126944444444444,0.47336842105263166,0.2825300937410425,0.009296457413390776,0.31008275862068974,0.31037773106249766,0.3139730358505391
graph_04_mu_0_3_node_327,116,0.08290638099673964,0.013922063676109498,0.5030211480362538,1.987987987987988,0.10047838928822782,78.034,37.966,2.0556886589511985,0.32729310344827584,0.36003380158321713,0.04245465342391563,0.19567078744742714,0.19692033044953933,0.7301834347948454
graph_04_mu_0_3_node_328,55,0.1744107744107744,0.002964615924543466,0.4377738825591586,2.284284284284284,0.048018142981864013,34.038,20.962,1.6245366725637627,0.38112727272727276,0.37603747681729854,0.022226037687676503,0.2354436446854698,0.23613194112244185,0.6093152223122379
graph_04_mu_0_3_node_329,26,0.11692307692307692,0.0009353849669650934,0.42619453924914674,2.3463463463463463,0.027493762549559406,16.005,9.995,1.601444444444445,0.38442307692307703,0.07552977143834079,0.011520950117083036,0.23795127353266893,0.23827919362550254,0.12089582707242955
graph_04_mu_0_3_node_330,25,0.11,0.0008106742799781723,0.4074225122349103,2.4544544544544546,0.025999162797646604,14.003,10.997,1.273459595959596,0.43988000000000016,0.09286705661697596,0.012476766880272543,0.2819566916823014,0.2823174265603036,0.11821669762568587
graph_04_mu_0_3_node_331,21,0.08571428571428572,0.0008011838653297226,0.4046172539489672,2.4714714714714714,0.018511041066614223,9.015,11.985,0.7524818181818183,0.5707142857142855,0.0905734395171174,0.013814553791429734,0.3993310483870969,0.39972405126103167,0.0680446768108709
graph_04_mu_0_3_node_332,36,0.11428571428571428,0.0017432272567985342,0.43586387434554974,2.294294294294294,0.03512469851432659,20.015,15.985,1.2525483516483515,0.4440277777777779,0.13790123485281966,0.018087988977463935,0.285385893137285,0.28591037045184386,0.1725514724211391
graph_04_mu_0_3_node_333,26,0.13768115942028986,0.000897925685663072,0.39753282928770395,2.5155155155155153,0.01696147137722333,13.007,12.993,1.0013272727272728,0.4997307692307692,0.3549843621289411,0.01349218892168901,0.3331080139372822,0.33353416787093176,0.3277711184145528
graph_04_mu_0_3_node_334,24,0.2644927536231884,0.0004321024892072355,0.39548693586698336,2.5285285285285286,0.02495737836143796,16.02,7.98,2.0094285714285713,0.33249999999999996,0.14320742241214315,0.008460684509981326,0.19942299651567946,0.19968482513308192,0.28675711314819285
graph_04_mu_0_3_node_335,34,0.11051693404634581,0.001809367510385506,0.42348452734209413,2.3613613613613613,0.0324732339425914,19.009,14.991,1.2681891941391936,0.44091176470588256,0.14214762176783022,0.016763693515283472,0.28280772309451563,0.28329957032747743,0.18012236698018824
graph_04_mu_0_3_node_336,25,0.1,0.0008926589554628256,0.43302990897269183,2.309309309309309,0.030134121400172558,12.018,12.982,0.9262791375291377,0.5192799999999997,0.1231255257629058,0.014516567644575066,0.35072906408432736,0.35115482969674516,0.113822553083085
graph_04_mu_0_3_node_337,22,0.1038961038961039,0.0006290307872036566,0.4104354971240756,2.4364364364364364,0.02308665186319895,10.012,11.988,0.835577777777778,0.5449090909090907,0.11369411839840032,0.01340494093497662,0.3745169467787115,0.3749100736761759,0.09483687453210946
graph_04_mu_0_3_node_338,24,0.13768115942028986,0.0008761370992779637,0.41764214046822745,2.3943943943943946,0.027177494460395225,11.012,12.988,0.8480000000000001,0.5411666666666668,0.1231572990037892,0.014523895339921196,0.37097142857142873,0.37139736285695585,0.1043408744245582
graph_04_mu_0_3_node_339,22,0.12554112554112554,0.000658072447819458,0.42080876158382474,2.3763763763763763,0.027985790864551285,13.01,8.99,1.4476746031746028,0.4086363636363637,0.08525907528702185,0.010052634421393402,0.256797425997426,0.2570923253735158,0.12325554387372427
graph_04_mu_0_3_node_340,20,0.10526315789473684,0.0005610000146378034,0.39238020424194814,2.5485485485485486,0.014651927056624907,7.015,12.985,0.5404545454545455,0.64925,0.6693318049702377,0.013255042714911854,0.4806987775953294,0.4811245019032703,0.36060676168444517
graph_04_mu_0_3_node_341,33,0.125,0.0013345203503881615,0.4389279437609842,2.2782782782782784,0.039142252413977445,17.022,15.978,1.0658196428571427,0.48418181818181794,0.15154232767003828,0.017866552428427107,0.31944430367018606,0.31996844845850114,0.16125309273448196
graph_04_mu_0_3_node_342,19,0.18128654970760233,0.00042941711827446376,0.4215189873417722,2.3723723723723724,0.024792899085993,10.003,8.997,1.1119027777777777,0.47352631578947374,0.06798672081513209,0.010370614037659012,0.3102137931034483,0.3105088638574932,0.07557172623979513
graph_04_mu_0_3_node_343,21,0.12857142857142856,0.0006670143109388339,0.39753282928770395,2.5155155155155153,0.015727061786168593,10.0,11.0,0.9090909090909087,0.5238095238095238,0.30452696944405794,0.011414921842908158,0.3548387096774193,0.35519944820757393,0.27684269949459817
graph_04_mu_0_3_node_344,25,0.14666666666666667,0.0008196157547310279,0.4020120724346076,2.4874874874874875,0.02157982925432859,14.012,10.988,1.2755555555555556,0.4395200000000002,0.16057946096307812,0.011799094479451433,0.2816697936210131,0.28203023355596213,0.20464820209917614
graph_04_mu_0_3_node_345,19,0.05263157894736842,0.0005459647824271664,0.4023358840112767,2.4854854854854853,0.017036409104429304,5.004,13.996,0.35760219780219776,0.7366315789473682,0.10583981465047024,0.016130703886572745,0.5830965217391304,0.5835553168786116,0.015324205961810021
graph_04_mu_0_3_node_346,19,0.1286549707602339,0.00040775204177108577,0.4028225806451613,2.4824824824824825,0.022654825964931454,11.005,7.995,1.376809523809524,0.4207894736842104,0.06752174884057298,0.00907061270292404,0.2664649193548387,0.26672715378306017,0.09290059939699762
graph_04_mu_0_3_node_347,22,0.12554112554112554,0.0007747490134479476,0.4062627084180561,2.4614614614614614,0.020260466000493662,13.01,8.99,1.4474999999999996,0.40863636363636363,0.07863839592586647,0.010151745962122864,0.2567936507936508,0.25708855018264537,0.11371422139166998
graph_04_mu_0_3_node_348,28,0.082010582010582,0.001084731310452035,0.4109419991772933,2.4334334334334335,0.023269789322729783,17.005,10.995,1.546727272727273,0.39267857142857154,0.09617039463175692,0.012415942875870898,0.24430917874396135,0.24466991908721103,0.13993745994079865
graph_04_mu_0_3_node_349,24,0.09420289855072464,0.0007148477973922761,0.44183989385227773,2.2632632632632634,0.03136428182020532,10.008,13.992,0.7153846153846152,0.583,0.13267853701418134,0.015646384031117434,0.4114464985994399,0.4119053131927895,0.09483834873358367
graph_04_mu_0_3_node_350,24,0.17391304347826086,0.000796660929055585,0.4167709637046308,2.3993993993993996,0.030640817019052406,14.007,9.993,1.401933333333333,0.4163750000000001,0.09475445610698668,0.011174651016197747,0.26293279352226717,0.2632606050300711,0.13273110735068622
graph_04_mu_0_3_node_351,16,0.1,0.0004056352658098329,0.4007220216606498,2.4954954954954953,0.018529149962500883,7.003,8.997,0.7785079365079367,0.5623125,0.07760276541780445,0.010180951044495663,0.3911350724637681,0.39143008515893474,0.06037037266672196
graph_04_mu_0_3_node_352,18,0.09803921568627451,0.00040718127503476634,0.40842191332788225,2.4484484484484486,0.020591927817452407,8.013,9.987,0.8028000000000001,0.5548333333333333,0.08616388201729121,0.011300716362407755,0.3839633699633701,0.3842908558869138,0.060417362690801765
graph_04_mu_0_3_node_353,25,0.25,0.0005816773382360412,0.39880239520958083,2.5075075075075075,0.024692209776864902,17.016,7.984,2.1325892857142854,0.31936000000000003,0.1432327702183568,0.008465420293558864,0.1900369978858351,0.19029897486561645,0.3046727530480059
graph_04_mu_0_3_node_354,14,0.07692307692307693,0.00028330100927450794,0.3875096974398759,2.5805805805805804,0.014316601919543663,6.003,7.997,0.75075,0.5712142857142856,0.06994543006598597,0.009030546599518739,0.39980000000000004,0.40006221398340586,0.03499450918372414
graph_04_mu_0_3_node_355,21,0.2714285714285714,0.00038162342522833674,0.40758873929008566,2.4534534534534536,0.025240885561974305,12.011,8.989,1.3367916666666666,0.428047619047619,0.13137849988645273,0.009652394224241237,0.2723219251336897,0.27261677238236026,0.1753919037525075
graph_04_mu_0_3_node_356,30,0.12183908045977011,0.001079303927321906,0.40379951495553756,2.4764764764764764,0.020320103508177822,17.078,12.922,1.3249067599067599,0.4307333333333335,0.3678888460939276,0.013444353650255512,0.2745781078388802,0.27500204673561257,0.4820658058507231
graph_04_mu_0_3_node_357,17,0.11764705882352941,0.00040006241843724895,0.39595719381688466,2.5255255255255253,0.018751296901253538,8.008,8.992,0.8909126984126988,0.5289411764705881,0.07865472602453866,0.0101540142023104,0.3595892877492877,0.3598841559540249,0.06127569166273888
graph_04_mu_0_3_node_358,30,0.17471264367816092,0.0010026207440283414,0.41625,2.4024024024024024,0.02881356003080504,16.02,13.98,1.1464340659340657,0.4660000000000001,0.20435459347719956,0.015011122448069259,0.3038029139685477,0.30426151598337425,0.23385797861627897
graph_04_mu_0_3_node_359,21,0.07142857142857142,0.000541467328149061,0.4190436241610738,2.3863863863863863,0.026618107653858015,8.009,12.991,0.6166206293706291,0.6186190476190474,0.10971758615469179,0.01473875748126159,0.4478444938820911,0.44827044261574855,0.06760295577933256
graph_04_mu_0_3_node_360,36,0.10952380952380952,0.0016736260435055625,0.42241014799154336,2.3673673673673674,0.0313379273586856,18.008,17.992,1.0010029411764705,0.49977777777777777,0.26289882649516444,0.019320104973535347,0.33314281157439046,0.3337330232460608,0.26298690591057017
graph_04_mu_0_3_node_361,41,0.11951219512195121,0.002078528404425189,0.44008810572687224,2.2722722722722724,0.03697482694729056,24.05,16.95,1.4196115546218484,0.4134146341463416,0.1462691123973567,0.019178994642074572,0.2605912588435854,0.2611475279460599,0.20727567529533206
graph_04_mu_0_3_node_362,31,0.1032258064516129,0.0010660557069244582,0.4233050847457627,2.3623623623623624,0.03243073346019627,16.027,14.973,1.070765934065934,0.4830000000000002,0.12919544796282031,0.016942260687752494,0.3184125235200463,0.31890368429483246,0.13803641326230148
graph_04_mu_0_3_node_363,42,0.16260162601626016,0.002052994032477348,0.4467799642218247,2.2382382382382384,0.040994648806626365,25.023,16.977,1.4742838235294113,0.4042142857142858,0.24813009396650998,0.018229831610129466,0.2533110279803031,0.2538682183987798,0.3654238085495057
graph_04_mu_0_3_node_364,25,0.11666666666666667,0.0008790498658847966,0.4238438693254137,2.359359359359359,0.027688295391214618,11.043,13.957,0.7920621045621048,0.5582800000000002,0.12044878549935646,0.015792324562553375,0.38731216033847626,0.38776985861569074,0.09515249406576051
graph_04_mu_0_3_node_365,23,0.07509881422924901,0.0006475632368015005,0.40104375752709753,2.4934934934934936,0.021901291876748274,13.007,9.993,1.301916666666667,0.43447826086956526,0.08439934792738572,0.011337365105441794,0.2775396712501976,0.2778674612458293,0.10979117225398065
graph_04_mu_0_3_node_366,18,0.0718954248366013,0.0005386513429915942,0.42080876158382474,2.3763763763763763,0.021947708261048287,6.011,11.989,0.5015545454545455,0.6660555555555554,0.10487619771289562,0.01353813211619772,0.49934923076923077,0.4997422873395855,0.0437349221939409
graph_04_mu_0_3_node_367,28,0.17195767195767195,0.0010346084233901374,0.42893945899527697,2.3313313313313313,0.03067417834338749,14.013,13.987,1.002,0.4995357142857143,0.2044059783778935,0.015019359287655312,0.3329302325581394,0.33338900376750485,0.20455334977382386
graph_04_mu_0_3_node_368,25,0.09,0.0008312076964452894,0.41992433795712486,2.3813813813813813,0.02610780033005287,12.006,12.994,0.9240384615384617,0.5197599999999998,0.11365106671009426,0.01467339765317188,0.35113798008534863,0.35156413885628934,0.10497036965643557
graph_04_mu_0_3_node_369,32,0.0907258064516129,0.0015079694481030558,0.43153347732181424,2.3173173173173174,0.03241260824824588,13.014,18.986,0.6855665634674922,0.5933125,0.18002754413991293,0.02123118501773917,0.4217945523692055,0.42241714702431454,0.12330061242692093
graph_04_mu_0_3_node_370,24,0.11231884057971014,0.0007775781015822889,0.4114497528830313,2.4304304304304303,0.022675410291837082,11.011,12.989,0.847986013986014,0.5412083333333334,0.18981763894602338,0.013947711006399275,0.3710198198198199,0.3714457868288056,0.1607001717473919
graph_04_mu_0_3_node_371,30,0.1310344827586207,0.0010608480197476485,0.4186923721709975,2.3883883883883885,0.029639752039708502,17.006,12.994,1.3088461538461538,0.4331333333333335,0.11365352625650676,0.014673335883562174,0.276436170212766,0.2768624687950659,0.14869473031139388
graph_04_mu_0_3_node_372,21,0.1380952380952381,0.0006306221765669102,0.42366412213740456,2.3603603603603602,0.026010238365496513,10.003,10.997,0.909663636363636,0.5236666666666667,0.08309766100215614,0.01267604150821983,0.35471169354838705,0.35507233379210834,0.07557811203040768
graph_04_mu_0_3_node_373,23,0.2450592885375494,0.00048811743370459604,0.4049452776651804,2.4694694694694697,0.029972764716918173,17.014,5.986,2.84675,0.26026086956521727,0.0505721937192789,0.006790990362497789,0.14961666666666662,0.14981309659099504,0.14364095238006222
graph_04_mu_0_3_node_374,19,0.08187134502923976,0.0006523424155951982,0.3914576802507837,2.5545545545545547,0.013772703601045074,6.008,12.992,0.46257925407925415,0.6837894736842105,0.40367750059173396,0.013430830283342503,0.5195452991452989,0.5199712247543573,0.15534537350880792
graph_04_mu_0_3_node_375,69,0.09462915601023018,0.005673486334542937,0.4661689220718619,2.145145145145145,0.05721819451359572,42.019,26.981,1.5574938461538463,0.39102898550724635,0.23599871708116096,0.030467916196679334,0.2430341041104316,0.2439203267057099,0.3674313464288817
graph_04_mu_0_3_node_376,27,0.21652421652421652,0.0009495489080856452,0.39361702127659576,2.5405405405405403,0.015322126970436884,15.013,11.987,1.2529045454545453,0.4439629629629631,0.4242962497979155,0.012345918222260461,0.2853337360314104,0.2857269591285906,0.5305041219895889
graph_04_mu_0_3_node_377,34,0.13911290322580644,0.001227534578838789,0.4085889570552147,2.4474474474474475,0.028809340830325735,20.01,13.99,1.4305414585414582,0.4114705882352942,0.20444378848699762,0.015022449376312199,0.2590327130958709,0.259491763240515,0.27765672675517794
graph_04_mu_0_3_node_378,36,0.1126984126984127,0.0016387622489491443,0.444,2.2522522522522523,0.03826781992722273,19.016,16.984,1.1200420168067227,0.47177777777777785,0.16107158597705998,0.018991534419816887,0.30872709359605904,0.3092842939058396,0.1801642431220644
graph_04_mu_0_3_node_379,37,0.09009009009009009,0.0018905244097933928,0.44778126400717166,2.2332332332332334,0.03728845451006106,18.015,18.985,0.9490421396628829,0.513108108108108,0.1660674208008027,0.02143830167241859,0.34509752791068593,0.3457202940509852,0.15749694482630133
graph_04_mu_0_3_node_380,19,0.04678362573099415,0.0005963982537280328,0.39346199291059475,2.5415415415415414,0.014388178069261093,6.012,12.988,0.4630885780885782,0.6835789473684211,0.3488765182226789,0.013498138575861095,0.5193157834757833,0.5197415780985387,0.13424062020777103
graph_04_mu_0_3_node_381,44,0.10570824524312897,0.0023445675816058205,0.4410596026490066,2.2672672672672673,0.03969006530065531,28.025,15.975,1.754609523809524,0.3630681818181818,0.1378252639402421,0.018076582613009654,0.2218041054753384,0.22232853055373708,0.24160838176085475
graph_04_mu_0_3_node_382,21,0.17142857142857143,0.0005865726565737717,0.40808823529411764,2.4504504504504503,0.0241307341405111,11.011,9.989,1.1025666666666667,0.4756666666666667,0.1459888412197217,0.010726168644224312,0.3120625,0.3123901159311858,0.16070519687302
graph_04_mu_0_3_node_383,21,0.1380952380952381,0.0006680056959149051,0.4024979854955681,2.4844844844844847,0.016814250384014726,9.019,11.981,0.7535530303030302,0.5705238095238094,0.4242550035734827,0.0123389153166842,0.3991829912023461,0.39957586297612674,0.3183926392776694
graph_04_mu_0_3_node_384,43,0.09302325581395349,0.0022776000303214045,0.4532667876588022,2.206206206206206,0.041017641013343834,24.021,18.979,1.2660811403508774,0.44137209302325575,0.14344053097682363,0.021875865283017243,0.2831953969647561,0.28381821170823546,0.18143153620482036
graph_04_mu_0_3_node_385,42,0.06504065040650407,0.002215064934808887,0.436054124836316,2.2932932932932935,0.033022360654714505,23.034,18.966,1.2149494324045407,0.4515714285714287,0.16365205851264142,0.021460243821898994,0.29165047489823603,0.2922728229639576,0.1984168419321135
graph_04_mu_0_3_node_386,20,0.26842105263157895,0.00036354675837007075,0.399919935948759,2.5005005005005003,0.026458168757390422,14.004,5.996,2.3363333333333336,0.29979999999999996,0.05686063341633982,0.006704800171272637,0.1763380018674136,0.17653472108565205,0.13272880975107318
graph_04_mu_0_3_node_387,19,0.3333333333333333,0.0002956772041311805,0.39564356435643566,2.5275275275275275,0.023886421923291764,16.002,2.998,5.339666666666666,0.15778947368421053,0.02586171464586435,0.003392436435546293,0.08565396825396823,0.08575235044127606,0.13799617999497843
graph_04_mu_0_3_node_388,24,0.19927536231884058,0.000557806280924469,0.4099302421009438,2.4394394394394396,0.026751455282175728,16.009,7.991,2.003857142857143,0.33295833333333325,0.0757818907033437,0.008935735578579039,0.19973658536585367,0.1999987746893594,0.15173044958987578
graph_04_mu_0_3_node_389,17,0.21323529411764705,0.00024143182117646582,0.4104354971240756,2.4364364364364364,0.02696045126151844,10.004,6.996,1.4318095238095234,0.411529411764706,0.05909033079482492,0.007936941707695258,0.2590967741935483,0.25932623403746646,0.08445401181757486
graph_04_mu_0_3_node_390,18,0.1503267973856209,0.00041068959528699743,0.39800796812749006,2.5125125125125125,0.01871873515820482,10.004,7.996,1.2512857142857141,0.4442222222222224,0.06993867941063045,0.009029384281044685,0.2855369458128078,0.2857991958211802,0.0874830404875568
graph_04_mu_0_3_node_391,26,0.07692307692307693,0.0010142485618501581,0.4183417085427136,2.3903903903903903,0.023747274176414118,11.004,14.996,0.7338285714285712,0.5767692307692306,0.11331580039111423,0.017285596172162108,0.40525746799431,0.40574922092133564,0.06800390272824161
graph_04_mu_0_3_node_392,21,0.08095238095238096,0.000564669477034775,0.40379951495553756,2.4764764764764764,0.020431446009887253,11.005,9.995,1.101225,0.475952380952381,0.0755311124135761,0.011520888081260413,0.3123034759358289,0.3126312884721183,0.07557683710743428
graph_04_mu_0_3_node_393,26,0.09538461538461539,0.0009914345101721728,0.4263764404609475,2.3453453453453452,0.0260223773163063,12.011,13.989,0.8587619047619048,0.5380384615384615,0.10571841192521046,0.01612448847196113,0.36803859649122794,0.3684973730122018,0.0907019907862499
graph_04_mu_0_3_node_394,19,0.15789473684210525,0.00044323499800844014,0.4183417085427136,2.3903903903903903,0.023130118347658084,10.003,8.997,1.111902777777778,0.47352631578947374,0.07869099718275199,0.010159822741763523,0.3102137931034483,0.3105088638574932,0.087469331567369
graph_04_mu_0_3_node_395,31,0.16989247311827957,0.0014676248999376063,0.4138359569179785,2.4164164164164164,0.021161811631715436,16.004,14.996,1.0673309523809524,0.4837419354838712,0.4096270153033442,0.0155726345112617,0.31904230496453895,0.31953421918207664,0.43698273831706674
graph_04_mu_0_3_node_396,22,0.05194805194805195,0.0005802962403571153,0.40925850061450225,2.4434434434434436,0.021605039719847095,11.009,10.991,1.0018444444444445,0.49959090909090914,0.0961413669807871,0.012411300751583566,0.33298263305322123,0.33334310036027315,0.06999452199137296
graph_04_mu_0_3_node_397,33,0.2860215053763441,0.0010686622341187662,0.3996,2.5025025025025025,0.018924437249855274,23.013,9.987,2.305133333333333,0.3026363636363637,0.3535406648143392,0.010286036092705285,0.17830548353642722,0.17863329193710195,0.7782014620967839
graph_04_mu_0_3_node_398,26,0.1076923076923077,0.0009519025939418,0.4169449081803005,2.3983983983983985,0.027814801107389528,14.004,11.996,1.1674545454545455,0.46138461538461545,0.1013055690016682,0.01361012919629593,0.2998731707317072,0.30026666296848104,0.1182328300371671
graph_04_mu_0_3_node_399,22,0.05194805194805195,0.0007630516250170554,0.4104354971240756,2.4364364364364364,0.01976739047656993,8.01,13.99,0.5726373626373624,0.635909090909091,0.10572489865115421,0.01612566519852984,0.4661935483870968,0.4666522373309703,0.060458286255425805
graph_04_mu_0_3_node_400,30,0.14482758620689656,0.0009988935414330397,0.42420382165605097,2.3573573573573574,0.03144434251218824,16.008,13.992,1.144175824175824,0.4664000000000001,0.20445383873825387,0.015024946255213572,0.30412580943570766,0.30458480465404786,0.23381935693645128
graph_04_mu_0_3_node_401,28,0.14814814814814814,0.0011815118764265413,0.41195876288659794,2.4274274274274275,0.01908784921913298,13.024,14.976,0.8702564102564107,0.5348571428571429,0.772173536110307,0.015287316941993286,0.3650999845305007,0.3655911468250831,0.6696511629280123
graph_04_mu_0_3_node_402,19,0.18128654970760233,0.00032398163266531986,0.4215189873417722,2.3723723723723724,0.029474283098319492,11.002,7.998,1.3756785714285715,0.4209473684210525,0.06754099758702045,0.009074211457593098,0.2665849462365591,0.2668472790028189,0.09289144468619163
graph_04_mu_0_3_node_403,18,0.1111111111111111,0.0005035295569561838,0.39564356435643566,2.5275275275275275,0.01643653902342921,6.994,11.006,0.6362233766233767,0.6114444444444443,0.09404283431532029,0.012478507339103466,0.4404760646250303,0.4408369285288462,0.05938717985536912
graph_04_mu_0_3_node_404,64,0.09672619047619048,0.00444827433422866,0.46725912067352665,2.14014014014014,0.05968377790080192,44.014,19.986,2.202414035087719,0.31228125,0.16879419664509876,0.022674930940107103,0.18503355265190125,0.18569025323785143,0.3716204879963893
graph_04_mu_0_3_node_405,23,0.15810276679841898,0.0006162044699005549,0.3981666002391391,2.5115115115115114,0.021791803800146874,11.031,11.969,0.9233343434343432,0.5203913043478259,0.21479638559247557,0.012689920632021616,0.35180439612544867,0.3521969262203636,0.1972317001558502
graph_04_mu_0_3_node_406,19,0.25735294117647056,0.00032526637284986296,0.36931608133086874,2.7077077077077076,0.009405150377996444,12.004,6.996,1.7160952380952381,0.3682105263157894,0.3604798393784804,0.007141609030936342,0.22565322580645153,0.22588271579700603,0.5665436247820358
graph_04_mu_0_3_node_407,31,0.14193548387096774,0.0013609786342997073,0.41816659690246966,2.3913913913913913,0.027700378812744456,17.008,13.992,1.2156483516483518,0.45135483870967724,0.20444022878058898,0.015025148404926313,0.2914557823129252,0.29191480764710787,0.24840462972291258
graph_04_mu_0_3_node_408,26,0.07384615384615385,0.0011666912789744532,0.4065934065934066,2.4594594594594597,0.016755631162637372,9.021,16.979,0.5315083333333334,0.6530384615384617,0.6224564076530514,0.01747035047014113,0.4848632346632346,0.4854199059748718,0.29313162626655886
graph_04_mu_0_3_node_409,28,0.2275132275132275,0.0008776591907860007,0.39315230224321135,2.5435435435435436,0.015992371624506233,17.018,10.982,1.5509909090909093,0.3922142857142858,0.38888424443195335,0.011310061558983026,0.2439743961352657,0.24433471027838208,0.6013433945873072
graph_04_mu_0_3_node_410,22,0.10526315789473684,0.0006485764475970325,0.3986432561851556,2.5085085085085086,0.018646240954154868,11.002,10.998,1.0004,0.49990909090909086,0.16068365236889018,0.011810076823422876,0.3332549019607843,0.33361559862432394,0.1461075846034034
graph_04_mu_0_3_node_411,21,0.19047619047619047,0.0006019331864418709,0.4016887816646562,2.4894894894894897,0.0218003367268336,11.004,9.996,1.100933333333333,0.47600000000000003,0.14605099954345666,0.010734116893645802,0.3123409090909091,0.3126687544022404,0.16071166600026543
graph_04_mu_0_3_node_412,26,0.11076923076923077,0.0007906045723522155,0.4192194712547209,2.3853853853853852,0.02882193100556017,12.013,13.987,0.8590238095238096,0.5379615384615384,0.11813606927287591,0.01586859022992562,0.3679666666666666,0.3684253776870127,0.09289609489249312
graph_04_mu_0_3_node_413,37,0.08408408408408409,0.0022408116445997686,0.4375821287779238,2.285285285285285,0.0322459433538414,17.017,19.983,0.8516877192982454,0.540081081081081,0.17479663697546982,0.022565306352656835,0.36994947089947083,0.37060491012791213,0.14873969529913278
graph_04_mu_0_3_node_414,22,0.14285714285714285,0.0005770198322624827,0.41298057048367093,2.4214214214214214,0.02399810031638076,13.009,8.991,1.4472817460317455,0.4086818181818182,0.07756593470163936,0.010173777359843521,0.256830459030459,0.2571253911901916,0.1121695222509154
graph_04_mu_0_3_node_415,23,0.1422924901185771,0.0007261432312189106,0.43378202344767697,2.305305305305305,0.031049725027049585,10.009,12.991,0.7705576923076926,0.5648260869565216,0.12317916272097824,0.014527440494997698,0.39357040998217463,0.3939964145936107,0.09486428455463437
graph_04_mu_0_3_node_416,28,0.11904761904761904,0.0010638481737461956,0.41816659690246966,2.3913913913913913,0.022784185439700254,14.097,13.903,1.017065268065268,0.4965357142857143,0.39612656085989467,0.014462549576003578,0.3304318534178999,0.33088787247311274,0.3972486831441223
graph_04_mu_0_3_node_417,22,0.09090909090909091,0.0007694332696908169,0.4072564207093355,2.4554554554554553,0.023192843595109737,9.013,12.987,0.6942692307692307,0.590318181818182,0.12315424464563975,0.014522603788694027,0.4187916666666665,0.4192175123027801,0.0853932913799785
graph_04_mu_0_3_node_418,16,0.10833333333333334,0.00036644056888055653,0.39928057553956836,2.5045045045045047,0.018987273371535322,7.996,8.004,0.9991111111111111,0.50025,0.06757707806327735,0.00908149970409223,0.33356521739130424,0.33382769513967014,0.06752771922322084
graph_04_mu_0_3_node_419,16,0.11666666666666667,0.0003591225167186693,0.4013660104459622,2.4914914914914914,0.016857864389203583,8.001,7.999,1.0002857142857142,0.4999375,0.06898813267174242,0.0090518666100464,0.33327999999999997,0.3335423139204015,0.06900129056647927
graph_04_mu_0_3_node_420,38,0.11948790896159317,0.0015876603282412968,0.44008810572687224,2.2722722722722724,0.04145778561061397,25.004,12.996,1.92413986013986,0.342,0.10975065177328372,0.01474464813204887,0.2062749694749695,0.20670155750496103,0.2111057502646578
graph_04_mu_0_3_node_421,50,0.1110204081632653,0.0029606003642889864,0.4540909090909091,2.2022022022022023,0.04901067237027033,28.019,21.981,1.274943340972753,0.4396200000000001,0.20844268401731283,0.02457981151580544,0.28174806822225607,0.2824695148789167,0.2654784665837534
graph_04_mu_0_3_node_422,27,0.1737891737891738,0.0010731864556553989,0.4051094890510949,2.4684684684684686,0.019437796319090175,13.029,13.971,0.9336138861138861,0.5174444444444444,0.7205126079564393,0.01426060960356017,0.3490789846851956,0.34953720156205315,0.6695834050148635
graph_04_mu_0_3_node_423,28,0.17989417989417988,0.0009036077764243217,0.4495949594959496,2.224224224224224,0.04132260564961168,15.01,12.99,1.1557062937062934,0.4639285714285715,0.12318116590961137,0.014525843591297428,0.30203222926943857,0.3024583408461812,0.14222705955072146
graph_04_mu_0_3_node_424,25,0.17333333333333334,0.0005824093036664536,0.41128036228900783,2.4314314314314314,0.027308083426615174,19.006,5.994,3.171666666666666,0.2397600000000001,0.04529956467023338,0.006908981512524571,0.13621212121212117,0.13640883939243023,0.1435700446485102
graph_04_mu_0_3_node_425,20,0.06315789473684211,0.0007668795164396803,0.4215189873417722,2.3723723723723724,0.021356496221008294,4.997,15.003,0.3332268368886015,0.75015,0.4025881491418862,0.015598375655509273,0.6002616375572897,0.6007534260951207,0.10742159962354808
graph_04_mu_0_3_node_426,14,0.08791208791208792,0.0002459946751252536,0.38408304498269896,2.6036036036036037,0.013656985771580709,8.0,6.0,1.333333333333333,0.42857142857142855,0.052473906632729064,0.0067755719407836465,0.2727272727272726,0.2729240456513184,0.043728255527274246
graph_04_mu_0_3_node_427,38,0.13655761024182078,0.0018228549358118586,0.43434782608695655,2.3023023023023024,0.03136393207509375,19.077,18.923,1.0096797385620915,0.4979736842105263,0.5379508278944415,0.019692380020386212,0.33162339091637844,0.332244167115902,0.5390742457323612
graph_04_mu_0_3_node_428,27,0.20797720797720798,0.0007405554958675034,0.41195876288659794,2.4274274274274275,0.028014326969043508,15.008,11.992,1.251759090909091,0.44414814814814835,0.17523978242353314,0.012877173176549576,0.2854791603745091,0.2858725473339365,0.21919065189140668
graph_04_mu_0_3_node_429,20,0.042105263157894736,0.0006110938718336448,0.4016887816646562,2.4894894894894897,0.017835466084317606,9.003,10.997,0.8187272727272727,0.54985,0.08309909813667403,0.01267597656713793,0.3791724137931035,0.37953303038440006,0.05289192434418793
graph_04_mu_0_3_node_430,22,0.14285714285714285,0.0006819251355913583,0.43529411764705883,2.2972972972972974,0.029074824499358103,9.008,12.992,0.6934358974358974,0.5905454545454546,0.09818087956926655,0.0149753785350395,0.4189999999999999,0.4194260094253365,0.06805088265532411
graph_04_mu_0_3_node_431,19,0.18128654970760233,0.000326158251291409,0.4074225122349103,2.4544544544544546,0.025528798298564918,12.004,6.996,1.7160952380952381,0.3682105263157894,0.059085174147840556,0.007937216788723663,0.22565322580645153,0.22588271579700603,0.10133564021839472
graph_04_mu_0_3_node_432,25,0.17666666666666667,0.0006784674202698503,0.4164235097957482,2.4014014014014013,0.030539375468674204,16.011,8.989,1.7815972222222227,0.35956000000000005,0.0759272211770739,0.01019812867056255,0.21919279907084793,0.21948772372922104,0.13511183954001932
graph_04_mu_0_3_node_433,82,0.10158227848101266,0.006726594120251361,0.4805194805194805,2.081081081081081,0.08135991327353458,50.024,31.976,1.5646693512966456,0.3899512195121952,0.3032279914593387,0.03575643011943525,0.24220429813685315,0.24325496736373137,0.4646641489460795
graph_04_mu_0_3_node_434,36,0.1365079365079365,0.001431281348753839,0.43510452961672474,2.2982982982982985,0.03924249438386282,21.007,14.993,1.4011999999999998,0.4164722222222223,0.12661469482451312,0.017010494774169004,0.263005444646098,0.26349742199304466,0.17737109907010778
graph_04_mu_0_3_node_435,23,0.16205533596837945,0.000722877369190346,0.4153846153846154,2.4074074074074074,0.028121159909257204,12.015,10.985,1.0942777777777775,0.47760869565217406,0.1041747445972137,0.012283844622057604,0.31374796224796214,0.3141082565763328,0.11383828647916912
graph_04_mu_0_3_node_436,28,0.10582010582010581,0.0009512120802762215,0.42080876158382474,2.3763763763763763,0.030539072869644336,14.006,13.994,1.0010069930069931,0.4997857142857143,0.1326898348281637,0.015648837874769443,0.3331514211886305,0.3336104216834511,0.1327266028461817
graph_04_mu_0_3_node_437,16,0.175,0.00025934288354665324,0.3872093023255814,2.5825825825825826,0.017961597106711365,10.0,6.0,1.666666666666667,0.375,0.052473906632729064,0.0067755719407836465,0.2307692307692308,0.23096602950971878,0.08745651105454849
graph_04_mu_0_3_node_438,24,0.1038961038961039,0.0005749553413764014,0.4141791044776119,2.4144144144144146,0.02422512613219236,13.003,10.997,1.1824727272727276,0.4582083333333333,0.08309902166714056,0.012675984674692442,0.29719487908961595,0.29755559030922984,0.09068872974947695
graph_04_mu_0_3_node_439,15,0.17142857142857143,0.0002711272825460756,0.3872093023255814,2.5825825825825826,0.016239783774821374,10.001,4.999,2.00075,0.33326666666666666,0.03777459836655136,0.005762242648159861,0.1999538461538462,0.20011781769560655,0.06800390272824161
graph_04_mu_0_3_node_440,23,0.10276679841897234,0.0008042821936886477,0.41992433795712486,2.3813813813813813,0.02508602329905506,10.006,12.994,0.7701689976689979,0.5649565217391304,0.11365683433428293,0.01467322851114377,0.3936980901451489,0.39412419300432944,0.087480320578358
graph_04_mu_0_3_node_441,16,0.13333333333333333,0.0003034408170866281,0.39330708661417324,2.5425425425425425,0.01767405100913192,6.0,10.0,0.6005250305250304,0.625,0.09516637057230182,0.01118054718476844,0.4546457860065181,0.4549736547558865,0.05687655799300264
graph_04_mu_0_3_node_442,26,0.18840579710144928,0.0006763463299001536,0.39315230224321135,2.5435435435435436,0.016884179208562156,16.006,9.994,1.6023833333333337,0.38438461538461555,0.2730624666847141,0.010377832671040687,0.23793130058347453,0.2382591878517897,0.40969301385877943
graph_04_mu_0_3_node_443,18,0.20261437908496732,0.0004088822103954871,0.4100985221674877,2.4384384384384385,0.02624227520477562,11.003,6.997,1.5733571428571431,0.3887222222222223,0.05909483529932942,0.007938227054738959,0.24126293103448268,0.24149243873222864,0.0928935571434765
graph_04_mu_0_3_node_444,29,0.09359605911330049,0.0012330667083694932,0.4389279437609842,2.2782782782782784,0.02981513764027233,14.007,14.993,0.934342490842491,0.5170000000000001,0.11329938626572816,0.01728194121776825,0.3486253464881372,0.34911709791490264,0.10580751732742912
graph_04_mu_0_3_node_445,20,0.09473684210526316,0.0004988321539136811,0.4109419991772933,2.4334334334334335,0.024866430895585923,8.002,11.998,0.6669696969696969,0.5998999999999999,0.10131697005789685,0.013612584133982907,0.4284729064039409,0.4288663093209943,0.0675523986432491
graph_04_mu_0_3_node_446,14,0.03296703296703297,0.0003342376875942314,0.38766006984866125,2.5795795795795797,0.012504486995017043,3.998,10.002,0.3998303030303031,0.7144285714285712,0.08794815732854662,0.011288468290249406,0.5557674578603371,0.5560953491941641,0.026247222516831883
graph_04_mu_0_3_node_447,24,0.19927536231884058,0.0006350431011102946,0.4090909090909091,2.4444444444444446,0.02574421916452683,13.008,10.992,1.1835636363636368,0.4579999999999999,0.16062505541254207,0.011803371466333732,0.29702418207681364,0.29738472945349825,0.18996144897456685
graph_04_mu_0_3_node_448,22,0.24675324675324675,0.0004393471971226908,0.43378202344767697,2.305305305305305,0.03226465772612564,14.002,7.998,1.7509166666666667,0.3635454545454545,0.06043786328495849,0.009219059377834597,0.22215789473684217,0.2224202791335765,0.10579389893963213
graph_04_mu_0_3_node_449,17,0.22058823529411764,0.00044927111380231035,0.39176470588235296,2.5525525525525525,0.020023997134369483,11.005,5.995,1.836166666666666,0.3526470588235293,0.05684602025703218,0.006703973471179442,0.214076354679803,0.21427300240204883,0.10431652772929018
graph_04_mu_0_3_node_450,20,0.11052631578947368,0.0005944907010673928,0.39928057553956836,2.5045045045045047,0.01704244657640141,9.075,10.925,0.833469696969697,0.5462499999999999,0.3112293589471829,0.011365466831399565,0.3759763626251391,0.376334620245149,0.2554504074921839
graph_04_mu_0_3_node_451,21,0.10952380952380952,0.0006999269289266835,0.4138359569179785,2.4164164164164164,0.024813069398495292,10.009,10.991,0.910893939393939,0.5233809523809523,0.10422199601786056,0.012290532079866563,0.35446279325513197,0.3548232369130909,0.09481050782449274
graph_04_mu_0_3_node_452,24,0.10507246376811594,0.000969238914993108,0.41469489414694893,2.4114114114114114,0.02238940671115551,8.02,15.98,0.5023428571428572,0.6658333333333333,0.5858385474470933,0.01644238871411558,0.4991348156487475,0.4996587165723518,0.29315334145790284
graph_04_mu_0_3_node_453,17,0.04411764705882353,0.000483536346200137,0.39611419508326723,2.5245245245245247,0.014181319100203822,5.002,11.998,0.41696981351981355,0.7057647058823527,0.09076274212525894,0.01382879976075353,0.545332156973461,0.545725482497028,0.007622394065779048
graph_04_mu_0_3_node_454,21,0.26666666666666666,0.00046328739308255554,0.37471867966991745,2.6686686686686687,0.010890098758773574,14.002,6.998,2.0012,0.33323809523809517,0.19115871403935766,0.007267062438658762,0.19993513513513517,0.20016472081094683,0.38234306910435645
graph_04_mu_0_3_node_455,49,0.15541165587419056,0.0024176375845325238,0.43453675511091777,2.3013013013013013,0.042605820706427405,30.011,18.989,1.5810248538011693,0.3875306122448978,0.2774988599526781,0.020390074638337134,0.24034333235207536,0.24096672013876372,0.42373825312685004
graph_04_mu_0_3_node_456,25,0.09333333333333334,0.0009503758321143521,0.41729323308270677,2.3963963963963963,0.024786236562980797,11.005,13.995,0.7864468864468865,0.5598000000000002,0.10575669299354354,0.016131581711663102,0.3887051525209421,0.3891640954606099,0.08312090623792347
graph_04_mu_0_3_node_457,13,0.0641025641025641,0.00024030322977671497,0.38173481085212074,2.6196196196196198,0.011997365758251128,5.0,8.0,0.625,0.6153846153846152,0.06996520884363876,0.009034095921044866,0.4444444444444446,0.44470673952641165,0.043728255527274246
graph_04_mu_0_3_node_458,25,0.14666666666666667,0.0007923226790983124,0.4124690338563171,2.4244244244244246,0.021784523846049657,12.01,12.99,0.9247377622377624,0.5195999999999998,0.2999896798673245,0.013584735538278998,0.3509993799467485,0.35142540767344654,0.27702787695323255
graph_04_mu_0_3_node_459,21,0.17142857142857143,0.0005756594489629585,0.4059325477448192,2.4634634634634636,0.025635064240846477,11.008,9.992,1.1021249999999998,0.47580952380952385,0.0947534297140248,0.011173228466145062,0.3121909759358289,0.31251869014699074,0.10429978956517297
graph_04_mu_0_3_node_460,21,0.1380952380952381,0.0004651254367955596,0.39548693586698336,2.5285285285285286,0.019089452195171865,14.002,6.998,2.001,0.33323809523809517,0.06035924826480809,0.007918953826848171,0.19993333333333335,0.20016291901560038,0.12074529078798937
graph_04_mu_0_3_node_461,32,0.1431451612903226,0.00129357145444475,0.4201009251471825,2.3803803803803802,0.03329581096560214,19.004,12.996,1.4624820512820509,0.406125,0.12322388949206987,0.014532822584596537,0.25480811127869946,0.2552345313376048,0.18013185675842802
graph_04_mu_0_3_node_462,17,0.11029411764705882,0.0004153172330288925,0.3786959818043973,2.640640640640641,0.01018360656056112,8.02,8.98,0.8943194444444448,0.528235294117647,0.329462895284089,0.009238830832501333,0.35898747252747254,0.3592819474896605,0.293031215658275
graph_04_mu_0_3_node_463,45,0.10101010101010101,0.0024679289011938347,0.452445652173913,2.21021021021021,0.04794209741409068,26.025,18.975,1.3719823916408669,0.42166666666666675,0.16028025912944702,0.021527247411999084,0.26717363417826473,0.2677963996437913,0.21121877203373624
graph_04_mu_0_3_node_464,38,0.08392603129445235,0.001763910185732698,0.43265482893027285,2.3113113113113113,0.03657129097319969,21.009,16.991,1.236607352941176,0.4471315789473685,0.14861229449211594,0.019186955861921387,0.2879444845790498,0.2885019874036789,0.18371569075841138
graph_04_mu_0_3_node_465,20,0.09473684210526316,0.0007865901527015542,0.4004008016032064,2.4974974974974975,0.015164661246541492,7.019,12.981,0.5413589743589744,0.6490500000000001,0.40800674202683157,0.013416491408337457,0.48053968253968266,0.4809652757625264,0.2198435809620968
graph_04_mu_0_3_node_466,32,0.16129032258064516,0.0011228506896576093,0.4183417085427136,2.3903903903903903,0.025966571180984197,18.094,13.906,1.306060162060162,0.4345625,0.39618973064880186,0.014465138527511716,0.2777424414726969,0.27819867831161016,0.5106902096059371
graph_04_mu_0_3_node_467,60,0.06836055656382335,0.0045753932881180456,0.4653004191895668,2.149149149149149,0.05138502143702782,34.997,25.003,1.3997856187290967,0.41671666666666674,0.2186693214315504,0.028234938044754316,0.263200439269923,0.2640213668315878,0.29732409379028546
graph_04_mu_0_3_node_468,23,0.13333333333333333,0.0005184977185705691,0.408923454768727,2.4454454454454453,0.025483250989095308,13.011,9.989,1.3028750000000002,0.434304347826087,0.08437130956919363,0.01133267480194844,0.27739971550497866,0.2777273744155101,0.10139778669974132
graph_04_mu_0_3_node_469,29,0.16995073891625614,0.0009435905320792451,0.4406704896338774,2.269269269269269,0.03608327262070544,14.034,14.966,0.9383897435897437,0.5160689655172415,0.2684504700446467,0.015869393619877617,0.3478131489311722,0.3483040159352967,0.25104304449032244
graph_04_mu_0_3_node_470,25,0.22333333333333333,0.0006583490040584393,0.4249255635899617,2.3533533533533535,0.031696863492977304,13.025,11.975,1.090467171717172,0.47900000000000015,0.21487280329484498,0.012696408382912716,0.31501177470368746,0.3154045528066036,0.2330803168115224
graph_04_mu_0_3_node_471,20,0.07368421052631578,0.0005566144074038021,0.40875613747954176,2.4464464464464464,0.020467400538503485,9.01,10.99,0.8201363636363638,0.5495,0.08305892740349007,0.012667484484399624,0.3788591954022989,0.37921958265426764,0.0680139529794979
graph_04_mu_0_3_node_472,35,0.13949579831932774,0.0014342354869192925,0.42802056555269924,2.3363363363363363,0.03452543564429736,18.005,16.995,1.0595012254901963,0.48557142857142854,0.2483124330448697,0.018249754478114652,0.3206342036719395,0.32119172778311283,0.2629897758637845
graph_04_mu_0_3_node_473,23,0.11857707509881422,0.0005567088034321522,0.4107730263157895,2.4344344344344346,0.024714892039579783,13.022,9.978,1.3056222222222227,0.43382608695652186,0.0861017936674614,0.011290209809902594,0.277018018018018,0.27734531643323396,0.11213990139309499
graph_04_mu_0_3_node_474,25,0.1225296442687747,0.0008352667829895144,0.404126213592233,2.4744744744744747,0.017711227228192693,11.037,13.963,0.7910152347652349,0.5585200000000002,0.7201836275076162,0.01425284486736092,0.38751747699116135,0.38797537184117753,0.5158476580397384
graph_04_mu_0_3_node_475,19,0.1111111111111111,0.0004901253057583588,0.41128036228900783,2.4314314314314314,0.021608796081735247,9.004,9.996,0.9008444444444447,0.5261052631578947,0.07553662221870347,0.011522105308477226,0.35695566502463044,0.35728346733138044,0.06800390272824161
graph_04_mu_0_3_node_476,23,0.2490118577075099,0.000511350468531098,0.408923454768727,2.4454454454454453,0.026545242178777198,14.007,8.993,1.5581111111111114,0.391,0.1314294396318334,0.009656481634064433,0.24301913229018499,0.2433141493463017,0.20458001038544052
graph_04_mu_0_3_node_477,26,0.2,0.0007760582335619847,0.4079216006533279,2.4514514514514514,0.025822603771325617,14.001,11.999,1.1668636363636364,0.4615000000000001,0.17529693259086962,0.012885188827764153,0.29996829268292674,0.3003618832189949,0.20453983699387476
graph_04_mu_0_3_node_478,57,0.15914786967418545,0.0038653975485229168,0.46638655462184875,2.144144144144144,0.054169408939111645,33.055,23.945,1.3815823922454356,0.42008771929824545,0.42963852880773584,0.025388168252111716,0.2659247376046114,0.266710854107376,0.5916243500932844
graph_04_mu_0_3_node_479,24,0.2246376811594203,0.0008046973964028066,0.4046172539489672,2.4714714714714714,0.023641407698233426,13.044,10.956,1.1920181818181819,0.4564999999999999,0.19653297871949843,0.011617150726847639,0.29581604114235693,0.296175408772545,0.2334484635419476
graph_04_mu_0_3_node_480,25,0.13,0.0008077206236389628,0.41659716430358634,2.4004004004004003,0.028039058957660082,14.007,10.993,1.274318181818182,0.43972000000000017,0.09283849550288853,0.012472161576528968,0.28182692307692303,0.28218752687844223,0.11821669762568587
graph_04_mu_0_3_node_481,18,0.08496732026143791,0.0005174780609990846,0.39346199291059475,2.5415415415415414,0.0162399026602718,9.011,8.989,1.00275,0.49938888888888894,0.07753796918827345,0.010171936404922659,0.3328095238095237,0.33310431306143656,0.07761905057149969
graph_04_mu_0_3_node_482,17,0.11029411764705882,0.000443831160746543,0.4004008016032064,2.4974974974974975,0.018199708333033037,7.005,9.995,0.7009916666666666,0.5879411764705882,0.0755326597559027,0.011520811690849637,0.4163876923076924,0.41671541885469054,0.05289727193777081
graph_04_mu_0_3_node_483,35,0.12773109243697478,0.0013802622168448528,0.42223161453930685,2.3683683683683685,0.031148429115472394,19.013,15.987,1.1893958333333332,0.45677142857142866,0.23361725548029091,0.017167236983127204,0.29598989898989897,0.29651440749366537,0.27769105614019834
graph_04_mu_0_3_node_484,48,0.12411347517730496,0.0029111145050234604,0.4502027940513745,2.2212212212212212,0.0401580897677959,24.016,23.984,1.0014931677018633,0.4996666666666667,0.5538664126611393,0.02508204873919923,0.3330469021869742,0.33383383157435514,0.5540841158531807
graph_04_mu_0_3_node_485,28,0.082010582010582,0.0012244969861653079,0.4258312020460358,2.3483483483483485,0.02773135625416396,12.012,15.988,0.7514500000000001,0.5709999999999998,0.13984880501896987,0.01805409977447124,0.3995951219512196,0.4001194223749296,0.10500814933802109
graph_04_mu_0_3_node_486,27,0.1225071225071225,0.001107552673105347,0.4190436241610738,2.3863863863863863,0.026059545463421572,11.034,15.966,0.6917428571428572,0.5913333333333333,0.28640987200906903,0.016929351710099013,0.4198541064198958,0.4203776519883428,0.19722314285158138
graph_04_mu_0_3_node_487,49,0.0782312925170068,0.003228171641811721,0.45450409463148317,2.2002002002002,0.045172116701854295,28.015,20.985,1.3351570175438592,0.428265306122449,0.18356109922250963,0.02369676197186364,0.27248499601664145,0.2731737749697238,0.23621815898732812
graph_04_mu_0_3_node_488,125,0.06290817006530722,0.016832911684417803,0.5117827868852459,1.9539539539539539,0.09989874320639466,78.114,46.886,1.6666411730416597,0.37508800000000003,0.40458921371022044,0.05305193984772673,0.2308490743886967,0.2323917481380711,0.664828816385997
graph_04_mu_0_3_node_489,76,0.09366901147723065,0.006403579405206511,0.47844827586206895,2.09009009009009,0.06503632159737022,49.055,26.945,1.8210517948717957,0.35453947368421057,0.23250417431511472,0.030488723831444495,0.21547405193100871,0.21635950211975852,0.4143212471140492
graph_04_mu_0_3_node_490,25,0.17391304347826086,0.0007984547071565283,0.40808823529411764,2.4504504504504503,0.019475812531384737,13.005,11.995,1.084280303030303,0.47980000000000017,0.4243430772955353,0.012355394585236365,0.31562078272604593,0.3160142163856004,0.4244635178878069
graph_04_mu_0_3_node_491,81,0.0730282375851996,0.007303975877313656,0.4754878629224179,2.103103103103103,0.06419916707838043,51.026,29.974,1.7027938423645315,0.3700493827160493,0.25857801134911984,0.03391726445885668,0.22703862001347072,0.22802363696004885,0.43136910484198837
graph_04_mu_0_3_node_492,20,0.2,0.0006080470185059878,0.40976210008203445,2.4404404404404403,0.022509884830540373,10.004,9.996,1.000888888888889,0.4998,0.1460516925188623,0.010734101421745423,0.33316129032258057,0.333489114130211,0.1461180922519287
graph_04_mu_0_3_node_493,18,0.1503267973856209,0.0004628539597873742,0.4099302421009438,2.4394394394394396,0.023741735832676122,9.003,8.997,1.0008214285714285,0.49983333333333335,0.08530779447038088,0.010060889261791101,0.33319376026272574,0.33348881165697297,0.08533035794294434
graph_04_mu_0_3_node_494,38,0.11746031746031746,0.0017233800443835247,0.4178168130489335,2.3933933933933935,0.02543979572745279,22.011,15.989,1.3769678571428572,0.42076315789473673,0.42943096480685766,0.016617271807389356,0.26644415432751634,0.2669688315761541,0.563802273853455
graph_04_mu_0_3_node_495,29,0.10837438423645321,0.0010328076712042417,0.4263764404609475,2.3453453453453452,0.0317688898063923,12.01,16.99,0.707239304812834,0.5858620689655172,0.14656299445129786,0.01922520940443377,0.4143188276867572,0.41487596862112136,0.10353828971343342
graph_04_mu_0_3_node_496,22,0.09523809523809523,0.0006399002169495431,0.4026602176541717,2.4834834834834836,0.01959374438547383,11.012,10.988,1.0027277777777777,0.49945454545454543,0.09480034533180444,0.012433276727413737,0.3328782446311858,0.3332386136066702,0.09490707115416493
graph_04_mu_0_3_node_497,23,0.21739130434782608,0.0007126777373660955,0.40396279822078446,2.4754754754754753,0.017672958171583125,13.013,9.987,1.3036416666666668,0.4342173913043479,0.3535681270682094,0.010285704300034585,0.27733791686423265,0.27766551020318286,0.45983026236766705
graph_04_mu_0_3_node_498,45,0.10188261351052048,0.002783775671232385,0.4320934256055363,2.314314314314314,0.028144217948896346,23.02,21.98,1.0477430477131562,0.48844444444444446,0.5903997117425304,0.022843445556453873,0.3231616189068187,0.32388279600009734,0.5907425180156797
graph_04_mu_0_3_node_499,30,0.18160919540229886,0.0009400835222679914,0.41764214046822745,2.3943943943943946,0.03225059416711767,18.029,11.971,1.5075454545454545,0.3990333333333334,0.2148227228953832,0.012692120344282479,0.2492781004709576,0.2496708765016001,0.32260010338391093
graph_04_mu_0_3_node_500,50,0.12244897959183673,0.003231529808214922,0.43950725912890454,2.275275275275275,0.03514766054243476,25.025,24.975,1.0023860342555995,0.4995,0.5768705471529884,0.02611782069910497,0.3329110494768389,0.33373052159668304,0.5772042558001252
graph_04_mu_0_3_node_501,53,0.14431372549019608,0.003268347240752667,0.44717994628469115,2.2362362362362362,0.03737432832467834,31.014,21.986,1.4107313852813856,0.4148301886792454,0.5076946041714545,0.022992981475062204,0.2616979545306495,0.26241970715251167,0.6926374635648539
graph_04_mu_0_3_node_502,18,0.12418300653594772,0.0005643187080191297,0.3939274447949527,2.5385385385385386,0.01762036843784901,8.001,9.999,0.8002,0.5555,0.07555284966674737,0.011525779819754466,0.3845641025641027,0.3848919816592445,0.06044791353621477
graph_04_mu_0_3_node_503,33,0.043560606060606064,0.0014966742800696128,0.42546848381601365,2.3503503503503502,0.027771760940541155,13.025,19.975,0.6522017027863778,0.6053030303030305,0.17232503631895843,0.02260292706709209,0.4340231644924391,0.43467816994045605,0.08624793497843396
graph_04_mu_0_3_node_504,28,0.12433862433862433,0.0010448446429711443,0.4245643858903527,2.3553553553553552,0.030722440856326375,12.012,15.988,0.7516121212121212,0.5709999999999997,0.2336519512807216,0.017167665325251828,0.3996054200542006,0.4001297204327824,0.1753929810977468
graph_04_mu_0_3_node_505,47,0.16651248843663274,0.0021702735822086163,0.43060344827586206,2.3223223223223224,0.04057613898809703,29.037,17.963,1.6172850723622783,0.382191489361702,0.3222216268807087,0.019046939978958632,0.23625706617943465,0.23684675357448065,0.5199349448016147
graph_04_mu_0_3_node_506,21,0.15714285714285714,0.0006016212071847076,0.390539483971853,2.5605605605605604,0.014374949828173018,11.008,9.992,1.1018666666666665,0.4758095238095238,0.2683503499328803,0.010384881625199143,0.31218181818181817,0.3125095324187806,0.2953391288681239
graph_04_mu_0_3_node_507,37,0.09009009009009009,0.0015352847489411086,0.42857142857142855,2.3333333333333335,0.034126831044582,24.01,12.99,1.8487541958041962,0.3510810810810812,0.12318713026869153,0.014525622224241488,0.21292216708426717,0.21334853038992463,0.2275694063395893
graph_04_mu_0_3_node_508,23,0.1976284584980237,0.0006655215005606186,0.4107730263157895,2.4344344344344346,0.02620121252755962,12.019,10.981,1.0951780303030298,0.4774347826086958,0.16050762938488827,0.011791013787320292,0.31360374810901115,0.31396391136517665,0.1754462221767871
graph_04_mu_0_3_node_509,24,0.14855072463768115,0.0007983730736651773,0.411619283065513,2.4294294294294296,0.019824597844507418,13.013,10.987,1.185145454545455,0.45779166666666654,0.2538181179226945,0.011489288598051144,0.2968688477951636,0.2972292312708605,0.30014894552056465
graph_04_mu_0_3_node_510,21,0.09523809523809523,0.0005754293555773971,0.4141791044776119,2.4144144144144146,0.022589098414992254,9.042,11.958,0.7573287878787879,0.5694285714285713,0.10321355577665164,0.01352996704266853,0.3981594208211144,0.3985515391816057,0.06912190337258894
graph_04_mu_0_3_node_511,21,0.1761904761904762,0.0006833457467778189,0.3986432561851556,2.5085085085085086,0.019462085936718037,10.011,10.989,0.9111909090909087,0.5232857142857142,0.16059595248715294,0.011800038856837176,0.35437298387096766,0.3547333620175333,0.1461335340442235
graph_04_mu_0_3_node_512,29,0.08374384236453201,0.00125623313155485,0.42420382165605097,2.3573573573573574,0.026016952360255172,16.01,12.99,1.2326282051282047,0.4479310344827585,0.09816890945912736,0.014972970666437846,0.28860869565217384,0.289034835199168,0.12094294279012457
graph_04_mu_0_3_node_513,32,0.24596774193548387,0.0009904376732563535,0.4148671096345515,2.4104104104104103,0.0315879764183493,21.024,10.976,1.916703030303031,0.343,0.19689851820415802,0.011638174951980546,0.20701771352337398,0.2073779255892875,0.37642519536437136
graph_04_mu_0_3_node_514,27,0.3,0.0006373344103573037,0.3821729150726855,2.6166166166166165,0.014631426981200684,19.007,7.993,2.378535714285715,0.29603703703703704,0.28286863597575845,0.008232709874074434,0.1737392460684551,0.1740015525999519,0.636671842139529
graph_04_mu_0_3_node_515,24,0.286231884057971,0.00042905557008768693,0.38901869158878505,2.5705705705705704,0.022257112861083724,19.007,4.993,3.808399999999999,0.2080416666666667,0.07297815437283914,0.005361372548737475,0.11610147991543339,0.11626535148185077,0.2775730239273132
graph_04_mu_0_3_node_516,24,0.11231884057971014,0.0007524190246411998,0.42027766091712243,2.3793793793793796,0.026414602453678323,14.009,9.991,1.4026285714285711,0.4162916666666667,0.07550844606145637,0.011516014322540501,0.26287113656561667,0.2631988825104419,0.10579892406526029
graph_04_mu_0_3_node_517,35,0.09411764705882353,0.0015132212079790944,0.4366258741258741,2.29029029029029,0.03295823553630688,21.005,13.995,1.5009935897435895,0.39985714285714297,0.10575571411759295,0.01613162935532726,0.24989110707803994,0.2503503512272442,0.1511411092174214
graph_04_mu_0_3_node_518,41,0.14512195121951219,0.002058180296721043,0.4213412062420919,2.3733733733733735,0.02724885121248294,24.019,16.981,1.4152115196078427,0.4141707317073173,0.3922604380677883,0.01775764415565539,0.26118849608103345,0.2617457808833895,0.5540378774167577
graph_04_mu_0_3_node_519,54,0.07547169811320754,0.00319242838716974,0.43796580447172295,2.2832832832832834,0.042263218820223665,35.006,18.994,1.8431710526315783,0.35174074074074085,0.143529488502395,0.021893896289026195,0.2134040058622374,0.21402776237140347,0.26449392786705495
graph_04_mu_0_3_node_520,24,0.11688311688311688,0.0007818196965963853,0.38349328214971207,2.6076076076076076,0.012540282686852599,14.01,9.99,1.4033523809523807,0.41625000000000006,0.3104809863731203,0.010327053177606125,0.26284822751061515,0.26317594064168726,0.4038260194220165
graph_04_mu_0_3_node_521,25,0.13333333333333333,0.0009956919145528613,0.4049452776651804,2.4694694694694697,0.01797083497631117,12.001,12.999,0.9232371794871796,0.5199599999999998,0.3598845203319886,0.013489262067971379,0.3513157894736843,0.35174211203380995,0.3322112393935178
graph_04_mu_0_3_node_522,33,0.14204545454545456,0.0013095226445015522,0.4201009251471825,2.3803803803803802,0.02591144080854818,18.014,14.986,1.20241978021978,0.454121212121212,0.34609803768818415,0.01567194033041028,0.2937765388884145,0.294268190006143,0.41559079170800556
graph_04_mu_0_3_node_523,73,0.09056316590563165,0.006017680913882316,0.47753346080305925,2.094094094094094,0.0642655432917646,48.013,24.987,1.9216239855072472,0.3422876712328767,0.21855584727251973,0.028216192337343748,0.20648364015275433,0.20730474461774662,0.4198766834256839
graph_04_mu_0_3_node_524,24,0.19927536231884058,0.000577342500409705,0.40675895765472314,2.4584584584584586,0.025525477030791395,15.008,8.992,1.6693333333333338,0.37466666666666665,0.13140183699855754,0.00965581733480985,0.230523076923077,0.23081808057451964,0.219205225288333
graph_04_mu_0_3_node_525,22,0.16017316017316016,0.0005229012253626046,0.3984842441164739,2.5095095095095097,0.02343757293953425,15.005,6.995,2.145685714285714,0.3179545454545455,0.06118366801387313,0.007899020782125326,0.1890343217711639,0.18926382414185736,0.13122065630613347
graph_04_mu_0_3_node_526,80,0.14219114219114218,0.005947665433613078,0.472117202268431,2.118118118118118,0.0671780446149907,54.035,25.965,2.081614269788183,0.32456250000000003,0.3795311399907909,0.027880358279635697,0.1937246454960674,0.19457819840889404,0.7745882752859324
graph_04_mu_0_3_node_527,36,0.13968253968253969,0.0012605230375513751,0.4183417085427136,2.3903903903903903,0.0372699061172563,26.003,9.997,2.601200000000001,0.2776944444444444,0.08442436589258011,0.011342132188119195,0.16123502304147463,0.1615632240480238,0.21111287366713005
graph_04_mu_0_3_node_528,38,0.1380952380952381,0.0017405703791505344,0.4206315789473684,2.3773773773773774,0.023608291319366797,24.011,13.989,1.7166520146520148,0.3681315789473683,0.37570726487330547,0.014538905817686808,0.22559363799283144,0.22605277589779105,0.6175259737870072
graph_04_mu_0_3_node_529,39,0.20917678812415655,0.0015513202101333251,0.45203619909502263,2.2122122122122123,0.04584855821525642,22.026,16.974,1.2981637605042018,0.4352307692307694,0.30445289402745757,0.017998040394249692,0.2781626839855456,0.2787196663582995,0.394320948666499
graph_04_mu_0_3_node_530,20,0.11578947368421053,0.0004344090042877732,0.4007220216606498,2.4954954954954953,0.021126270298952636,11.003,8.997,1.2230555555555551,0.44985000000000014,0.07869128267951636,0.010159814534008839,0.2902016129032258,0.2904967030131586,0.09620216216000332
graph_04_mu_0_3_node_531,26,0.13538461538461538,0.0010561178599757595,0.41060419235511714,2.4354354354354353,0.020070757443936077,13.981,12.019,1.1636606060606058,0.4622692307692308,0.3286531229950704,0.012480775969947603,0.3006413472706155,0.3010355929805545,0.3813704992728976
graph_04_mu_0_3_node_532,34,0.13012477718360071,0.00155403829050636,0.41298057048367093,2.4214214214214214,0.022656503320871955,20.014,13.986,1.432050305250305,0.41135294117647064,0.3757252501808454,0.014534866368115035,0.25895595581767406,0.25941487475683506,0.5369282264451192
graph_04_mu_0_3_node_533,39,0.11470985155195682,0.0018330019235880408,0.4455842997323818,2.244244244244244,0.040468364829258426,23.012,15.988,1.4396125,0.409948717948718,0.1208274567710155,0.018428542082114998,0.25782851557045094,0.2583531945066153,0.17383893980492207
graph_04_mu_0_3_node_534,28,0.06349206349206349,0.001060994144576665,0.4004008016032064,2.4974974974974975,0.01978707484522308,16.007,11.993,1.33490303030303,0.42832142857142863,0.09062956181816492,0.013823934917710189,0.27253175230566523,0.2729251978533873,0.105812864921012
graph_04_mu_0_3_node_535,58,0.17597402597402598,0.0032864407834328558,0.4593103448275862,2.1771771771771773,0.05665769267855681,36.072,21.928,1.6468580873976384,0.3780689655172414,0.3935110731267424,0.023248633569508664,0.23313177658473655,0.23385186493615476,0.6278342332291442
graph_04_mu_0_3_node_536,53,0.09433962264150944,0.002951496889222723,0.4375821287779238,2.285285285285285,0.0451059031483333,37.01,15.99,2.3147862745098036,0.3016981132075472,0.13503824413276097,0.018141537351405675,0.17764922418405557,0.17817445129587992,0.3124873878697552
graph_04_mu_0_3_node_537,38,0.14603174603174604,0.001931999236242177,0.436435124508519,2.2912912912912913,0.02887730373238564,22.015,15.985,1.3776899267399267,0.42065789473684195,0.44278621041405863,0.01658694167087567,0.26636377158302066,0.2668883177402595,0.581531777715955
graph_04_mu_0_3_node_538,26,0.2553846153846154,0.0007161829544102633,0.3964285714285714,2.5225225225225225,0.019638126741943884,17.008,8.992,1.8919841269841273,0.3458461538461538,0.20765962379968772,0.009403673452568288,0.20908489546629078,0.2093799378230499,0.3924935895556457
graph_04_mu_0_3_node_539,49,0.17431972789115646,0.0025822747079325857,0.43567378979502835,2.295295295295295,0.0411646322097678,31.019,17.981,1.7257365196078427,0.3669591836734694,0.26278181504384135,0.01930818467946455,0.22472024239686847,0.22531059723586,0.45301124363863676
graph_04_mu_0_3_node_540,19,0.03508771929824561,0.0004928097251082099,0.3855654187572366,2.5935935935935936,0.014508532931992378,8.006,10.994,0.7284242424242423,0.5786315789473686,0.09615960896851397,0.01241489702531329,0.4071162196679438,0.40747671431702526,0.04379208531450828
graph_04_mu_0_3_node_541,37,0.19663865546218487,0.0016372290944956425,0.4278372591006424,2.3373373373373374,0.027540567205076333,21.021,15.979,1.3161051282051281,0.4318648648648649,0.5656590618096593,0.016457586335201994,0.27541851509240767,0.27594283022763827,0.7075508309653538
graph_04_mu_0_3_node_542,57,0.14814814814814814,0.0035194262799284433,0.43796580447172295,2.2832832832832834,0.03713598451566721,36.023,20.977,1.7178035714285715,0.368017543859649,0.48450962862193203,0.021936903207423922,0.22551294104464015,0.2262018195905497,0.8081556750940923
graph_04_mu_0_3_node_543,77,0.07689678742310321,0.006741143620604519,0.4835430784123911,2.068068068068068,0.06780531798463386,49.022,27.978,1.7524836182336183,0.3633506493506493,0.2114416461104584,0.03224873032828954,0.22201428964060418,0.22293365259561768,0.3703507215720946
graph_04_mu_0_3_node_544,33,0.14772727272727273,0.0012554440225862348,0.3986432561851556,2.5085085085085086,0.01898171237346385,21.003,11.997,1.75075,0.3635454545454545,0.3321826679649464,0.012449290055138007,0.22215555555555563,0.22254926135921807,0.5813696689386563
graph_04_mu_0_3_node_545,29,0.12315270935960591,0.0008381810569229036,0.40675895765472314,2.4584584584584586,0.02543856277748871,21.002,7.998,2.626035714285714,0.27579310344827596,0.06043594342607559,0.009219148388134316,0.15995450980392156,0.16021701477236813,0.1586757730325639
graph_04_mu_0_3_node_546,60,0.11299435028248588,0.0037819066836030425,0.4610059990770651,2.169169169169169,0.054401873106280495,42.01,17.99,2.3353186274509805,0.2998333333333333,0.135950130342235,0.02073639117089924,0.17635658744453714,0.17694766434561754,0.317398848460165
graph_04_mu_0_3_node_547,29,0.14814814814814814,0.0011001292550149402,0.40775510204081633,2.4524524524524525,0.01921372216622716,15.014,13.986,1.0737921245421245,0.48227586206896533,0.7208613796922075,0.014276801297237806,0.3177780851998244,0.3182368537141795,0.7211751201130394
graph_04_mu_0_3_node_548,31,0.12043010752688173,0.0011840415153293574,0.4397007042253521,2.274274274274274,0.03683802724946491,18.022,12.978,1.3892762237762235,0.4186451612903225,0.10963191701777247,0.01472341818449993,0.26475732693077236,0.2651831291032306,0.15202362789893772
graph_04_mu_0_3_node_549,36,0.12063492063492064,0.0013146146964196368,0.42619453924914674,2.3463463463463463,0.03879363945681181,24.014,11.986,2.0045974025974025,0.3329444444444443,0.10124839490379539,0.013597902681783266,0.19973064312736447,0.20012406573609864,0.2026913463592465
graph_04_mu_0_3_node_550,29,0.22660098522167488,0.0008779682805892849,0.4079216006533279,2.4514514514514514,0.02808412026833676,20.014,8.986,2.2278611111111113,0.3098620689655173,0.16116088403915776,0.009528464337991016,0.18334204081632652,0.18363694452897011,0.3584304679801848
graph_04_mu_0_3_node_551,28,0.16137566137566137,0.0009389187388783947,0.3909980430528376,2.5575575575575575,0.01474668186468032,19.002,8.998,2.1118888888888887,0.3213571428571429,0.2491347823063013,0.009337295621492872,0.1914397163120567,0.1917349941506456,0.5260121180507256
graph_04_mu_0_3_node_552,30,0.11954022988505747,0.0010536547198858536,0.4227676682183665,2.3653653653653652,0.0320928454211188,20.004,9.996,2.0014166666666666,0.33319999999999994,0.08441736220077259,0.011340929518929574,0.19990678733031678,0.2002348262955249,0.168897639204918
graph_04_mu_0_3_node_553,30,0.20689655172413793,0.0010700388451435412,0.4104354971240756,2.4364364364364364,0.027742162362392325,18.028,11.972,1.5066818181818182,0.39906666666666674,0.21473231135330387,0.012694977294660608,0.24929285714285715,0.2496856660195259,0.3226915590760561
graph_04_mu_0_3_node_554,31,0.1870967741935484,0.0010971027429522843,0.4099302421009438,2.4394394394394396,0.022994587588785878,19.009,11.991,1.5855878787878788,0.38680645161290317,0.2769261219628776,0.012539942329113528,0.23978398190045258,0.2401774393475002,0.4386369249577052
graph_04_mu_0_3_node_555,28,0.09259259259259259,0.0012257158642090984,0.3978494623655914,2.5135135135135136,0.017049134825718713,12.01,15.99,0.7513371794871795,0.5710714285714285,0.4294418780737527,0.016618415336298244,0.39967261382973246,0.40019697970464496,0.3221426860379535
graph_04_mu_0_3_node_556,50,0.09714285714285714,0.003223418997391506,0.4510158013544018,2.2172172172172173,0.04361325703975396,31.003,18.997,1.6320347437220504,0.37993999999999994,0.14354429961539758,0.021897649920954387,0.23452309690432918,0.23514678793563265,0.23425515998594493
graph_04_mu_0_3_node_557,34,0.23351158645276293,0.0010130405193704997,0.4121287128712871,2.4264264264264264,0.03152950270926637,24.017,9.983,2.407407142857142,0.2936176470588235,0.14593873494605647,0.010719228620407485,0.17208257019031473,0.1724102688871441,0.35077088681860913
graph_04_mu_0_3_node_558,29,0.15517241379310345,0.0012329673670513177,0.41366459627329194,2.4174174174174174,0.01959680502688227,17.011,11.989,1.419259090909091,0.4134137931034483,0.4394500252593507,0.012335919800896262,0.26057893925377734,0.2609722795137484,0.622739836047351
graph_04_mu_0_3_node_559,32,0.18548387096774194,0.0011676948235011116,0.4276541095890411,2.3383383383383385,0.03730628297631807,22.004,9.996,2.201511111111111,0.312375,0.09477676763268804,0.011178188945814599,0.18509975949975943,0.1854278415316703,0.20858045281928417
graph_04_mu_0_3_node_560,29,0.10098522167487685,0.0011149546603651743,0.4178168130489335,2.3933933933933935,0.023262520738261586,13.133,15.867,0.8328686854811853,0.5471379310344829,0.45251925968413453,0.016503676598883906,0.37695795760674544,0.3774783287463649,0.36916687596824976
graph_04_mu_0_3_node_561,83,0.0595679012345679,0.007691735895720989,0.47867752755150933,2.089089089089089,0.06962932007126524,51.027,31.973,1.5961330815805441,0.3852168674698796,0.27004546717080824,0.03627428039558867,0.23856117203896832,0.23961181209531401,0.42236661892249483
graph_04_mu_0_3_node_562,20,0.14210526315789473,0.0006005389004635014,0.38349328214971207,2.6076076076076076,0.01220097000307963,9.999,10.001,1.0013073593073594,0.50005,0.2685252906383017,0.010397619853487078,0.3334639835507465,0.3337919709907161,0.267658264743191
graph_04_mu_0_3_node_563,32,0.1592741935483871,0.0012140450556663426,0.4197478991596639,2.3823823823823824,0.02956100308135488,19.015,12.985,1.4646526806526803,0.40578125,0.18977880807535724,0.01394318176690268,0.25454088050314466,0.25496694007342224,0.2776466765039217
graph_04_mu_0_3_node_564,29,0.11822660098522167,0.0011635946400858602,0.4046172539489672,2.4714714714714714,0.019132984501937303,15.004,13.996,1.072065934065934,0.4826206896551723,0.38754021885287715,0.014523630280201217,0.3180646464646465,0.3185237426109958,0.4152640492418974
graph_04_mu_0_3_node_565,27,0.18803418803418803,0.0006307460616717177,0.41799163179916315,2.3923923923923924,0.034241481095689544,19.007,7.993,2.378857142857143,0.296037037037037,0.0675136403137931,0.009068082750221348,0.17374132747456053,0.17400363399314023,0.16046020259167004
graph_04_mu_0_3_node_566,23,0.1976284584980237,0.0004943431037168262,0.41060419235511714,2.4354354354354353,0.02989683820153649,15.011,7.989,1.8796547619047619,0.3473478260869564,0.0674857090956844,0.00906342552527434,0.2101864372469635,0.2104485437883917,0.12671580909668004
graph_04_mu_0_3_node_567,25,0.22666666666666666,0.0005594117184854441,0.4024979854955681,2.4844844844844847,0.02528849407876547,16.019,8.981,1.7863392857142861,0.35924,0.16115108671874018,0.009522083763104738,0.21898004843835822,0.21927471073078975,0.2867719812072653
graph_04_mu_0_3_node_568,39,0.13900134952766532,0.0017750712420391943,0.44203539823008847,2.2622622622622623,0.03738433219109933,27.007,11.993,2.2521863636363637,0.3075128205128204,0.10490144735067115,0.013542875981647143,0.18169574586958254,0.18208947558694477,0.23616704100016306
graph_04_mu_0_3_node_569,50,0.1036734693877551,0.002807793224072191,0.452445652173913,2.21021021021021,0.046937285890545764,34.0,16.0,2.125,0.32,0.12089582707242955,0.018443112513471943,0.19047619047619055,0.19100164203612474,0.25690363252891296
graph_04_mu_0_3_node_570,25,0.1,0.001000144896519861,0.4157303370786517,2.4054054054054053,0.020423362940046992,10.005,14.995,0.6672619047619046,0.5997999999999999,0.41520910418695234,0.015560280929021744,0.4283730158730159,0.4288647038058157,0.2768690731209718
graph_04_mu_0_3_node_571,30,0.15079365079365079,0.0008319215785889898,0.4276541095890411,2.3383383383383385,0.03590967155035123,18.006,11.994,1.5015151515151515,0.39980000000000004,0.1012965599926592,0.013607558502208527,0.2498499399759904,0.25024346992897295,0.14358088508911873
graph_04_mu_0_3_node_572,34,0.1586452762923351,0.0015202377032419165,0.43321769297484825,2.3083083083083085,0.03309899098802637,19.017,14.983,1.2694937728937725,0.44067647058823545,0.21897262339125553,0.016088798229857183,0.2826175465345277,0.2831091316534095,0.2776425124634684
graph_04_mu_0_3_node_573,22,0.09523809523809523,0.0006189521172879687,0.42619453924914674,2.3463463463463463,0.026014879284861143,10.008,11.992,0.8346666666666669,0.5450909090909088,0.09062512710318345,0.013822670253325738,0.37466666666666665,0.3750599246406383,0.07557651463947954
graph_04_mu_0_3_node_574,25,0.11666666666666667,0.0010698515399003372,0.40675895765472314,2.4584584584584586,0.017651833242189177,11.019,13.981,0.7884615384615387,0.5592400000000002,0.5125958326846359,0.01438543732488348,0.38818752963489817,0.3886460140293025,0.4030400987426376
graph_04_mu_0_3_node_575,32,0.09885057471264368,0.0012842198409711261,0.428204029147021,2.335335335335335,0.0296193808337727,18.007,13.993,1.2870036630036632,0.43728125,0.12239219785498211,0.015801436092273916,0.27982624434389153,0.28028533255138144,0.14872298641411807
graph_04_mu_0_3_node_576,40,0.08205128205128205,0.0023419180045575563,0.44818304172274565,2.2312312312312312,0.04137166362387391,20.009,19.991,1.0009707602339182,0.49977499999999997,0.16882242660771857,0.022680940333474488,0.33313802221047056,0.3337938524197168,0.16891847456188736
graph_04_mu_0_3_node_577,20,0.1631578947368421,0.0004977269682825336,0.3908450704225352,2.5585585585585586,0.014773613292997624,11.008,8.992,1.2245238095238091,0.4496000000000001,0.24153090916200293,0.009345244320323548,0.29000244379276635,0.29029737003178036,0.29531055193223926
graph_04_mu_0_3_node_578,26,0.16923076923076924,0.0008829603175789518,0.39315230224321135,2.5435435435435436,0.01664894462395867,13.007,12.993,1.0013666666666667,0.4997307692307692,0.35498499412605194,0.013492169588731286,0.33310952380952374,0.33353567773672327,0.3550392601390271
graph_04_mu_0_3_node_579,33,0.12688172043010754,0.0012597540430909723,0.4197478991596639,2.3823823823823824,0.023719162958209018,17.063,15.937,1.0720071428571427,0.4829393939393938,0.4530515033619428,0.01658485984854872,0.3184061337355455,0.3189289353868326,0.4539537241094206
graph_04_mu_0_3_node_580,25,0.13333333333333333,0.0007543127963732419,0.41992433795712486,2.3813813813813813,0.030113836363629513,16.998,8.002,2.124404761904762,0.32008000000000003,0.06756806905426836,0.009078929010004828,0.19053561299732605,0.1907981801987818,0.14352416769687606
graph_04_mu_0_3_node_581,29,0.17733990147783252,0.0008855300346609858,0.41659716430358634,2.4004004004004003,0.028200440895038953,17.023,11.977,1.422349494949495,0.413,0.21486328569056115,0.012699235393447058,0.26026680149395554,0.2606597484213508,0.30469089205539646
graph_04_mu_0_3_node_582,18,0.06535947712418301,0.0005498662220770936,0.3920722135007849,2.5505505505505504,0.012926764137063541,6.015,11.985,0.5020727272727273,0.6658333333333333,0.43937707119880487,0.012331810551305639,0.49910461538461537,0.49949754096436444,0.2198023563623061
graph_04_mu_0_3_node_583,23,0.08695652173913043,0.0008150793633922002,0.4020120724346076,2.4874874874874875,0.017944758693644446,7.019,15.981,0.4396588827838828,0.6948260869565215,0.4967635226072257,0.016519719605188155,0.5324585338680927,0.5329824331504645,0.2175138406421395
graph_04_mu_0_3_node_584,34,0.24064171122994651,0.0011514915066862229,0.4095940959409594,2.4414414414414414,0.023859602149657537,24.008,9.992,2.403022222222222,0.2938823529411765,0.2307365418980413,0.010449634096315306,0.17225482174167162,0.17258281567191827,0.5540834639295449
graph_04_mu_0_3_node_585,17,0.029411764705882353,0.0004341823575956107,0.38408304498269896,2.6036036036036037,0.01227774685027456,5.001,11.999,0.41679545454545464,0.7058235294117645,0.33043016011303816,0.012461395415139631,0.5453873517786558,0.5457807100622232,0.1374213497472991
graph_04_mu_0_3_node_586,32,0.12096774193548387,0.0012598669181981919,0.41764214046822745,2.3943943943943946,0.02504940734308153,18.014,13.986,1.2883868131868135,0.4370625,0.32302245839469435,0.01462614751455009,0.27965420479302844,0.28011306360979643,0.41553906577415406
graph_04_mu_0_3_node_587,19,0.18128654970760233,0.00047162420427716443,0.3863109048723898,2.5885885885885886,0.013535206324413277,11.003,7.997,1.3760178571428574,0.42089473684210515,0.22144558816710722,0.008298409384989583,0.2665440860215053,0.2668063860105696,0.3045555408726294
graph_04_mu_0_3_node_588,83,0.0882716049382716,0.006920208105310702,0.48401162790697677,2.066066066066066,0.07928395545965707,56.018,26.982,2.0762958526658517,0.3250843373493975,0.22787620014380996,0.0306122884234239,0.19409227118635483,0.19497934237007103,0.46453588594949313
graph_04_mu_0_3_node_589,33,0.17424242424242425,0.0012807605708506286,0.411619283065513,2.4294294294294296,0.023786504464816574,20.087,12.913,1.5593307692307699,0.39130303030303026,0.36782439566928615,0.013433667964511915,0.2433254417490267,0.24374916910513025,0.5672099766232875
graph_04_mu_0_3_node_590,27,0.06267806267806268,0.0009713992708269389,0.411619283065513,2.4294294294294296,0.023728403211558703,14.003,12.997,1.0774423076923076,0.48137037037037056,0.1097565153837985,0.014745882086349226,0.31697909407665503,0.3174054070475227,0.1013285979648736
graph_04_mu_0_3_node_591,16,0.058333333333333334,0.00045136271347773205,0.37984790874524715,2.6326326326326326,0.010053550605009117,6.009,9.991,0.6016444444444444,0.6244375,0.3661756026290151,0.01028058385751119,0.45398155467720663,0.4543091287024992,0.18313977493793698
graph_04_mu_0_3_node_592,33,0.10606060606060606,0.0013063163315330192,0.4320934256055363,2.314314314314314,0.035847806878329086,18.006,14.994,1.2009670329670326,0.4543636363636362,0.12662403703107508,0.017011535649741307,0.2939692649193204,0.29446117817911,0.1520090293587917
graph_04_mu_0_3_node_593,43,0.17054263565891473,0.00189565999986951,0.43097497842968074,2.32032032032032,0.03999687266660826,25.035,17.965,1.3946503267973858,0.41779069767441857,0.32229028080569333,0.019048341629637613,0.2640834157869964,0.2646730137887665,0.44813464249779944
graph_04_mu_0_3_node_594,18,0.0784313725490196,0.0004939149319664421,0.39377217185652347,2.5395395395395397,0.01430035544978956,7.006,10.994,0.6373818181818183,0.6107777777777776,0.29523107035757096,0.011426433122633426,0.43967179487179503,0.4400322658939871,0.18791548460439048
graph_04_mu_0_3_node_595,22,0.10822510822510822,0.0006278593132128102,0.4052738336713996,2.4674674674674675,0.02057225004381926,12.004,9.996,1.2010388888888888,0.4543636363636362,0.07553377915392685,0.011522219675317543,0.29397180205415496,0.29429966886555825,0.09069094081714268
graph_04_mu_0_3_node_596,25,0.14666666666666667,0.0007243523622145489,0.41764214046822745,2.3943943943943946,0.029225345804376742,13.004,11.996,1.084128787878788,0.4798400000000002,0.09064943020596189,0.013827441992736956,0.31565620782726045,0.3160496742446501,0.0982379097476053
graph_04_mu_0_3_node_597,29,0.16809116809116809,0.0008207148248845571,0.4124690338563171,2.4244244244244246,0.02704321186997206,16.017,12.983,1.2343317016317013,0.44768965517241366,0.23283392816749665,0.013766651657504195,0.2884254522561414,0.28885136236720504,0.26887955565644744
graph_04_mu_0_3_node_598,26,0.12307692307692308,0.0011039843848971802,0.4190436241610738,2.3863863863863863,0.021291905130965957,12.005,13.995,0.8578571428571429,0.5382692307692307,0.3875275606250291,0.014522544503871143,0.36824561403508765,0.368704587090176,0.3322222284045068
graph_04_mu_0_3_node_599,27,0.18803418803418803,0.0009312403074469623,0.3943939992104224,2.5355355355355353,0.01719189931407892,16.007,10.993,1.4563181818181816,0.40714814814814815,0.253837751189466,0.011496601011543511,0.2556154334038055,0.2559760845206824,0.36934544391886404
graph_04_mu_0_3_node_600,25,0.15333333333333332,0.0007910764245798846,0.3928430987023201,2.5455455455455454,0.015956036705197657,14.01,10.99,1.2755113636363637,0.43960000000000016,0.3044302661473547,0.01140376586697537,0.28174450549450547,0.2821050109257579,0.38766549357815194
graph_04_mu_0_3_node_601,28,0.2724867724867725,0.0007025896337351311,0.4018503620273532,2.4884884884884886,0.0271999275078552,20.001,7.999,2.5005,0.28567857142857134,0.11686782705429323,0.008589602871913304,0.16664285714285712,0.16690537767745742,0.2921821304498033
graph_04_mu_0_3_node_602,33,0.09659090909090909,0.0014936180354210291,0.40314769975786924,2.4804804804804803,0.019595775252967983,17.996,15.004,1.1995089285714282,0.45466666666666644,0.41543547781332596,0.015569704443759684,0.29422416289592757,0.29471640373815566,0.49811685909027686
graph_04_mu_0_3_node_603,25,0.14333333333333334,0.000735513637450126,0.4049452776651804,2.4694694694694697,0.020604821871608267,12.016,12.984,0.926155788655789,0.5193599999999998,0.2999495118146565,0.013577708580130118,0.3508086490756582,0.35123448017150377,0.2770535179788736
graph_04_mu_0_3_node_604,34,0.15508021390374332,0.0013772049607988913,0.4229466553767993,2.364364364364364,0.03260503664392264,18.007,15.993,1.1262492424242423,0.47038235294117653,0.2336986678121618,0.017173258940532364,0.3075282509612201,0.30805292153298536,0.26299048703458106
graph_04_mu_0_3_node_605,35,0.12100840336134454,0.0014384847489730347,0.4283876500857633,2.334334334334334,0.03197646638666769,21.051,13.949,1.5106089743589746,0.3985428571428572,0.12040412152636816,0.015782685196441014,0.24890048396854206,0.24935822041135502,0.18141319083190122
graph_04_mu_0_3_node_606,24,0.14130434782608695,0.0006906137016229949,0.40808823529411764,2.4504504504504503,0.024459690526989132,15.019,8.981,1.673571428571429,0.37420833333333337,0.07748059654808173,0.010162519112102912,0.23019362101313326,0.23048826402947928,0.12945668289146506
graph_04_mu_0_3_node_607,93,0.08321645628798503,0.008755030117778773,0.4837772397094431,2.067067067067067,0.08357740226765828,63.031,29.969,2.1036108017419863,0.322247311827957,0.2531319230708528,0.03400016571401847,0.19207546956988658,0.193061100103821,0.5321440742409322
graph_04_mu_0_3_node_608,35,0.13949579831932774,0.001397769602935268,0.415211970074813,2.4084084084084085,0.029299133163558148,21.008,13.992,1.5016433566433567,0.3997714285714286,0.20446347799141074,0.015024668413415005,0.24982679155515908,0.25028593737287774,0.30683370579161534
graph_04_mu_0_3_node_609,31,0.07311827956989247,0.0011790511114300726,0.41957160856782866,2.3833833833833835,0.03017698613582536,19.006,11.994,1.5848363636363634,0.3869032258064515,0.1012938765418456,0.013607682437564503,0.2398559879336351,0.24024954371865107,0.14358356853993234
graph_04_mu_0_3_node_610,43,0.18414634146341463,0.0017028139971701727,0.43060344827586206,2.3223223223223224,0.03968098123167263,29.007,13.993,2.0732112887112892,0.3254186046511628,0.2044738946580774,0.015025774608105271,0.19433121765601222,0.1947906374594677,0.40910857928650984
graph_04_mu_0_3_node_611,102,0.081010101010101,0.01123625001532591,0.49726231956197114,2.011011011011011,0.08688140107472415,66.117,35.883,1.8435349113252335,0.3517941176470587,0.30967765361371663,0.040601243469502946,0.2134570832888843,0.21463722456834752,0.5613805805775574
graph_04_mu_0_3_node_612,24,0.09956709956709957,0.0006644032015968075,0.4049452776651804,2.4694694694694697,0.022116644619692004,13.01,10.99,1.1840000000000002,0.4579166666666665,0.09480192350099727,0.012436069137923904,0.29695590327169274,0.2973163851112056,0.10355787240394633
graph_04_mu_0_3_node_613,19,0.05847953216374269,0.000623254668501806,0.4004008016032064,2.4974974974974975,0.01665578852030344,7.01,11.99,0.5847727272727272,0.6310526315789475,0.10342063942689385,0.013567873308494384,0.4609971509971511,0.46139026610602757,0.043121694761944246
graph_04_mu_0_3_node_614,19,0.14619883040935672,0.0005871602151190851,0.3855654187572366,2.5935935935935936,0.012792874941222894,10.003,8.997,1.1119027777777777,0.47352631578947374,0.24912985811656696,0.009336129552526686,0.3102137931034483,0.3105088638574932,0.27684269949459817
graph_04_mu_0_3_node_615,16,0.06666666666666667,0.0004599162104673599,0.38115223197252956,2.6236236236236237,0.01088839794296383,7.01,8.99,0.7803174603174606,0.561875,0.27943406620379996,0.00929315216183036,0.3907478260869565,0.3910426094062102,0.18638607081546882
graph_04_mu_0_3_node_616,31,0.10752688172043011,0.0010830772550991829,0.42027766091712243,2.3793793793793796,0.028793100963391126,20.005,10.995,1.8196535353535346,0.35467741935483865,0.08308832647997479,0.012673524650092196,0.2155702638094426,0.2159310751744585,0.15113015655974804
graph_04_mu_0_3_node_617,31,0.16559139784946236,0.0009654682258772259,0.421875,2.3703703703703702,0.0322956655165019,19.006,11.994,1.584742424242424,0.3869032258064515,0.09063533956598423,0.0138251543471438,0.23985411764705894,0.24024767344498354,0.1436003253868481
graph_04_mu_0_3_node_618,27,0.11965811965811966,0.0009181102154462113,0.41659716430358634,2.4004004004004003,0.025010509122705915,15.009,11.991,1.2519227272727271,0.44411111111111123,0.10343187630675542,0.01356888559480376,0.285447900936273,0.28584125513357234,0.12942072995319814
graph_04_mu_0_3_node_619,146,0.06915446386395843,0.023543770646227598,0.5216710182767624,1.916916916916917,0.11436494051791803,99.031,46.969,2.1086398587759314,0.32170547945205474,0.3549508419214511,0.05413916585732822,0.19168847676217507,0.19323600834663332,0.7482185549888409
graph_04_mu_0_3_node_620,24,0.11231884057971014,0.0009124705235585361,0.3997599039615846,2.5015015015015014,0.016608265564773354,12.015,11.985,1.0033636363636365,0.499375,0.4394232105235851,0.012331222743370177,0.33282023562023555,0.3332133157542746,0.4395918061459866
graph_04_mu_0_3_node_621,18,0.11764705882352941,0.00047531347322709525,0.3781226343679031,2.6446446446446448,0.01094246626256444,9.001,8.999,1.00025,0.49994444444444447,0.2491474405341494,0.009338381397822948,0.33328571428571424,0.33358083122360643,0.2491584295451384
graph_04_mu_0_3_node_622,27,0.07692307692307693,0.0009534171431143699,0.42223161453930685,2.3683683683683685,0.028345634703459906,12.009,14.991,0.8012609890109891,0.5552222222222222,0.12660640895530986,0.017007842996875574,0.3843121683194855,0.3848037897216032,0.08448320889786683
graph_04_mu_0_3_node_623,23,0.13438735177865613,0.0007136859742140541,0.40217391304347827,2.4864864864864864,0.019271668534396057,12.011,10.989,1.0936139971139966,0.4777826086956523,0.25379175527845743,0.011492044688119587,0.3138973335973335,0.31425775897855135,0.2770973245778828
graph_04_mu_0_3_node_624,17,0.029411764705882353,0.0005591117583921914,0.383199079401611,2.6096096096096097,0.010694180636081777,3.039,13.961,0.21824926739926742,0.8212352941176472,0.37580611701629546,0.01451162288027503,0.6969997265892003,0.6974573157642971,0.08129707823456202
graph_04_mu_0_3_node_625,20,0.14736842105263157,0.0007398871064918765,0.39330708661417324,2.5425425425425425,0.01383672811826742,9.043,10.957,0.826987012987013,0.54785,0.565481362214638,0.011184143108649945,0.3773934674891294,0.3777527735451102,0.46453011053467863
graph_04_mu_0_3_node_626,75,0.0958904109589041,0.006001901471463143,0.4793666026871401,2.086086086086086,0.07691713125542192,44.019,30.981,1.4209093437152391,0.41307999999999984,0.26164515418264295,0.03514942582959303,0.26030531634141263,0.2613229236787836,0.36321453326741127
graph_04_mu_0_3_node_627,24,0.12318840579710146,0.0006533527095653916,0.4153846153846154,2.4074074074074074,0.025487003106454565,16.002,7.998,2.001,0.33324999999999994,0.06043786328495849,0.009219059377834597,0.19994285714285717,0.2002052759755041,0.12090587732368581
graph_04_mu_0_3_node_628,24,0.13768115942028986,0.000659335832887985,0.39737470167064437,2.5165165165165164,0.022725906454965604,15.01,8.99,1.6702857142857146,0.3745833333333334,0.08525559868955605,0.010052881919980095,0.2304660412757974,0.23076097934490106,0.14221837725548364
graph_04_mu_0_3_node_629,22,0.12121212121212122,0.0005509084932112424,0.4095940959409594,2.4414414414414414,0.023032909289519222,13.002,8.998,1.445055555555555,0.40900000000000003,0.06799214487824846,0.01037183594240462,0.25707301587301584,0.2573681774795339,0.09823426975275928
graph_04_mu_0_3_node_630,31,0.13333333333333333,0.0010696676967247402,0.42402376910016976,2.3583583583583585,0.03252626031495189,18.038,12.962,1.3927808857808857,0.4181290322580644,0.1118658005893317,0.014666389329404986,0.26436136054421777,0.2647866383271012,0.15548870693472275
graph_04_mu_0_3_node_631,36,0.09841269841269841,0.0014972111927601807,0.43116098403107467,2.319319319319319,0.03534260930787927,22.007,13.993,1.5729210789210792,0.3886944444444445,0.13268528937361826,0.015647555823487393,0.24123409759415923,0.24169330632249358,0.2085813563621232
graph_04_mu_0_3_node_632,16,0.09166666666666666,0.00044839092539215397,0.3823191733639495,2.6156156156156154,0.010963707200676145,4.967,11.033,0.45130380730380715,0.6895625,0.293195003236352,0.011478560201078451,0.5265852060982497,0.5269469067237849,0.10596624696887486
graph_04_mu_0_3_node_633,37,0.15765765765765766,0.0015186667995160746,0.4233050847457627,2.3623623623623624,0.03497933389665592,22.006,14.994,1.4678119047619043,0.4052432432432432,0.21909027246046822,0.016100782306384613,0.25411388737014773,0.2546059297578477,0.3214466688716682
graph_04_mu_0_3_node_634,23,0.09486166007905138,0.0007534408948624671,0.4153846153846154,2.4074074074074074,0.024054805334434354,11.017,11.983,0.9200934343434342,0.5209999999999999,0.10338906491002905,0.013559157095791169,0.3523091074267544,0.35270209627762245,0.0949426905283292
graph_04_mu_0_3_node_635,23,0.11462450592885376,0.000646557174373325,0.4128099173553719,2.4224224224224224,0.025515035770142958,12.002,10.998,1.0913737373737367,0.47817391304347834,0.08310518592512954,0.012677179828411714,0.3142146718146717,0.3145753921325399,0.09067721789790507
graph_04_mu_0_3_node_636,23,0.11904761904761904,0.0006872503486985534,0.38482280431432975,2.5985985985985987,0.012181752054028544,13.009,9.991,1.3027380952380954,0.43439130434782613,0.3661957732801293,0.010280362727554128,0.27747759297759295,0.2778053174016396,0.4396192364467937
graph_04_mu_0_3_node_637,41,0.17273954116059378,0.0017692922459620019,0.4190436241610738,2.3863863863863863,0.03494806900108231,25.036,15.964,1.5697770562770563,0.3893658536585366,0.28637703715785884,0.016927359827453487,0.24177670508645285,0.24230066615053175,0.4303565111620616
graph_04_mu_0_3_node_638,24,0.15217391304347827,0.000595482055520614,0.4095940959409594,2.4414414414414414,0.025400817499783707,16.013,7.987,2.0062857142857142,0.33279166666666665,0.06037081312720458,0.00920591067074259,0.199626480836237,0.1998885389756927,0.12096109316191311
graph_04_mu_0_3_node_639,31,0.19950738916256158,0.001014049963528555,0.4034733441033926,2.4784784784784786,0.020972413362764893,18.01,12.99,1.3866025641025637,0.419032258064516,0.4596774455824527,0.013379625284707557,0.26505306122448985,0.26547925669719463,0.601330798396725
graph_04_mu_0_3_node_640,28,0.12169312169312169,0.0011683632588367218,0.4213412062420919,2.3733733733733735,0.024471778936658237,14.019,13.981,1.0030769230769232,0.49932142857142864,0.32293675818180606,0.01462088821855622,0.33275264270613103,0.3332112173298362,0.3233081786998912
graph_04_mu_0_3_node_641,20,0.11578947368421053,0.0007270394877415158,0.3909980430528376,2.5575575575575575,0.013540493772960472,8.996,11.004,0.8177070707070709,0.5501999999999999,0.3458773528592731,0.011374526569102969,0.37952020763811645,0.3798810534978362,0.25121546571746833
graph_04_mu_0_3_node_642,54,0.16701607267645002,0.0032991854011744106,0.4574175824175824,2.186186186186186,0.052693224712903636,31.051,22.949,1.3538921513269342,0.4249814814814814,0.4116982091324437,0.024333405118753988,0.2698521817066843,0.27060552510964353,0.555823642267184
graph_04_mu_0_3_node_643,20,0.10457516339869281,0.000630854701030425,0.39658594680428744,2.5215215215215214,0.013822418614030952,9.013,10.987,0.8207474747474748,0.5493499999999999,0.34525498288030587,0.01135596473972526,0.3787274749721914,0.3790877639312745,0.2512937852357184
graph_04_mu_0_3_node_644,28,0.21164021164021163,0.0006695341962356181,0.40396279822078446,2.4754754754754753,0.026149771944367572,18.012,9.988,1.8038111111111115,0.3567142857142856,0.14598536049563796,0.01072489758190316,0.217081560283688,0.21740929392444205,0.26305957188283047
graph_04_mu_0_3_node_645,25,0.13333333333333333,0.0007986963323521414,0.4294926913155632,2.3283283283283285,0.030008452368033296,11.004,13.996,0.7862637362637365,0.5598400000000002,0.12241439020164253,0.015804894347428218,0.38873873873873876,0.3891977144426891,0.0962268874347286
graph_04_mu_0_3_node_646,20,0.05789473684210526,0.0008168988095695962,0.40445344129554656,2.4724724724724725,0.015721464471903646,7.007,12.993,0.5394289044289043,0.6496500000000001,0.4761003793109457,0.013369723993604313,0.4811220580186099,0.4815480443034288,0.21979545981058196
graph_04_mu_0_3_node_647,24,0.07608695652173914,0.0011592435164615115,0.4085889570552147,2.4474474474474475,0.023724480141044637,10.007,13.993,0.7152527472527471,0.5830416666666668,0.11817120968380013,0.01587586702877641,0.4114868347338936,0.4119456820764897,0.07603430282775471
graph_04_mu_0_3_node_648,31,0.13793103448275862,0.0012429178236498949,0.4122988031366075,2.4254254254254253,0.022556126062099707,15.007,15.993,0.9385006868131868,0.5159032258064513,0.4369151717852434,0.01660765576366871,0.34763124815143437,0.3481558155008886,0.38239140486694895
graph_04_mu_0_3_node_649,40,0.1379800853485064,0.0018460954850655453,0.43415906127770537,2.3033033033033035,0.0376465288024163,20.046,19.954,1.0054298245614037,0.49885,0.35803737279572523,0.021156534535353714,0.3323586726599682,0.3330132910308741,0.34077783681619717
graph_04_mu_0_3_node_650,20,0.11578947368421053,0.000587327160639041,0.39705882352941174,2.5185185185185186,0.014782902816419013,10.009,9.991,1.002517316017316,0.49954999999999994,0.2683405016401474,0.010383698198310063,0.3329704975224997,0.33329815743986674,0.268440090000505
graph_04_mu_0_3_node_651,30,0.08275862068965517,0.0012159906818820564,0.4122988031366075,2.4254254254254253,0.024312567759913903,18.013,11.987,1.5030454545454546,0.39956666666666674,0.09058477036771513,0.013816973531703138,0.2496704081632653,0.2500637086975435,0.12847362436570592
graph_04_mu_0_3_node_652,29,0.09113300492610837,0.001169809582152111,0.42223161453930685,2.3683683683683685,0.027002235459642823,13.024,15.976,0.8157093864468864,0.550896551724138,0.13783166948556272,0.018077653764998033,0.3802060438269741,0.380729985584862,0.11226696588910974
graph_04_mu_0_3_node_653,19,0.05847953216374269,0.0005823395537564068,0.390539483971853,2.5605605605605604,0.012862787794547154,7.01,11.99,0.5848590909090909,0.6310526315789475,0.32205154330393165,0.012461010823933418,0.4610087505087506,0.4614018655982946,0.18792214899263385
graph_04_mu_0_3_node_654,25,0.19333333333333333,0.0007079197450880023,0.40104375752709753,2.4934934934934936,0.01906527974887575,14.043,10.957,1.283394660894661,0.4382800000000002,0.3114821121024293,0.011402209401139651,0.28069765623863746,0.2810570801905225,0.3969312694758688
graph_04_mu_0_3_node_655,21,0.2523809523809524,0.00034270098878850814,0.4197478991596639,2.3823823823823824,0.03189318143432226,15.001,5.999,2.5006999999999997,0.28566666666666657,0.05065979447793229,0.006806214449416351,0.16663513513513512,0.1668319656519737,0.12666525196059658
graph_04_mu_0_3_node_656,18,0.19607843137254902,0.00033616047993572897,0.3863109048723898,2.5885885885885886,0.017428779036326034,11.0,7.0,1.5714285714285718,0.388888888888889,0.1022637456574312,0.007516994897443487,0.2413793103448275,0.24160891640642757,0.1607001717473919
graph_04_mu_0_3_node_657,24,0.13043478260869565,0.0006621299178193123,0.413151364764268,2.4204204204204203,0.02598918043818253,13.007,10.993,1.1833939393939397,0.45804166666666657,0.09482838579838979,0.012439379509144725,0.297060072217967,0.29742065235678716,0.11215574905894266
graph_04_mu_0_3_node_658,30,0.15632183908045977,0.0010915975707703263,0.4059325477448192,2.4634634634634636,0.02080671459272193,17.063,12.937,1.3204020979020978,0.43123333333333347,0.36799012674997994,0.013461948888441789,0.27493866695614416,0.27536309762020644,0.48210065238102706
graph_04_mu_0_3_node_659,26,0.2276923076923077,0.0006086860828260751,0.42169691853102576,2.3713713713713713,0.034091053239690916,17.005,8.995,1.8910555555555557,0.3459615384615384,0.08529649665639849,0.010058435418139089,0.2091684897508962,0.20946363045855987,0.16118289575935468
graph_04_mu_0_3_node_660,26,0.12923076923076923,0.0008240203400282084,0.4334056399132321,2.3073073073073074,0.03369831890783576,13.008,12.992,1.0014939393939395,0.49969230769230766,0.10972883621429162,0.014739730432159124,0.33307468060394885,0.33350080177761515,0.10980491261824225
graph_04_mu_0_3_node_661,30,0.1931216931216931,0.0010363215900432976,0.40842191332788225,2.4484484484484486,0.020649517613058173,17.02,12.98,1.312159090909091,0.43266666666666687,0.4595728209956104,0.013368368614476033,0.27607840108220044,0.2765042408141619,0.5660684815175946
graph_04_mu_0_3_node_662,30,0.10846560846560846,0.0010431964583012506,0.4197478991596639,2.3823823823823824,0.03038268766145585,16.017,13.983,1.145831668331668,0.4661,0.13260781840366417,0.01563622486570026,0.30388290792727823,0.3043416082478243,0.14231652816123858
graph_04_mu_0_3_node_663,21,0.09941520467836257,0.0007036023542307647,0.3996,2.5025025025025025,0.014701270508604349,9.017,11.983,0.7527681818181818,0.5706190476190475,0.3723902106958509,0.012387615173793838,0.3992379032258066,0.39963084059479004,0.24874631608252898
graph_04_mu_0_3_node_664,22,0.10822510822510822,0.0006495411658256336,0.4102669404517454,2.4374374374374375,0.02249741183075169,12.014,9.986,1.2037277777777777,0.45390909090909076,0.07547621904330355,0.011510127685886672,0.2936102707749766,0.29393780985317874,0.09071358837983279
graph_04_mu_0_3_node_665,25,0.16,0.0008736311789410336,0.3964285714285714,2.5225225225225225,0.015613931034898882,12.025,12.975,0.9272668997669,0.5189999999999998,0.6689882627830337,0.013244654783824547,0.3504731097494257,0.35089864608277777,0.6180448398539695
graph_04_mu_0_3_node_666,132,0.07934304880869766,0.0189266342438679,0.5192307692307693,1.9259259259259258,0.12262817976921431,87.032,44.968,1.9356850883528336,0.3406666666666666,0.3797992862165404,0.05101725750766017,0.2053071166374076,0.206787646281556,0.7347971699835992
graph_04_mu_0_3_node_667,28,0.17989417989417988,0.0011568115064911242,0.4060975609756098,2.4624624624624625,0.02065023176991971,15.019,12.981,1.1577241647241645,0.4636071428571429,0.45960342016432204,0.013369343599231061,0.3017799789083312,0.3022057955356273,0.5306149968269664
graph_04_mu_0_3_node_668,33,0.14583333333333334,0.0013745727871094402,0.4278372591006424,2.3373373373373374,0.033561027567617585,21.003,11.997,1.75075,0.3635454545454545,0.09065258753135563,0.013828781218488724,0.22215555555555563,0.22254926135921807,0.1586757730325639
graph_04_mu_0_3_node_669,47,0.08787878787878788,0.002407399974182757,0.44125441696113077,2.2662662662662663,0.04013899825717926,31.019,15.981,1.9413327380952383,0.34002127659574455,0.13786292348550236,0.018083675988294964,0.20483988964621877,0.2053646147345114,0.2588566683243848
graph_04_mu_0_3_node_670,25,0.07,0.0008436918545772929,0.39737470167064437,2.5165165165165164,0.018524602307173555,16.022,8.978,1.785416666666667,0.35912,0.0774677306729632,0.010158915728294346,0.21887340301974456,0.2191679670581024,0.12074074533344392
graph_04_mu_0_3_node_671,27,0.1225071225071225,0.0008594518379125069,0.4117889530090684,2.4284284284284285,0.028561677356859275,17.001,9.999,1.7002999999999995,0.37033333333333324,0.08443360175233722,0.011344663403456818,0.22724545454545447,0.22757352728270677,0.14354884711690438
graph_04_mu_0_3_node_672,39,0.09986504723346828,0.002038874436484325,0.43681679055531264,2.289289289289289,0.03681441469800526,22.04,16.96,1.300044117647059,0.43487179487179506,0.14634273478124304,0.019190596223580363,0.27787011155599206,0.2784266352981594,0.18984139349345516
graph_04_mu_0_3_node_673,53,0.11538461538461539,0.0032467603350095882,0.4459821428571429,2.2422422422422423,0.04682021290526692,30.012,22.988,1.305670896609112,0.4337358490566037,0.3359083763847685,0.02468482052286417,0.2769280867311611,0.2776826583648397,0.4383642190559542
graph_04_mu_0_3_node_674,34,0.08266129032258064,0.0014237741932877853,0.4320934256055363,2.314314314314314,0.03201416984811857,18.009,15.991,1.1263357142857144,0.47032352941176475,0.13504937411374582,0.018142536210296507,0.30747298822770514,0.3079975933290135,0.14360427028965675
graph_04_mu_0_3_node_675,34,0.062388591800356503,0.0015622779386308906,0.43624454148471614,2.2922922922922924,0.03232333823831621,16.048,17.952,0.8946598290598292,0.528,0.15492138054336166,0.020312540039806863,0.3587491260940318,0.3593379503725154,0.12962150128561195
graph_04_mu_0_3_node_676,92,0.07590511860174781,0.009427399608077595,0.4957816377171216,2.017017017017017,0.08365172925868959,58.011,33.989,1.7067945632798576,0.36944565217391306,0.29727841047544257,0.03838194815031356,0.22657752062274886,0.22769484591561803,0.4985758401209484
graph_04_mu_0_3_node_677,32,0.09475806451612903,0.001633559904254435,0.43321769297484825,2.3083083083083085,0.03258273345077845,15.016,16.984,0.8843909502262445,0.53075,0.16106080890256438,0.018991938471977016,0.3612583756907019,0.36181542982245335,0.14227856357816995
graph_04_mu_0_3_node_678,20,0.12105263157894737,0.0005761324282675444,0.4013660104459622,2.4914914914914914,0.016374029295391144,10.021,9.979,1.0051349206349207,0.49895,0.3660769104615592,0.010266852548250733,0.3324513685239491,0.3327786352504255,0.3664377119368683
graph_04_mu_0_3_node_679,27,0.06552706552706553,0.0009852558320886282,0.40875613747954176,2.4464464464464464,0.023105186461646523,15.001,11.999,1.2502045454545454,0.44440740740740753,0.10132155571135247,0.013613834091754604,0.2856843853820597,0.286078001740892,0.10977264779527976
graph_04_mu_0_3_node_680,27,0.07407407407407407,0.001121202028390777,0.42420382165605097,2.3573573573573574,0.02450695734691486,10.014,16.986,0.5897904411764705,0.6291111111111112,0.14653298893050287,0.01922064476585871,0.45894005283478984,0.45949698978585474,0.08628709984693318
graph_04_mu_0_3_node_681,18,0.10457516339869281,0.0004171260410671371,0.39377217185652347,2.5395395395395397,0.017118660162801166,9.007,8.993,1.0018928571428571,0.4996111111111111,0.07866664749488117,0.0101550382579405,0.33300656814449914,0.33330148845790564,0.06997187551030544
graph_04_mu_0_3_node_682,23,0.1857707509881423,0.0005066146946412577,0.4117889530090684,2.4284284284284285,0.027045742693656963,18.002,4.998,3.602300000000001,0.21730434782608699,0.043715435014453734,0.005643940282406595,0.12189779326364697,0.12206181809997362,0.1574345404110078
graph_04_mu_0_3_node_683,28,0.20307692307692307,0.000742120763575144,0.4024979854955681,2.4844844844844847,0.025489357053236815,18.019,9.981,1.8067222222222226,0.3564642857142856,0.14591790161272314,0.010717016231026954,0.21690989383727594,0.21723739793450358,0.24852797449451142
graph_04_mu_0_3_node_684,39,0.10121457489878542,0.001870925218643457,0.4465802413947251,2.239239239239239,0.04053969778081745,21.016,17.984,1.1688524509803921,0.4611282051282052,0.13591484894406655,0.0207291463978788,0.29966517085945954,0.30025523664484044,0.1587570819027961
graph_04_mu_0_3_node_685,21,0.09047619047619047,0.00084408801725399,0.4183417085427136,2.3903903903903903,0.020292358654334597,5.05,15.95,0.31730769230769235,0.7595238095238096,0.42826096922984913,0.01658182201424484,0.6125251105216621,0.6130479264215044,0.1343607472635491
graph_04_mu_0_3_node_686,17,0.0661764705882353,0.0006310075425182565,0.3906922174423152,2.5595595595595597,0.01286475713418184,6.01,10.99,0.547231818181818,0.6464705882352941,0.3415473894836006,0.011360853063744451,0.4776733556298775,0.47803367196892327,0.18639577248900752
graph_04_mu_0_3_node_687,19,0.1111111111111111,0.0006079312626566974,0.4056029232643118,2.4654654654654653,0.020544162657592065,9.007,9.993,0.9014777777777779,0.5259473684210526,0.08740735663697302,0.011284437973859866,0.3568152709359605,0.35714297494981745,0.06998776523461621
graph_04_mu_0_3_node_688,39,0.09986504723346828,0.0020777680234208245,0.4402820625826355,2.2712712712712713,0.03755042831422774,20.011,18.989,1.0540040247678015,0.4868974358974359,0.16609397806182807,0.021443015076880664,0.32179716720252977,0.32242014603908253,0.17497451028900618
graph_04_mu_0_3_node_689,22,0.09956709956709957,0.0006232097231757366,0.4283876500857633,2.334334334334334,0.027056220090576746,8.004,13.996,0.5719120879120877,0.6361818181818183,0.122410796627102,0.015805009927601307,0.4664774193548388,0.4669363047684536,0.0699722510971599
graph_04_mu_0_3_node_690,20,0.07894736842105263,0.0005915409298735309,0.4188679245283019,2.3873873873873874,0.024837657405831763,5.013,14.987,0.33468722943722934,0.7493500000000001,0.12657354177087818,0.01700331116768442,0.5992305923961095,0.5997218572377531,0.042224089980615075
graph_04_mu_0_3_node_691,27,0.1339031339031339,0.0008424670016546856,0.4276541095890411,2.3383383383383385,0.03149465448892894,14.031,12.969,1.0824237762237763,0.4803333333333335,0.11191261026028286,0.01467446516533818,0.3161067800605521,0.31653217566598596,0.12083098606437438
graph_04_mu_0_3_node_692,27,0.15954415954415954,0.0008802056686546083,0.4238438693254137,2.359359359359359,0.0302772730192858,16.013,10.987,1.457954545454545,0.40692592592592586,0.09478557217962119,0.012432467705420152,0.25544799154334036,0.2558084459906799,0.13806438529027348
graph_04_mu_0_3_node_693,25,0.16,0.0009107078519250752,0.4107730263157895,2.4344344344344346,0.02490683190252024,13.009,11.991,1.0850757575757577,0.47964000000000023,0.17522238215101896,0.012876044892874212,0.3154875168690958,0.3158808194650638,0.18995043694502745
graph_04_mu_0_3_node_694,38,0.08961593172119488,0.0016372929482028923,0.43302990897269183,2.309309309309309,0.033792226404950464,23.019,14.981,1.537251648351649,0.3942368421052631,0.11322468581165987,0.017267654833021062,0.24552988833908324,0.24602153689161865,0.17383604000494868
graph_04_mu_0_3_node_695,66,0.11608391608391608,0.0041948500291790055,0.45554035567715456,2.195195195195195,0.06175729042784877,46.015,19.985,2.3028561403508765,0.30280303030303035,0.1895096248531653,0.022348004879503752,0.1784169468941243,0.17907370095045638,0.436157012824523
graph_04_mu_0_3_node_696,22,0.11688311688311688,0.0005543538384719306,0.40758873929008566,2.4534534534534536,0.023506583811225383,12.001,9.999,1.200244444444444,0.45449999999999985,0.08443360175233722,0.011344663403456818,0.2940806722689075,0.2944086373989811,0.09289144468619163
graph_04_mu_0_3_node_697,26,0.08615384615384615,0.0009363760728326735,0.41195876288659794,2.4274274274274275,0.023142689016532096,12.029,13.971,0.8614285714285714,0.5373461538461538,0.12055672052122282,0.015808307075464652,0.3674140350877192,0.36787222201924197,0.10354625169735035
graph_04_mu_0_3_node_698,27,0.13105413105413105,0.0008199174117884412,0.43134715025906734,2.3183183183183185,0.03456589985690782,15.008,11.992,1.2516363636363634,0.44414814814814835,0.10127605182680115,0.013605562842842048,0.28547508305647834,0.2858684700352585,0.12666724096258558
graph_04_mu_0_3_node_699,20,0.11578947368421053,0.0004854980257029411,0.4046172539489672,2.4714714714714714,0.02182253795554717,10.008,9.992,1.001968253968254,0.49960000000000004,0.08619967920084382,0.011306461189583665,0.3329970674486803,0.3333247601711831,0.08628052089956478
graph_04_mu_0_3_node_700,32,0.11895161290322581,0.0013206950168244672,0.4304179233089186,2.3233233233233235,0.03216077903142997,16.015,15.985,1.0020615384615383,0.49953125,0.1378926035599228,0.018088172843331887,0.33292837134853936,0.3334527110964155,0.13803313356126637
graph_04_mu_0_3_node_701,27,0.09971509971509972,0.0011020422376463905,0.41625,2.4024024024024024,0.027078842490525404,13.017,13.983,0.9311923076923079,0.5178888888888887,0.1326074829714371,0.015636168143636737,0.3494465156794424,0.3499051257470279,0.12332663559705091
graph_04_mu_0_3_node_702,38,0.12944523470839261,0.0015792836307345758,0.4320934256055363,2.314314314314314,0.039537583895544834,22.006,15.994,1.3760178571428574,0.4208947368421051,0.13988786449578816,0.018061206975966335,0.2665440860215053,0.2670689271408521,0.19244687751149597
graph_04_mu_0_3_node_703,44,0.15010570824524314,0.002136040382908069,0.43415906127770537,2.3033033033033035,0.0443998454815213,30.017,13.983,2.147208791208791,0.3177954545454546,0.1326048321261167,0.015636221465977256,0.1889221431958274,0.18938126522729914,0.2845015769337614
graph_04_mu_0_3_node_704,20,0.14736842105263157,0.00045033820412381886,0.41469489414694893,2.4114114114114114,0.024382439204864916,12.003,7.997,1.5010714285714286,0.39985000000000004,0.06994534607729713,0.009030560751632919,0.24988636363636363,0.2501486808333302,0.10496063377827863
graph_04_mu_0_3_node_705,25,0.14333333333333334,0.0006897833173935275,0.4229466553767993,2.364364364364364,0.0297142829302887,13.037,11.963,1.0910227272727275,0.4785200000000002,0.10324928679252342,0.013535835980090621,0.31457152496626184,0.3149639100526317,0.11235918701719791
graph_04_mu_0_3_node_706,30,0.09655172413793103,0.001225804915061256,0.4265584970111016,2.344344344344344,0.0303077112631843,17.005,12.995,1.3087237762237762,0.43316666666666687,0.12321713713263295,0.014531650792226578,0.2764649370386453,0.2768912683766132,0.15168690260927845
graph_04_mu_0_3_node_707,23,0.09090909090909091,0.0007135679645593525,0.4004008016032064,2.4974974974974975,0.020173147613272074,11.019,11.981,0.9207613636363635,0.5209130434782607,0.11363957049161749,0.013397105954918874,0.3522433436532507,0.3526362669454364,0.0948435442700292
graph_04_mu_0_3_node_708,41,0.08232118758434548,0.0018632697154364406,0.4300473525613431,2.325325325325325,0.03293585533558216,27.002,13.998,1.9290219780219773,0.3414146341463415,0.10577225109479298,0.01613530296079734,0.20584739982949707,0.2063069232541185,0.19646731658628094
graph_04_mu_0_3_node_709,24,0.11231884057971014,0.0007210748245407974,0.4124690338563171,2.4244244244244246,0.02426857408255049,16.0,8.0,2.0007619047619047,0.33333333333333326,0.06045737672137126,0.00922129248821873,0.20001200750469048,0.20027449186804552,0.11333983788040268
graph_04_mu_0_3_node_710,23,0.13043478260869565,0.0006728343407314988,0.4085889570552147,2.4474474474474475,0.023532190210144965,13.004,9.996,1.3010861111111114,0.43460869565217397,0.08743052178560147,0.011287885052821233,0.2776414572467204,0.27796934556746716,0.10496189777250038
graph_04_mu_0_3_node_711,22,0.09956709956709957,0.0005982771332641272,0.41659716430358634,2.4004004004004003,0.025778235748066307,11.007,10.993,1.0013999999999998,0.49968181818181817,0.08307448550473948,0.012671205733533867,0.3330588235294117,0.33341935637149483,0.08312213111229534
graph_04_mu_0_3_node_712,39,0.17139001349527666,0.0017026773256381027,0.4269230769230769,2.3423423423423424,0.036888618616820835,22.045,16.955,1.3017059873949581,0.43474358974358995,0.30428775313700096,0.017976137567772475,0.2777912742004162,0.27834763388042777,0.39438761551322443
graph_04_mu_0_3_node_713,18,0.30718954248366015,0.00034562525577992373,0.3792710706150342,2.6366366366366365,0.012234184691370642,11.008,6.992,1.5750285714285719,0.3884444444444446,0.24747640108255592,0.007201730668596932,0.24105094549499437,0.24128028929815842,0.38909333403734525
graph_04_mu_0_3_node_714,17,0.07352941176470588,0.00044460929630224175,0.39161113288906313,2.5535535535535536,0.016343797910471483,7.01,9.99,0.7020305555555554,0.5876470588235293,0.08738751241873965,0.011280909243068323,0.41611307692307703,0.41644063965716144,0.06123812916675533
graph_04_mu_0_3_node_715,22,0.11688311688311688,0.0006341452459228429,0.4229466553767993,2.364364364364364,0.02875056390833334,11.015,10.985,1.003342857142857,0.49931818181818177,0.09279491077264851,0.012462269637608187,0.3327578166401695,0.33311808732922293,0.09290968955495775
graph_04_mu_0_3_node_716,24,0.17028985507246377,0.0007907917952841196,0.4143508917461634,2.4134134134134135,0.025694568207318098,13.027,10.973,1.187709090909091,0.4572083333333332,0.0946915816445098,0.01241599385196166,0.296375533428165,0.2967354582017182,0.1121443784090271
graph_04_mu_0_3_node_717,26,0.08695652173913043,0.0009186527001413067,0.43116098403107467,2.319319319319319,0.02850801645867301,9.016,16.984,0.5311177871148459,0.6532307692307693,0.14652023524403882,0.019218360999558086,0.4850822642191063,0.48563909916314024,0.06908823856568252
graph_04_mu_0_3_node_718,86,0.09896729776247848,0.007478452782477528,0.47301136363636365,2.114114114114114,0.07313485630157185,58.004,27.996,2.071963861170759,0.3255348837209302,0.24486181303546395,0.03161439155953708,0.1944126416227976,0.19533313904788455,0.4985185309281978
graph_04_mu_0_3_node_719,23,0.07114624505928854,0.0007151838012539577,0.4070904645476773,2.4564564564564564,0.021278439520669178,10.005,12.995,0.7699679487179489,0.565,0.11365936726234777,0.014674543770389762,0.3937344028520498,0.39416053847766686,0.08745651105454849
graph_04_mu_0_3_node_720,24,0.10507246376811594,0.0008407296317400823,0.4258312020460358,2.3483483483483485,0.02804041361379594,12.003,11.997,1.000581818181818,0.499875,0.09065614999152828,0.013828625921053021,0.3332271218587008,0.33362059522868026,0.09068256549148797
graph_04_mu_0_3_node_721,31,0.15268817204301074,0.0011873736961375877,0.4258312020460358,2.3483483483483485,0.03595039432124662,18.008,12.992,1.386205128205128,0.41909677419354824,0.1097220906591963,0.014740042828305292,0.2651036734693878,0.2655299344835305,0.15199289694731044
graph_04_mu_0_3_node_722,20,0.1368421052631579,0.00044681478066720733,0.39238020424194814,2.5485485485485486,0.01796512403674587,12.009,7.991,1.503452380952381,0.39955000000000007,0.06990730221126404,0.00902342612742903,0.24966354723707665,0.24992566774507197,0.10495971802736288
graph_04_mu_0_3_node_723,39,0.13090418353576247,0.0017289794120339686,0.43548387096774194,2.2962962962962963,0.03852903045866424,26.003,12.997,2.00075,0.3332564102564102,0.09820996185416458,0.014981412145253255,0.1999454545454546,0.2003721033832457,0.19646859150925433
graph_04_mu_0_3_node_724,25,0.04666666666666667,0.0010053198458369582,0.4111111111111111,2.4324324324324325,0.020367222427655908,10.017,14.983,0.6688690476190475,0.5993199999999999,0.13106867304636113,0.016918999584695237,0.4279156223893066,0.42840691732473263,0.07876054868368229
graph_04_mu_0_3_node_725,37,0.12612612612612611,0.0015300323655303711,0.43873517786561267,2.279279279279279,0.04148553718600562,22.015,14.985,1.4694247252747248,0.40499999999999986,0.12656966983931173,0.017000689617263573,0.25392643715249463,0.254418184597425,0.18579371118889873
graph_04_mu_0_3_node_726,22,0.08658008658008658,0.0006018601121289937,0.39800796812749006,2.5125125125125125,0.018706059647053585,13.002,8.998,1.445055555555555,0.409,0.0776050995701386,0.010182341438139578,0.25707301587301584,0.2573681774795339,0.11212316313781184
graph_04_mu_0_3_node_727,35,0.12436974789915967,0.0018339948014227153,0.4278372591006424,2.3373373373373374,0.025625780475080736,19.019,15.981,1.1906714743589744,0.45660000000000006,0.42935666232688,0.016608066192974173,0.29586240199942565,0.29638671383378395,0.5101292963225003
graph_04_mu_0_3_node_728,19,0.06432748538011696,0.0005810401219381059,0.3967434471803018,2.5205205205205203,0.015260232263191387,7.011,11.989,0.5851085858585859,0.6310000000000001,0.10487711346381137,0.01353809793829032,0.46096541899990184,0.4613585013187021,0.043780008313495114
graph_04_mu_0_3_node_729,18,0.10457516339869281,0.00043068862945346465,0.38393543428132204,2.6046046046046047,0.012793956995889925,8.01,9.99,0.8022214285714288,0.555,0.26833577846521167,0.010382574144511558,0.38411683718580286,0.384444421395797,0.21483302445820265
graph_04_mu_0_3_node_730,30,0.167816091954023,0.001391516620556087,0.42402376910016976,2.3583583583583585,0.025739410857191215,15.981,14.019,1.140320679320679,0.46730000000000005,0.3832730814325221,0.014557771843898573,0.3049068826420485,0.30536676227002224,0.40968786759659087
graph_04_mu_0_3_node_731,23,0.13438735177865613,0.0007922479020032137,0.42420382165605097,2.3573573573573574,0.028972977988223833,11.003,11.997,0.9171893939393937,0.5216086956521737,0.1013094949202231,0.013611396748773276,0.3528252100840335,0.3532186576521524,0.09290365117911799
graph_04_mu_0_3_node_732,30,0.05517241379310345,0.0017703387692939666,0.44321206743566993,2.2562562562562563,0.031126263746547762,9.007,20.993,0.4290789473684211,0.6997666666666664,0.1586356022993799,0.024198093091193616,0.5381941838649156,0.5388823665750695,0.06804407346142562
graph_04_mu_0_3_node_733,21,0.16666666666666666,0.0006450301260772029,0.3953304313415117,2.5295295295295297,0.015896781668136715,11.011,9.989,1.1028833333333332,0.47566666666666674,0.2683568520674852,0.010381043644947269,0.3120739973262032,0.3124016132251388,0.2953158927452724
graph_04_mu_0_3_node_734,32,0.07862903225806452,0.0016647166010976963,0.4143508917461634,2.4134134134134135,0.020551937534657585,15.016,16.984,0.8843484593837538,0.53075,0.45619002408422876,0.017651356605392052,0.3612562628455639,0.36181331699021224,0.37592507241074097
graph_04_mu_0_3_node_735,25,0.16333333333333333,0.0007015390143083404,0.39595719381688466,2.5255255255255253,0.017711351858613247,13.062,11.938,1.096628787878788,0.4775200000000002,0.339640042744821,0.012422403463005988,0.31375864026858896,0.3141502061252924,0.36869358452175893
graph_04_mu_0_3_node_736,29,0.06157635467980296,0.0010137387193763499,0.4122988031366075,2.4254254254254253,0.023391241091238427,18.011,10.989,1.6393222222222223,0.37893103448275867,0.08305042354965333,0.0126663906961161,0.23376080112896233,0.23412136846276108,0.12849839725405077
graph_04_mu_0_3_node_737,23,0.18181818181818182,0.0005041676396890438,0.41659716430358634,2.4004004004004003,0.028266002828606668,14.006,8.994,1.5574722222222226,0.39104347826086955,0.06796843465273102,0.010367025572690914,0.24304694167852067,0.24334199153333833,0.10581931676388645
graph_04_mu_0_3_node_738,22,0.11688311688311688,0.0007597186897504089,0.41400745959386653,2.4154154154154153,0.025235056497912082,10.004,11.996,0.8340000000000001,0.545272727272727,0.1013055690016682,0.01361012919629593,0.37483333333333335,0.3752267223386834,0.0844473948557855
graph_04_mu_0_3_node_739,29,0.12807881773399016,0.001137515222205339,0.4245643858903527,2.3553553553553552,0.02734652246788687,12.014,16.986,0.7075090336134451,0.5857241379310344,0.3923045259118815,0.01776338113686849,0.4141764873432487,0.41473349735374576,0.2770523759918162
graph_04_mu_0_3_node_740,26,0.16666666666666666,0.000652922889201655,0.4051094890510949,2.4684684684684686,0.020224777771886346,16.014,9.986,1.6047563492063495,0.3840769230769232,0.23072136294737852,0.010442409995791054,0.23770374173629988,0.23803136675704287,0.34636136192584666
graph_04_mu_0_3_node_741,19,0.08187134502923976,0.0004906197550555475,0.40217391304347827,2.4864864864864864,0.017937747169151832,9.01,9.99,0.9021111111111113,0.5257894736842104,0.08618079808196269,0.011304357847573674,0.35667487684729055,0.3570024825682546,0.06042841865410231
graph_04_mu_0_3_node_742,43,0.10852713178294573,0.002012547541784057,0.44125441696113077,2.2662662662662663,0.044582307837340136,24.007,18.993,1.2640675954592366,0.4416976744186046,0.16039565069924394,0.021548618889609645,0.2834510503747249,0.28407432383032405,0.2026868641012431
graph_04_mu_0_3_node_743,18,0.10457516339869281,0.000443326804417017,0.40298507462686567,2.4814814814814814,0.01790318259669525,5.003,12.997,0.38506373626373636,0.7220555555555555,0.3491769842991154,0.013505555492834465,0.5650486470051688,0.5654747083904605,0.13423261491786645
graph_04_mu_0_3_node_744,23,0.19367588932806323,0.0004899497704261419,0.413151364764268,2.4204204204204203,0.031824864614982955,15.004,7.996,1.8771357142857141,0.34765217391304337,0.06753125154194933,0.009071659606162777,0.21040670155689406,0.21066903758595762,0.12666838104387834
graph_04_mu_0_3_node_745,26,0.11384615384615385,0.0008732025303938924,0.4171189979123173,2.3973973973973974,0.026079508333319262,15.008,10.992,1.365579797979798,0.4227692307692308,0.10423317425117865,0.012291647358883055,0.2680525079004944,0.2684131025820328,0.14222099822322554
graph_04_mu_0_3_node_746,30,0.12643678160919541,0.0012865948704314976,0.4211635750421585,2.374374374374374,0.02429609885190499,15.012,14.988,1.0018021978021978,0.49960000000000004,0.3461210549504699,0.015674267484185107,0.33299044094973784,0.3334820608450038,0.34627555774272706
graph_04_mu_0_3_node_747,40,0.18634423897581792,0.0016699723986695473,0.4251063829787234,2.3523523523523524,0.0365186009093473,25.025,14.975,1.6720812520812525,0.374375,0.26860621317356953,0.015878497267304777,0.23031331636133717,0.23080483278004865,0.4302089964383527
graph_04_mu_0_3_node_748,31,0.16344086021505377,0.001068105535702466,0.42312579415501905,2.3633633633633635,0.03271242084806138,19.029,11.971,1.5903318181818178,0.38616129032258056,0.10329907297084054,0.013545418435868808,0.23929864253393673,0.23969144443110302,0.16403193954117395
graph_04_mu_0_3_node_749,18,0.0718954248366013,0.0004907391963344241,0.4085889570552147,2.4474474474474475,0.018965110728236246,7.007,10.993,0.6375818181818184,0.610722222222222,0.09615788695924925,0.012413558518455074,0.439620512820513,0.43998095108055424,0.052499610404911703
graph_04_mu_0_3_node_750,22,0.10822510822510822,0.0006454738442016033,0.41060419235511714,2.4354354354354353,0.023256026584117507,12.015,9.985,1.2039111111111107,0.4538636363636362,0.08614486179914121,0.011298559041371994,0.29357124183006533,0.2938987481439781,0.10358401620604511
graph_04_mu_0_3_node_751,21,0.17543859649122806,0.0005628979670085537,0.3943939992104224,2.5355355355355353,0.015281063011736215,10.009,10.991,0.9119545454545451,0.5233809523809523,0.341561992796591,0.011361833834212007,0.3544919899738448,0.3548524335479448,0.27957453398178894
graph_04_mu_0_3_node_752,22,0.09956709956709957,0.0008141561719476931,0.39176470588235296,2.5525525525525525,0.013576734291727033,9.01,12.99,0.6943854700854699,0.5904545454545455,0.40857548384557335,0.013425674315844311,0.4189785059184962,0.41940444967991136,0.2821072108221575
graph_04_mu_0_3_node_753,100,0.09474747474747475,0.009888596150908932,0.4842462433349491,2.065065065065065,0.08584518880287768,70.026,29.974,2.336546121204631,0.2997399999999999,0.2842445707297578,0.033517686694890365,0.17629368367491258,0.17727993234269923,0.6637359060566335
graph_04_mu_0_3_node_754,27,0.1623931623931624,0.0007520033845282967,0.4090909090909091,2.4444444444444446,0.030142764106680257,16.006,10.994,1.4562568181818178,0.40718518518518515,0.10425093880825771,0.012293792941640146,0.255647697398658,0.25600838127120423,0.1517040170844574
graph_04_mu_0_3_node_755,25,0.13666666666666666,0.000838206202339879,0.41764214046822745,2.3943943943943946,0.023413097178386345,11.013,13.987,0.7878525641025643,0.5594800000000002,0.32307459403190514,0.014626738854728144,0.3884253990832939,0.3888840799409143,0.2539548604826807
graph_04_mu_0_3_node_756,45,0.07676767676767676,0.0023530064658222735,0.43434782608695655,2.3023023023023024,0.0375140562065444,27.011,17.989,1.501654411764706,0.3997555555555556,0.157345203632303,0.02031385834401839,0.2498125694187338,0.25040303150835774,0.22742934789914504
graph_04_mu_0_3_node_757,18,0.058823529411764705,0.000489441431689808,0.3867595818815331,2.5855855855855854,0.014172330424569772,7.996,10.004,0.7994909090909093,0.5557777777777777,0.08749347980908455,0.011297121979773419,0.3848533333333335,0.3851813761876675,0.06988738622378074
graph_04_mu_0_3_node_758,27,0.08,0.0011466643241402348,0.39928057553956836,2.5045045045045047,0.016163311668449393,13.023,13.977,0.9325559440559442,0.5176666666666665,0.43446398162922306,0.01444826364117849,0.3492711003970504,0.34972951383380796,0.3730135031826708
graph_04_mu_0_3_node_759,38,0.12802275960170698,0.001946588539827481,0.42728828058169377,2.34034034034034,0.02649628905920942,21.017,16.983,1.2380654115492349,0.44692105263157905,0.4562366054060783,0.01764955036520525,0.28778365928295213,0.28834089992477946,0.5637666246949213
graph_04_mu_0_3_node_760,38,0.11806543385490754,0.0017627317916107518,0.4269230769230769,2.3423423423423424,0.037742731776285926,23.004,14.996,1.5340849816849822,0.3946315789473684,0.12664011054010635,0.017013763338125536,0.24582189653580455,0.24631403677791355,0.19422927851082233
graph_04_mu_0_3_node_761,60,0.10677966101694915,0.004154056977383291,0.4679156908665105,2.1371371371371373,0.06104979738953588,34.025,25.975,1.310131066518023,0.43291666666666684,0.21938556519813013,0.02946946149764304,0.27626455841558195,0.2771173180420145,0.2872509311197446
graph_04_mu_0_3_node_762,17,0.0661764705882353,0.0003889563539507415,0.39501779359430605,2.5315315315315314,0.01665597783246145,6.009,10.991,0.5469141414141411,0.646529411764706,0.09614425552762862,0.012411212097820853,0.47771637681159435,0.4780767259299813,0.04375206505108376
graph_04_mu_0_3_node_763,20,0.12631578947368421,0.0005282772979341077,0.4104354971240756,2.4364364364364364,0.02240605970420204,9.003,10.997,0.8187272727272727,0.54985,0.09618169648305877,0.012418366210762767,0.3791724137931035,0.37953303038440006,0.07871790220261476
graph_04_mu_0_3_node_764,82,0.08039747064137308,0.007686311783954797,0.4805194805194805,2.081081081081081,0.07436699525477596,50.018,31.982,1.5640288402457756,0.3900243902439025,0.270098719462741,0.03628502348449611,0.24225705846146206,0.2433079243888253,0.4223088621260576
graph_04_mu_0_3_node_765,20,0.09473684210526316,0.0006653447665959124,0.38349328214971207,2.6076076076076076,0.012111714368170478,7.017,12.983,0.541048951048951,0.6491500000000001,0.40803590504812054,0.013418610350810661,0.48063856960408696,0.4810642283340384,0.2198944186214616
graph_04_mu_0_3_node_766,21,0.18571428571428572,0.0004963935695013926,0.3914576802507837,2.5545545545545547,0.0205826440956829,11.006,9.994,1.1014,0.475904761904762,0.14603663533736874,0.0107317513550665,0.31226136363636364,0.31258914341051053,0.16074957650929664
graph_04_mu_0_3_node_767,29,0.17980295566502463,0.0012155088018666169,0.4052738336713996,2.4674674674674675,0.018156253001542947,15.013,13.987,1.0736665834165833,0.48231034482758606,0.7208568648840425,0.014278071393581537,0.31780857044076294,0.3182673717086422,0.7726663399455316
graph_04_mu_0_3_node_768,61,0.17595628415300546,0.0035589386075722063,0.4574175824175824,2.186186186186186,0.05646824440649545,39.059,21.941,1.7811814270524802,0.359688524590164,0.39370982937773386,0.023263565669422597,0.21929832164378857,0.22001897830971884,0.699206780815973
graph_04_mu_0_3_node_769,24,0.07971014492753623,0.0007874560230006854,0.4107730263157895,2.4344344344344346,0.024985212188113427,12.006,11.994,1.0011636363636363,0.49975,0.10490902498019096,0.013544026523334373,0.3331209103840682,0.3335142854611869,0.10497955929720415
graph_04_mu_0_3_node_770,22,0.18181818181818182,0.0005393755055018841,0.4020120724346076,2.4874874874874875,0.024175012513520215,15.004,6.996,2.145161904761905,0.31800000000000006,0.06633775299485785,0.007823234816284257,0.18906561622351098,0.18929515138430156,0.14220224822322555
graph_04_mu_0_3_node_771,30,0.09425287356321839,0.001340831216945151,0.4377738825591586,2.284284284284284,0.03074245314223641,14.011,15.989,0.8763928571428571,0.5329666666666667,0.1379221085323621,0.018092865724151516,0.363304347826087,0.36382874979525387,0.12074529078798937
graph_04_mu_0_3_node_772,25,0.13,0.000978244723028432,0.39737470167064437,2.5165165165165164,0.01510505933085567,11.017,13.983,0.7884469696969699,0.5593200000000002,0.4394332086331745,0.014452318019720231,0.3882816014394963,0.3887401512722199,0.3454159779600358
graph_04_mu_0_3_node_773,38,0.10526315789473684,0.0015069095031198635,0.42893945899527697,2.3313313313313313,0.035270825174145676,26.007,11.993,2.168739393939394,0.3156052631578948,0.11372274175558911,0.01341106004323656,0.187372668997669,0.1877663728709266,0.2465042037432491
graph_04_mu_0_3_node_774,59,0.07481005260081823,0.0042031417772223625,0.47639484978540775,2.099099099099099,0.05727543344121413,36.019,22.981,1.5674883305100697,0.38950847457627114,0.19823683242454598,0.02600488784739241,0.24186076370048828,0.2426154033156029,0.310515367154498
graph_04_mu_0_3_node_775,24,0.18115942028985507,0.0006460623285787712,0.41263940520446096,2.4234234234234235,0.02996286306417705,15.013,8.987,1.6713333333333338,0.3744583333333334,0.07591762083379977,0.010195572729654457,0.2303736263736264,0.23066846609826303,0.1267274370036568
graph_04_mu_0_3_node_776,28,0.10582010582010581,0.0010621683442289386,0.4245643858903527,2.3553553553553552,0.031491502896519606,13.009,14.991,0.8679538461538466,0.5353928571428571,0.14215193453629274,0.01676351690620976,0.3655669227728218,0.36605857642839473,0.12326900764255717
graph_04_mu_0_3_node_777,26,0.12307692307692308,0.000916702994860406,0.42258883248730966,2.3663663663663663,0.02459847271598629,14.011,11.989,1.169030303030303,0.4611153846153847,0.10340995946390834,0.013566857274864993,0.2996587688734029,0.3000520317129061,0.12082285329820182
graph_04_mu_0_3_node_778,38,0.07254623044096728,0.0019141653421495776,0.43415906127770537,2.3033033033033035,0.03726358321585713,19.012,18.988,1.0016028154851686,0.4996842105263158,0.1800563136140713,0.021232902230069916,0.3330691974432477,0.33369210260725213,0.18016117259042844
graph_04_mu_0_3_node_779,36,0.12857142857142856,0.001876765104683023,0.4443950177935943,2.25025025025025,0.0367265471249025,20.006,15.994,1.2509906593406592,0.44427777777777794,0.13795587222309172,0.01809871335732646,0.28558201904527525,0.2861067912768266,0.17250902785160474
graph_04_mu_0_3_node_780,41,0.13414634146341464,0.0019983746564432876,0.43378202344767697,2.305305305305305,0.04339594472493253,26.014,14.986,1.7361267399267404,0.36551219512195127,0.1265733987460405,0.01700203097498848,0.22362966497436093,0.2241215743427939,0.21956396575105736
graph_04_mu_0_3_node_781,20,0.12631578947368421,0.0005081825566030778,0.40942622950819674,2.4424424424424425,0.022473875046307955,10.03,9.97,1.006888888888889,0.4985,0.08605032662744946,0.011280721634879563,0.3320537634408602,0.3323807352951305,0.08624338952388849
graph_04_mu_0_3_node_782,35,0.08571428571428572,0.0014564831988450268,0.42802056555269924,2.3363363363363363,0.030305376405814852,20.026,14.974,1.3377692307692306,0.42782857142857145,0.12919795992454278,0.016943645545033574,0.272139553429027,0.2726308759032627,0.1639160090668364
graph_04_mu_0_3_node_783,25,0.13666666666666666,0.0006675082911671426,0.4069246435845214,2.4574574574574575,0.02681640619955656,15.002,9.998,1.5005555555555556,0.39992000000000005,0.0844288703970846,0.011343417535162896,0.2499390243902439,0.2502670212989675,0.1266607474560921
graph_04_mu_0_3_node_784,21,0.23333333333333334,0.0005548372772277839,0.40875613747954176,2.4464464464464464,0.027292076269071226,13.01,7.99,1.62925,0.3804761904761906,0.07577983221777104,0.008934413739348284,0.23494901960784317,0.23521112451870213,0.12328399391467432
graph_04_mu_0_3_node_785,24,0.17391304347826086,0.0006941641658053883,0.3908450704225352,2.5585585585585586,0.016116865826072354,14.006,9.994,1.401733333333333,0.41641666666666677,0.23078775050126607,0.010451532353296059,0.26296680161943314,0.263294645895821,0.3231663259290061
graph_04_mu_0_3_node_786,25,0.10666666666666667,0.000877522366573025,0.4114497528830313,2.4304304304304303,0.02385123794700366,15.017,9.983,1.505,0.39932000000000006,0.08613198793325227,0.011296137360312819,0.2494875145180023,0.24981501974314313,0.12942949585238916
graph_04_mu_0_3_node_787,26,0.13846153846153847,0.0008670271483392401,0.4192194712547209,2.3853853853853852,0.02961162851297181,13.018,12.982,1.0032121212121212,0.49930769230769234,0.12312124842870896,0.01451670190249662,0.3327447154471544,0.33317050900809353,0.12326294703649654
graph_04_mu_0_3_node_788,31,0.11827956989247312,0.0013461945080974504,0.4493927125506073,2.225225225225225,0.03916880217253259,14.012,16.988,0.8250326546003018,0.5480000000000003,0.16109511982421054,0.018996417290297152,0.3774282416759489,0.3779853902548862,0.13277020512371857
graph_04_mu_0_3_node_789,22,0.10822510822510822,0.0006351983166851832,0.41366459627329194,2.4174174174174174,0.02469529907294768,9.014,12.986,0.6943666666666666,0.5902727272727274,0.10968494735002668,0.01473280710285233,0.41874169829222,0.4191675111898215,0.07601249973618536
graph_04_mu_0_3_node_790,15,0.11428571428571428,0.00036885200198583085,0.3804265041888804,2.6286286286286287,0.01025753169910685,6.997,8.003,0.8746130952380952,0.5335333333333333,0.2216302035517226,0.008304593752283367,0.36385375494071137,0.3641161826872292,0.19358988964621882
graph_04_mu_0_3_node_791,27,0.13675213675213677,0.0007774519353182947,0.41469489414694893,2.4114114114114114,0.028750678589288346,17.004,9.996,1.7012749999999994,0.3702222222222222,0.09478119199249237,0.011178022136883422,0.22716482213438727,0.22749279652073692,0.1611715979453723
graph_04_mu_0_3_node_792,28,0.18518518518518517,0.0010174313594047556,0.41555740432612315,2.4064064064064064,0.029265502947003103,17.023,10.977,1.5518040404040405,0.3920357142857144,0.19692733994456313,0.011639009461790447,0.24383128790214822,0.24419143820455436,0.304786143879381
graph_04_mu_0_3_node_793,36,0.1761904761904762,0.0014020232822773496,0.4375821287779238,2.285285285285285,0.04060513275843592,24.009,11.991,2.002509090909091,0.33308333333333323,0.11370402943617153,0.013408833770823952,0.1998235854045479,0.2002171720110196,0.2275514380662519
graph_04_mu_0_3_node_794,20,0.10526315789473684,0.0006163815761591672,0.3978494623655914,2.5135135135135136,0.019124314995979733,11.008,8.992,1.224603174603174,0.4496000000000001,0.0786604309021857,0.010153841340535645,0.2900048875855327,0.29029981381809605,0.087480320578358
graph_04_mu_0_3_node_795,18,0.13725490196078433,0.0003442630190657113,0.4111111111111111,2.4324324324324325,0.023482766239163167,7.012,10.988,0.6385954545454546,0.6104444444444443,0.09479990784395688,0.012433288996148095,0.43936366300366314,0.4397239374529485,0.060433647844496986
graph_04_mu_0_3_node_796,45,0.17718715393134,0.0019077947191909687,0.42528735632183906,2.3513513513513513,0.039235624349682786,30.037,14.963,2.0092622377622376,0.3325111111111111,0.2685173122751313,0.015864338741920593,0.199429832060012,0.19992111630139492,0.5198895908767809
graph_04_mu_0_3_node_797,31,0.1010752688172043,0.0014604815652930344,0.4366258741258741,2.29029029029029,0.030777198265135686,13.018,17.982,0.7242483660130717,0.5800645161290322,0.13589875411499455,0.020726924169227424,0.4085472598323662,0.4091369504980681,0.09829514271372557
graph_04_mu_0_3_node_798,21,0.11904761904761904,0.0006112147834217447,0.4052738336713996,2.4674674674674675,0.022284583357791824,11.006,9.994,1.1015749999999997,0.47590476190476194,0.08440344938665958,0.011338662894939148,0.31226838235294124,0.312596162107739,0.09289834123791575
graph_04_mu_0_3_node_799,26,0.10153846153846154,0.0009613324858028505,0.4104354971240756,2.4364364364364364,0.024562960956967618,15.005,10.995,1.3648181818181815,0.42288461538461536,0.08308742407355767,0.012673564186201842,0.26814169570267143,0.2685023887093065,0.1133460878804027
graph_04_mu_0_3_node_800,101,0.12966398680684396,0.010020968675764132,0.4906679764243615,2.038038038038038,0.082723825257026,66.03,34.97,1.888413534504711,0.3462376237623763,0.5110563762089337,0.037550624796192124,0.20936700567733857,0.21051714859905224,0.9498542760400828
graph_04_mu_0_3_node_801,20,0.1368421052631579,0.0006494463603374892,0.39880239520958083,2.5075075075075075,0.01563084718077652,9.978,10.022,0.9960404040404042,0.5011,0.2740534832972096,0.01040730308246957,0.3343477938450129,0.3346764694319289,0.272144490881175
graph_04_mu_0_3_node_802,30,0.1471264367816092,0.0011718062161597197,0.43873517786561267,2.279279279279279,0.03314671287146627,15.01,14.99,1.0014945054945055,0.4996666666666667,0.1311197128638112,0.01692710548747296,0.33304717853839033,0.3335388639514517,0.13123602128955628
graph_04_mu_0_3_node_803,119,0.07043913940465664,0.01570351763823642,0.5078800203355364,1.968968968968969,0.0968254067679332,76.032,42.968,1.76968141025641,0.3610756302521007,0.3247183085987629,0.04952730504074994,0.22031599673358473,0.2217297474329282,0.5668884160604054
graph_04_mu_0_3_node_804,30,0.22298850574712645,0.0012567350671183143,0.42080876158382474,2.3763763763763763,0.02311695478338543,17.015,12.985,1.310867132867133,0.43283333333333346,0.4596380504572371,0.013373752219216826,0.27620542770299605,0.27663143131654033,0.601314694898224
graph_04_mu_0_3_node_805,24,0.11594202898550725,0.0006779237368476518,0.411619283065513,2.4294294294294296,0.026456887667808397,13.017,10.983,1.1861818181818184,0.4576249999999999,0.10417591396049701,0.012280973814310574,0.2967374110953059,0.2970976634773065,0.113803803083085
graph_04_mu_0_3_node_806,25,0.09666666666666666,0.0008662178337783371,0.4258312020460358,2.3483483483483485,0.027577981520897826,11.009,13.991,0.7870483682983686,0.5596400000000004,0.12068842257020784,0.01583190767796439,0.38855880171669654,0.38901761363790544,0.09490892683759956
graph_04_mu_0_3_node_807,59,0.10695499707773232,0.003986337231612207,0.46400371574547145,2.155155155155155,0.05659603595360033,36.008,22.992,1.5661835121400338,0.3896949152542372,0.2010998318753179,0.02596350099460947,0.24200255471152102,0.24275755476898644,0.3148740060769408
graph_04_mu_0_3_node_808,24,0.17391304347826086,0.0006769936265385144,0.3943939992104224,2.5355355355355353,0.01709895792671469,14.044,9.956,1.4117999999999997,0.4148333333333334,0.2830941512826495,0.01036057522570713,0.26173441295546557,0.26206101178693153,0.39687435316381403
graph_04_mu_0_3_node_809,26,0.15692307692307692,0.0009136158867374971,0.41816659690246966,2.3913913913913913,0.026282743955600724,15.013,10.987,1.3668141414141415,0.42257692307692307,0.08304052061600868,0.012663905696490878,0.2679029252086542,0.26826335601933293,0.11336821844960687
graph_04_mu_0_3_node_810,85,0.0711484593837535,0.008379238500878943,0.48121387283236994,2.078078078078078,0.06629805924166841,54.058,30.942,1.7476158777242203,0.3640235294117646,0.26697446271323727,0.035011860462887574,0.22252174862583027,0.2235387465082035,0.4660832238379012
graph_04_mu_0_3_node_811,27,0.1396011396011396,0.0010688711729533837,0.4238438693254137,2.359359359359359,0.031490181267972955,14.014,12.986,1.079512937062937,0.4809629629629631,0.12315378001341187,0.014521103346860935,0.3166413396586397,0.31706729221383195,0.13274023920981806
graph_04_mu_0_3_node_812,18,0.0784313725490196,0.00039436804779769086,0.3958003169572108,2.5265265265265264,0.017035318623516697,10.008,7.992,1.2525714285714284,0.4440000000000002,0.0604009336091323,0.009211905874579521,0.28535960591132997,0.28562172481951453,0.06803402321016933
graph_04_mu_0_3_node_813,102,0.06888888888888889,0.012340303315233277,0.496274217585693,2.015015015015015,0.08431198752970168,65.012,36.988,1.7576800514800517,0.36262745098039206,0.3235053265551759,0.04176866633314812,0.221469718213615,0.22268607003138338,0.5598054350957636
graph_04_mu_0_3_node_814,27,0.15669515669515668,0.0007943595959812146,0.44380275433140826,2.2532532532532534,0.04124233184706036,14.006,12.994,1.0780244755244754,0.4812592592592594,0.10973839397032827,0.014742284594315102,0.3168879345271858,0.31731414919876577,0.11824445794414384
graph_04_mu_0_3_node_815,24,0.07971014492753623,0.0009427725725750882,0.41659716430358634,2.4004004004004003,0.021631096255376823,8.005,15.995,0.5005142857142857,0.6664583333333333,0.13989741699427685,0.018062298285414675,0.4997754010695187,0.5002997931480981,0.06123307125169741
graph_04_mu_0_3_node_816,36,0.10476190476190476,0.001495316654781387,0.42402376910016976,2.3583583583583585,0.03303446172912506,22.009,13.991,1.573349650349651,0.38863888888888903,0.13267399155963586,0.015645101979835385,0.2411927182838144,0.2416518614556802,0.20858659284860964
graph_04_mu_0_3_node_817,83,0.09021451660299735,0.008263081655048958,0.4837772397094431,2.067067067067067,0.06961832578073074,49.043,33.957,1.4444472516749647,0.40912048192771067,0.29294485544295185,0.038424457692116006,0.25717166984844764,0.2582872863913772,0.42285308509195385
graph_04_mu_0_3_node_818,56,0.058001397624039136,0.0037041629376992954,0.4553327256153145,2.196196196196196,0.04561235589496401,33.013,22.987,1.4363017821232924,0.4104821428571428,0.17371135266838855,0.02649627537621587,0.2582473050126548,0.2590019925203001,0.24186805289308813
graph_04_mu_0_3_node_819,30,0.0896551724137931,0.0012483515026658605,0.42564976565828716,2.349349349349349,0.0314320241166102,14.014,15.986,0.8767678571428571,0.5328666666666666,0.13501661264706338,0.018136604832808014,0.36321343873517786,0.36373774245666085,0.11827415131349346
graph_04_mu_0_3_node_820,18,0.09803921568627451,0.0005471512795320117,0.38901869158878505,2.5705705705705704,0.013219806533779873,7.005,10.995,0.6373045454545455,0.6108333333333331,0.4028636144507133,0.011313812339902241,0.4397349450549452,0.4400954488199505,0.2564163745682842
graph_04_mu_0_3_node_821,43,0.15609756097560976,0.0021293369662907023,0.43989431968295906,2.2732732732732734,0.035560926970006755,23.021,19.979,1.1524916924664603,0.46462790697674416,0.4614511892208297,0.02089343914051893,0.3026270137339344,0.30328257999957614,0.5080477885661886
graph_04_mu_0_3_node_822,27,0.18803418803418803,0.0009289342610419678,0.4095940959409594,2.4414414414414414,0.020339045970142206,17.006,9.994,1.7018749999999996,0.3701481481481481,0.2683884695216249,0.010386985652723769,0.2271102766798418,0.22743818550322617,0.45637474127156236
graph_04_mu_0_3_node_823,19,0.19298245614035087,0.0003816665811961829,0.4013660104459622,2.4914914914914914,0.022946526515102754,11.003,7.997,1.3760178571428574,0.42089473684210515,0.06753329559859861,0.009073063551133246,0.2665440860215053,0.2668063860105696,0.09290365117911799
graph_04_mu_0_3_node_824,32,0.09885057471264368,0.0013501165040509012,0.4188679245283019,2.3873873873873874,0.022654017046160938,14.077,17.923,0.7865553688141926,0.56009375,0.509602442395554,0.01865105233374875,0.3890863259642432,0.38967412337926133,0.3690588717173293
graph_04_mu_0_3_node_825,31,0.15483870967741936,0.0010924329324860298,0.43548387096774194,2.2962962962962963,0.037471284292207384,17.013,13.987,1.2166212953712954,0.4511935483870966,0.13263892315801804,0.015640682840145616,0.29132813525410167,0.2917869967411382,0.16120975194695997
graph_04_mu_0_3_node_826,51,0.0815686274509804,0.003093198379476288,0.4536784741144414,2.204204204204204,0.04306161909074867,33.048,17.952,1.841733333333333,0.35199999999999987,0.1549063433073942,0.02031318416479406,0.21360630083629284,0.214195782567874,0.28492774901983303
graph_04_mu_0_3_node_827,27,0.10541310541310542,0.000910482261244566,0.41607663473552686,2.4034034034034035,0.026723299625554447,15.011,11.989,1.2523318181818182,0.4440370370370372,0.11369159840520092,0.013406430906943914,0.28538810027182115,0.2857813889319628,0.13274731828302616
graph_04_mu_0_3_node_828,18,0.0915032679738562,0.00041653517846151065,0.4069246435845214,2.4574574574574575,0.02129415418692172,8.007,9.993,0.8015714285714287,0.5551666666666665,0.08620625814821224,0.011307640434866683,0.3842670203359859,0.3845947028388797,0.0690083479827472
graph_04_mu_0_3_node_829,24,0.22826086956521738,0.0007057219812706698,0.3953304313415117,2.5295295295295297,0.017294714070975388,14.005,9.995,1.4015619047619046,0.4164583333333334,0.27306746095581946,0.010379060232059024,0.2630006912214871,0.26332856826645695,0.38235011135787755
graph_04_mu_0_3_node_830,16,0.19166666666666668,0.0004942819829940928,0.38497109826589593,2.5975975975975976,0.01157876783701251,8.015,7.985,1.006,0.4990625,0.25106513515434703,0.008252362957007374,0.3325925925925925,0.332854447625736,0.25129172220651547
graph_04_mu_0_3_node_831,21,0.1,0.0005543092423863668,0.4008828250401284,2.4944944944944947,0.01989157083944384,11.004,9.996,1.100933333333333,0.476,0.08743026711830454,0.011287900053551212,0.3123409090909091,0.31266875440224046,0.09620216216000332
graph_04_mu_0_3_node_832,20,0.20526315789473684,0.0004278015874898331,0.4023358840112767,2.4854854854854853,0.02666153115375424,13.0,7.0,1.8571428571428577,0.3499999999999999,0.05910834881284294,0.007942083095870064,0.21212121212121207,0.2123508483118757,0.10977264779527976
graph_04_mu_0_3_node_833,31,0.12688172043010754,0.0012261380963027597,0.4300473525613431,2.325325325325325,0.0339692322800885,16.012,14.988,1.068460805860806,0.4834838709677422,0.126584190723634,0.017004436992335198,0.3188202706614561,0.3193119228293341,0.1351093017910027
graph_04_mu_0_3_node_834,21,0.14761904761904762,0.0006412284688453739,0.4013660104459622,2.4914914914914914,0.02148247010822235,14.003,6.997,2.0015,0.33319047619047615,0.05287304777114018,0.008065289484609637,0.19990000000000002,0.20012955289432016,0.10579089094189698
graph_04_mu_0_3_node_835,18,0.08496732026143791,0.0004999572814737078,0.4034733441033926,2.4784784784784786,0.017706620585602906,7.005,10.995,0.6372181818181818,0.6108333333333331,0.0961692515570927,0.012415985573093586,0.43972717948717965,0.44008768326507725,0.06123904491767108
graph_04_mu_0_3_node_836,22,0.07792207792207792,0.0007983271783281535,0.40217391304347827,2.4864864864864864,0.020474751915441108,9.006,12.994,0.6931794871794871,0.5906363636363637,0.1097374807397836,0.014742276400676059,0.4190913978494622,0.41951747277115364,0.07599644847365522
graph_04_mu_0_3_node_837,20,0.13071895424836602,0.0005680501393387448,0.38601236476043277,2.5905905905905904,0.013869644378743166,10.01,9.99,1.0025,0.4995,0.31389750683314965,0.010325544426249564,0.33291666666666664,0.3332442938433841,0.2826512612828747
graph_04_mu_0_3_node_838,15,0.0761904761904762,0.00036843045850146503,0.39800796812749006,2.5125125125125125,0.014071718942719693,5.003,9.997,0.5005,0.6664666666666665,0.27680366764037645,0.0103739462703134,0.4997857142857143,0.5001134633728502,0.13844772337367273
graph_04_mu_0_3_node_839,43,0.09302325581395349,0.0021260842564765573,0.43950725912890454,2.275275275275275,0.037505190277015744,27.015,15.985,1.6903666666666666,0.3717441860465115,0.12080821815359577,0.018424987345994927,0.2283152358596021,0.22883995424138281,0.2040390761397033
graph_04_mu_0_3_node_840,23,0.13043478260869565,0.0008006201274142575,0.39564356435643566,2.5275275275275275,0.015798729538385473,10.98,12.02,0.9138332167832166,0.5226086956521737,0.3286595332514806,0.012481960804070826,0.353770316611493,0.35416451750470507,0.2731092344709185
graph_04_mu_0_3_node_841,40,0.18974358974358974,0.001744536982286406,0.4375821287779238,2.285285285285285,0.039245801288406275,24.033,15.967,1.5062619047619048,0.39917500000000006,0.2864504600378092,0.016929835758984622,0.2493812902783491,0.24990531532704516,0.4302039445092174
graph_04_mu_0_3_node_842,30,0.13756613756613756,0.0012197882338587805,0.41195876288659794,2.4274274274274275,0.020000002725976747,19.003,10.997,1.7280909090909085,0.3665666666666665,0.30449839801548656,0.011411569887600895,0.22441632653061225,0.2247771797858552,0.4983454305188482
graph_04_mu_0_3_node_843,30,0.13333333333333333,0.0011516183921284847,0.4201009251471825,2.3803803803803802,0.024970291240816744,16.099,13.901,1.1620229770229766,0.4633666666666667,0.3961299769462684,0.01445998562060745,0.30170531820498786,0.3021613314703749,0.45394837218135187
graph_04_mu_0_3_node_844,27,0.1452991452991453,0.0007722389811702053,0.4056029232643118,2.4654654654654653,0.0251641811743144,19.007,7.993,2.378375,0.296037037037037,0.06991603292956293,0.009025926835100275,0.17373820536540233,0.17400051190335775,0.16618992739461946
graph_04_mu_0_3_node_845,21,0.1380952380952381,0.0007081249321279109,0.4134933774834437,2.4184184184184185,0.02710235044397329,10.004,10.996,0.9099393939393935,0.5236190476190477,0.09286255211247146,0.012475481533228841,0.35467448680351904,0.35503509427220037,0.08445798982155286
graph_04_mu_0_3_node_846,28,0.15079365079365079,0.0008639506862597835,0.39753282928770395,2.5155155155155153,0.01903489051004026,16.055,11.945,1.3475242424242424,0.4266071428571429,0.3397032659561686,0.012430073660410126,0.2712298199385155,0.27162169218807525,0.4537613543564103
graph_04_mu_0_3_node_847,17,0.09558823529411764,0.0004274970897466759,0.39627132090440303,2.5235235235235236,0.015730591096226335,8.015,8.985,0.8924305555555557,0.5285294117647058,0.06790436769174525,0.010356518481354606,0.35921538461538466,0.35951002346786454,0.06048840673735351
graph_04_mu_0_3_node_848,16,0.10833333333333334,0.0003745737138444396,0.4060975609756098,2.4624624624624625,0.019387602776613343,7.021,8.979,0.7824444444444447,0.5611875,0.07748200016961804,0.010159861129268467,0.39008695652173914,0.3903813794658924,0.06039386767876186
graph_04_mu_0_3_node_849,32,0.2661290322580645,0.0010002688570717269,0.43321769297484825,2.3083083083083085,0.03736643703846098,21.02,10.98,1.9154262626262635,0.343125,0.19698357283255244,0.011641898512907652,0.2071064354234166,0.20746677863889237,0.376379168229801
graph_04_mu_0_3_node_850,24,0.17316017316017315,0.0005427425087907443,0.4059325477448192,2.4634634634634636,0.026961070720153784,15.001,8.999,1.6670000000000003,0.37495833333333334,0.08531680347938989,0.010063459955878503,0.23073846153846156,0.2310336946603228,0.13272664379622268
graph_04_mu_0_3_node_851,83,0.089920658242727,0.007494072735633782,0.47639484978540775,2.099099099099099,0.06874728015498797,55.048,27.952,1.969692706552707,0.3367710843373493,0.24116500512251288,0.03162888537079428,0.20248513408118493,0.20340400734466638,0.47464603701667113
graph_04_mu_0_3_node_852,35,0.11596638655462185,0.001480207164719381,0.4402820625826355,2.2712712712712713,0.03573562567249934,19.012,15.988,1.18925,0.4568000000000001,0.13790984507096885,0.018091882112035943,0.296013468013468,0.296538009277191,0.16391132900599678
graph_04_mu_0_3_node_853,21,0.18095238095238095,0.0005784389667725754,0.3875096974398759,2.5805805805805804,0.01339606141485897,12.001,8.999,1.3336249999999998,0.42852380952380953,0.2491474405341494,0.009338381397822948,0.27268983957219234,0.2729850145906364,0.3322112393935178
graph_04_mu_0_3_node_854,40,0.1076923076923077,0.0019043126719470616,0.43190661478599224,2.315315315315315,0.035603526140281914,25.012,14.988,1.6690109890109892,0.37470000000000003,0.1132681511172373,0.017275992527862664,0.23054656786000075,0.23103851049139582,0.18894129608190893
graph_04_mu_0_3_node_855,24,0.09420289855072464,0.0007905740335768777,0.4183417085427136,2.3903903903903903,0.02775766570937162,12.007,11.993,1.001309090909091,0.49970833333333337,0.10128488000025936,0.013606617223642224,0.3330829777145566,0.3334763200359862,0.09289554614546548
graph_04_mu_0_3_node_856,64,0.11528291909042834,0.004118189495144498,0.46769662921348315,2.1381381381381384,0.061567333399087903,41.008,22.992,1.7836205533596832,0.35925,0.20109377875436485,0.025963678344392272,0.21895561545372874,0.21971086353524477,0.34988224088929054
graph_04_mu_0_3_node_857,17,0.17647058823529413,0.0003644496906052702,0.38690937257939584,2.5845845845845847,0.01983871618396286,11.001,5.999,1.8338999999999996,0.35288235294117637,0.05687283477316121,0.006708686452262287,0.214243842364532,0.214440621229981,0.10428971321316115
graph_04_mu_0_3_node_858,42,0.09059233449477352,0.002206446839589441,0.43548387096774194,2.2962962962962963,0.03567375557696762,27.059,14.941,1.813561538461539,0.35573809523809513,0.12897419728450774,0.01690488675845385,0.21639083486425806,0.21688130103387532,0.23324803871582403
graph_04_mu_0_3_node_859,24,0.13043478260869565,0.0006608878319631723,0.40976210008203445,2.4404404404404403,0.02891798610841831,13.002,10.998,1.182339393939394,0.4582499999999999,0.09287450613146774,0.012477932446966652,0.29723266586424485,0.29759340983954585,0.10975951513327711
graph_04_mu_0_3_node_860,24,0.13768115942028986,0.0007871436626362371,0.39753282928770395,2.5155155155155153,0.015120614675278142,13.021,10.979,1.1870545454545456,0.4574583333333332,0.40271022048914895,0.011295734130278422,0.29660085348506404,0.2969609747927212,0.47620721298610524
graph_04_mu_0_3_node_861,18,0.0718954248366013,0.0005070512789782414,0.3878105590062112,2.5785785785785786,0.013128197186975278,7.014,10.986,0.6389227272727274,0.6103333333333332,0.4027918837256919,0.011303466424007667,0.4392528937728939,0.4396131027107681,0.25641651824644507
graph_04_mu_0_3_node_862,41,0.05853658536585366,0.00222817304599183,0.43719912472647704,2.2872872872872874,0.033434845230843606,25.013,15.987,1.564769642857143,0.38992682926829275,0.12081900497582729,0.018427450069832835,0.24218426583659233,0.24270898090843873,0.18894809485853586
graph_04_mu_0_3_node_863,24,0.10144927536231885,0.00083276828505173,0.42080876158382474,2.3763763763763763,0.02328255045374466,15.002,8.998,1.6673333333333336,0.3749166666666666,0.06799262760261349,0.010371811873186804,0.23070769230769236,0.2310028926480652,0.105795123814004
graph_04_mu_0_3_node_864,21,0.06666666666666667,0.000660081223476798,0.40842191332788225,2.4484484484484486,0.02183592136638929,8.002,12.998,0.615653846153846,0.6189523809523807,0.09821440698641765,0.014982678581907227,0.4481793103448274,0.4486054883297113,0.06044791353621477
graph_04_mu_0_3_node_865,14,0.12087912087912088,0.0001905614134612162,0.4004008016032064,2.4974974974974975,0.01673506796028034,7.004,6.996,1.0013333333333332,0.4997142857142857,0.06034687765468205,0.007916594392964304,0.333090909090909,0.3333203238264814,0.06039386767876186
graph_04_mu_0_3_node_866,23,0.10276679841897234,0.000632452694339154,0.4249255635899617,2.3533533533533535,0.02870989384233915,13.004,9.996,1.3010861111111112,0.43460869565217397,0.09478123294253331,0.011178018841121773,0.2776414572467204,0.27796934556746716,0.12324865986952482
graph_04_mu_0_3_node_867,16,0.13333333333333333,0.0002694867648322911,0.4028225806451613,2.4824824824824825,0.01813455835116607,11.002,4.998,2.2015999999999996,0.312375,0.04311057036003038,0.0056556923630158165,0.18510052910052907,0.185264478609709,0.08625451392580237
graph_04_mu_0_3_node_868,16,0.16666666666666666,0.0003166754560381354,0.390234375,2.5625625625625625,0.01613187149932948,9.005,6.995,1.2879238095238097,0.4371875,0.061188991457617616,0.007898852529686374,0.27976113960113974,0.279990551642679,0.07873466947290315
graph_04_mu_0_3_node_869,20,0.07894736842105263,0.0005114465558560641,0.3958003169572108,2.5265265265265264,0.01776130824371449,8.017,11.983,0.6698268398268397,0.5991499999999998,0.11365148858610527,0.013399337725034707,0.42778026571130023,0.4281731772283663,0.07592980816509678
graph_04_mu_0_3_node_870,21,0.06190476190476191,0.0008265357175478383,0.4192194712547209,2.3853853853853852,0.022081494036019778,7.007,13.993,0.5008461538461538,0.6663333333333332,0.10574485867401691,0.01612917497279427,0.49964482758620693,0.5001035846696155,0.05290870731980921
graph_04_mu_0_3_node_871,27,0.10256410256410256,0.000925091714802983,0.4059325477448192,2.4634634634634636,0.022662768844710208,17.007,9.993,1.7021749999999995,0.3701111111111111,0.08740924609728352,0.011284381586798103,0.22708300395256908,0.2274108799944708,0.13997244454930438
graph_04_mu_0_3_node_872,21,0.12857142857142856,0.0004828225744309137,0.40976210008203445,2.4404404404404403,0.022834345709890055,12.008,8.992,1.3357499999999998,0.4281904761904762,0.06795667680273786,0.010364610726267568,0.272429946524064,0.27272489211076334,0.09070733837983279
graph_04_mu_0_3_node_873,21,0.1761904761904762,0.0005646434752653068,0.39753282928770395,2.5155155155155153,0.015658625277074067,11.009,9.991,1.102333333333333,0.47576190476190483,0.2767437983956971,0.010367258617312376,0.3121514037433155,0.3124790851858871,0.3045533430704316
graph_04_mu_0_3_node_874,30,0.1632183908045977,0.0008680320329850168,0.4278372591006424,2.3373373373373374,0.03674187620242277,19.012,10.988,1.7307499999999996,0.3662666666666665,0.10420886850595155,0.01228683462017138,0.2241987441130298,0.2245593023156182,0.18013636126293253
graph_04_mu_0_3_node_875,56,0.06988120195667366,0.0038826982020527825,0.45783684692942256,2.184184184184184,0.04682635956991057,32.016,23.984,1.335040843214756,0.4282857142857143,0.18125131882432852,0.027645288185458517,0.27250131740918243,0.27328866014690006,0.23432808673714822
graph_04_mu_0_3_node_876,21,0.09047619047619047,0.0007109245033283753,0.40478119935170176,2.4704704704704703,0.021442920685458854,10.022,10.978,0.9136462121212118,0.5227619047619048,0.08297513146921724,0.012653478851806501,0.3539275595135415,0.3542875772249341,0.07563617566487259
graph_04_mu_0_3_node_877,18,0.11764705882352941,0.0004080715015118794,0.4028225806451613,2.4824824824824825,0.01879533562879452,8.001,9.999,0.8002,0.5555,0.08623884406934304,0.011315025267879725,0.3845641025641027,0.3848919816592445,0.0689992570736563
graph_04_mu_0_3_node_878,21,0.06666666666666667,0.0007194087382843932,0.4026602176541717,2.4834834834834836,0.01658926023491432,6.025,14.975,0.40269230769230774,0.7130952380952379,0.549149323920361,0.015407883601385428,0.5542118773946358,0.5547027815764545,0.21984927942648194
graph_04_mu_0_3_node_879,17,0.125,0.0004222873160231788,0.39423835832675613,2.5365365365365364,0.01565911299513368,9.01,7.99,1.1280357142857143,0.47,0.06748767585117228,0.009064830718196245,0.30720797720797716,0.3074700133777178,0.07604954335875531
graph_04_mu_0_3_node_880,30,0.11954022988505747,0.0012084659377316791,0.4117889530090684,2.4284284284284285,0.021772594572503783,12.017,17.983,0.6683823529411763,0.5994333333333332,0.6364321059639589,0.01852223808567015,0.4280126849894292,0.4286023697889743,0.42453416889279216
graph_04_mu_0_3_node_881,70,0.09151138716356108,0.006335118856627862,0.4793666026871401,2.086086086086086,0.06400638767547433,41.007,28.993,1.4143965517241381,0.41418571428571443,0.25357667959311414,0.032740358088667106,0.2611824324324324,0.26213461540438165,0.35859642059837393
graph_04_mu_0_3_node_882,22,0.23376623376623376,0.0007154950236817206,0.39705882352941174,2.5185185185185186,0.01577405100534506,12.008,9.992,1.2020166666666665,0.454181818181818,0.35359918911062704,0.010291610056701372,0.29382390289449106,0.2941516386229348,0.42445943863372765
graph_04_mu_0_3_node_883,19,0.09941520467836257,0.0005066492497507467,0.4274711168164313,2.339339339339339,0.02506901548753986,7.005,11.995,0.5841106060606062,0.6313157894736844,0.10491696148812747,0.0135451706880941,0.4612755392755394,0.4616688181285647,0.061250409515514546
graph_04_mu_0_3_node_884,19,0.12280701754385964,0.0004714915245949376,0.398961661341853,2.5065065065065064,0.020742508359146553,10.01,8.99,1.114126984126984,0.4731578947368422,0.07756296963832897,0.01017247102378362,0.3099221357063404,0.3102169770329165,0.08629037954796831
graph_04_mu_0_3_node_885,16,0.11666666666666667,0.00041613907982142556,0.3996,2.5025025025025025,0.018992387926288937,8.006,7.994,1.0017142857142856,0.499625,0.06751477113989773,0.00906947850155277,0.3330133333333333,0.33327548339998136,0.06757389373511923
graph_04_mu_0_3_node_886,93,0.08669108669108669,0.009539803452400105,0.48518698397280235,2.061061061061061,0.0772290060187662,59.033,33.967,1.738258746312004,0.365236559139785,0.29713016611932586,0.03835607657601081,0.22342447361391482,0.22454115121762505,0.5074697355825201
graph_04_mu_0_3_node_887,21,0.1,0.0005599879002380962,0.4100985221674877,2.4384384384384385,0.022202104719806135,10.007,10.993,0.9104272727272723,0.5234761904761904,0.09615616028953337,0.0124136159439747,0.3545423387096774,0.3549028479048208,0.07871085994909363
graph_04_mu_0_3_node_888,16,0.15,0.0002813273927318516,0.388715953307393,2.5725725725725725,0.016969262580957097,10.001,5.999,1.6672000000000002,0.3749375,0.05174148825978767,0.0067885023402150125,0.23072364672364676,0.23092041268048366,0.07761905057149969
graph_04_mu_0_3_node_889,23,0.1857707509881423,0.0004971648169719311,0.39705882352941174,2.5185185185185186,0.02459724124824225,16.013,6.987,2.2941476190476187,0.30378260869565227,0.06627551131120003,0.007812668820769881,0.17911247654784235,0.1793417316089679,0.15176343145990803
graph_04_mu_0_3_node_890,61,0.09468147282291058,0.0042521019911204785,0.45867768595041325,2.18018018018018,0.05512853997639955,37.016,23.984,1.5436274564870678,0.39318032786885254,0.22743421537578012,0.0268195648620682,0.2447009361226102,0.24548853736108173,0.3413747775171222
graph_04_mu_0_3_node_891,14,0.10989010989010989,0.0002816574593189303,0.38841368584758945,2.5745745745745747,0.014280496390260444,6.003,7.997,0.75075,0.5712142857142856,0.0699457216641516,0.009030549782210186,0.39980000000000004,0.40006221398340586,0.052480573299395726
graph_04_mu_0_3_node_892,28,0.13227513227513227,0.0009368499621757695,0.4111111111111111,2.4324324324324325,0.02588239482288089,15.017,12.983,1.1571367521367515,0.46367857142857144,0.18977137981185227,0.013940651360692492,0.3018299671629706,0.3022558493639692,0.21922569220625593
graph_04_mu_0_3_node_893,20,0.1631578947368421,0.00042970099621074355,0.436435124508519,2.2912912912912913,0.030760563763063898,11.005,8.995,1.223769841269841,0.4497500000000001,0.08529437165158893,0.01005853908552788,0.2901258553274682,0.29042087987871235,0.10430862597937852
graph_04_mu_0_3_node_894,20,0.11764705882352941,0.0005402912529613429,0.3994402239104358,2.5035035035035036,0.016068700989603543,10.005,9.995,1.0019444444444445,0.49975,0.2683301151017327,0.01039157210560878,0.33316972562106034,0.3334975165461882,0.24109018455898282
graph_04_mu_0_3_node_895,73,0.07952815829528158,0.006847680371997801,0.47753346080305925,2.094094094094094,0.0632463042152894,43.031,29.969,1.4360031767083492,0.4105342465753424,0.2585280988184893,0.03391214125530907,0.2582891963514115,0.2592735321074898,0.3710342562166883
graph_04_mu_0_3_node_896,18,0.1111111111111111,0.0005608315587807385,0.408255006129955,2.4494494494494496,0.018304408800054787,6.028,11.972,0.5038181818181818,0.665111111111111,0.10330165110024385,0.01354667918290371,0.49832000000000004,0.49871249984578303,0.05190189906741506
graph_04_mu_0_3_node_897,17,0.21323529411764705,0.00033757087438551585,0.40842191332788225,2.4484484484484486,0.022122329282428847,10.006,6.994,1.4309999999999996,0.4114117647058824,0.061178429918635036,0.007897793406559715,0.25898941798941794,0.2592188123133581,0.08747906744552592
graph_04_mu_0_3_node_898,22,0.10822510822510822,0.0006248412050923623,0.4100985221674877,2.4384384384384385,0.022369379806889328,13.003,8.997,1.4454484126984124,0.4089545454545455,0.06798850488340244,0.010370523897626471,0.2570399828399828,0.25733511166285805,0.09824325734118819
graph_04_mu_0_3_node_899,22,0.08658008658008658,0.0005750455415021891,0.43719912472647704,2.2872872872872874,0.02858221237363196,9.004,12.996,0.6928974358974358,0.5907272727272728,0.09820541939798871,0.01498013652482895,0.4191801075268816,0.41960624795137264,0.060468336506682076
graph_04_mu_0_3_node_900,21,0.1380952380952381,0.0006112553037352478,0.41590341382181517,2.4044044044044046,0.02557786027773752,10.017,10.983,0.9125909090909088,0.523,0.10416929632126451,0.012281174509536164,0.3541343475073313,0.35449452904234363,0.09484553455463436
graph_04_mu_0_3_node_901,20,0.08421052631578947,0.0006461246220261321,0.4104354971240756,2.4364364364364364,0.02068569709553844,11.008,8.992,1.2244444444444442,0.4496000000000001,0.07756139576170003,0.010175321798214704,0.29,0.2902949262454647,0.09486772847627736
graph_04_mu_0_3_node_902,21,0.12857142857142856,0.0004661923862343457,0.4004008016032064,2.4974974974974975,0.020297973436990132,15.007,5.993,2.5049,0.2853809523809523,0.04529398035070675,0.006907765249846214,0.16644594594594592,0.16664257969637072,0.11336995836233041
graph_04_mu_0_3_node_903,40,0.09230769230769231,0.0018710436113817933,0.4227676682183665,2.3653653653653652,0.03151863115549203,26.01,13.99,1.8594871794871797,0.3497499999999999,0.12237057301593143,0.01579794814722026,0.2119424269029185,0.21240165786458787,0.2274484289487412
graph_04_mu_0_3_node_904,15,0.19047619047619047,0.0003906485636424964,0.3928430987023201,2.5455455455455454,0.014832896741243221,7.003,7.997,0.8758035714285713,0.5331333333333332,0.22144558816710722,0.008298409384989583,0.3634584980237154,0.36372072920374054,0.1937898896462188
graph_04_mu_0_3_node_905,15,0.1619047619047619,0.00022058386353862505,0.39161113288906313,2.5535535535535536,0.01840393894886179,8.002,6.998,1.1435714285714282,0.4665333333333334,0.06120765297627914,0.007902430084760409,0.3042391304347826,0.3044686257675054,0.06997711360554353
graph_04_mu_0_3_node_906,35,0.10756302521008404,0.0016192385379310613,0.43796580447172295,2.2832832832832834,0.037182550537179955,19.004,15.996,1.1880833333333334,0.4570285714285715,0.13990569241255224,0.01806341832768944,0.2962020202020202,0.29672682354539587,0.16618019151646257
graph_04_mu_0_3_node_907,23,0.10276679841897234,0.0006302438409262018,0.40842191332788225,2.4484484484484486,0.02376386243540373,12.014,10.986,1.0939757575757572,0.4776521739130436,0.10419241610556461,0.012284658797555746,0.31378052338052326,0.31414085048823126,0.11381055544252192
graph_04_mu_0_3_node_908,93,0.09233286582515195,0.008545903613815263,0.48970588235294116,2.042042042042042,0.08871496345637161,59.041,33.959,1.7391684959893041,0.3651505376344086,0.28684426011976416,0.038526596689188335,0.2233642823165976,0.22448069752838484,0.49840632147642766
graph_04_mu_0_3_node_909,47,0.09620721554116558,0.00249782785399785,0.4373905429071804,2.2862862862862863,0.03945657494745101,30.018,16.982,1.76813049719888,0.36131914893617034,0.14855107505460144,0.0191763807052101,0.22050260888900136,0.2210601460967669,0.2537410017805735
graph_04_mu_0_3_node_910,22,0.15151515151515152,0.0007281972167120111,0.41729323308270677,2.3963963963963963,0.024413837602580233,11.03,10.97,1.0061777777777778,0.4986363636363636,0.09466941855366108,0.012412535731228828,0.33216582633053215,0.33252560556812066,0.09486772847627736
graph_04_mu_0_3_node_911,29,0.1339031339031339,0.0008780418090100729,0.4034733441033926,2.4784784784784786,0.020702154147522304,14.099,14.901,0.9492080086580088,0.5138275862068967,0.4244801205609788,0.015501045937706837,0.34592714712471184,0.3464158846337052,0.3691494534764644
graph_04_mu_0_3_node_912,21,0.09047619047619047,0.0006273171313695422,0.4016887816646562,2.4894894894894897,0.020879046582759343,10.003,10.997,0.9098068181818177,0.5236666666666667,0.09287103462095397,0.012476560252378994,0.354719165085389,0.3550798053097651,0.08444049830406135
graph_04_mu_0_3_node_913,21,0.07142857142857142,0.0005584724567395696,0.40942622950819674,2.4424424424424425,0.022484647344678036,8.019,12.981,0.6179423076923075,0.618142857142857,0.11199172658929947,0.014688743490817042,0.44735862068965504,0.44778424193721,0.06900129056647927
graph_04_mu_0_3_node_914,28,0.12698412698412698,0.0011150720254001897,0.42420382165605097,2.3573573573573574,0.03154364141690519,14.008,13.992,1.0013333333333334,0.4997142857142857,0.12238845910571143,0.01580015981050397,0.333090909090909,0.3335498440636262,0.12248310518035752
graph_04_mu_0_3_node_915,39,0.08108108108108109,0.0019139841629792916,0.43228039809606233,2.3133133133133135,0.03238095659733939,23.005,15.995,1.4383316176470589,0.4101282051282052,0.12086796136795701,0.01843702209348251,0.2579653244692905,0.25849023281754346,0.16625962792906318
graph_04_mu_0_3_node_916,23,0.12648221343873517,0.0006216466281685908,0.4251063829787234,2.3523523523523524,0.02980758814119597,12.002,10.998,1.0913737373737367,0.47817391304347834,0.09485863756718646,0.01244537394851385,0.3142146718146717,0.31457539213253993,0.10349206742866625
graph_04_mu_0_3_node_917,37,0.11411411411411411,0.00166461307395014,0.4320934256055363,2.314314314314314,0.038374613235970155,20.01,16.99,1.177849019607843,0.45918918918918933,0.14348688892459224,0.019275921088258346,0.29802253734863154,0.2985799708455808,0.16893155374420615
graph_04_mu_0_3_node_918,25,0.1383399209486166,0.0007951886493003554,0.41263940520446096,2.4234234234234235,0.020332872005421394,13.014,11.986,1.0861363636363637,0.47944000000000014,0.27686714458492034,0.01253436432210481,0.3153238866396762,0.3157170253948748,0.27713227129337586
graph_04_mu_0_3_node_919,19,0.0935672514619883,0.00044928326303057364,0.40842191332788225,2.4484484484484486,0.02103886443559431,11.001,7.999,1.3753392857142859,0.4209999999999999,0.06899016616456538,0.009051763804047368,0.2666258064516129,0.26688817199506815,0.09486772847627736
graph_04_mu_0_3_node_920,22,0.06493506493506493,0.0007436103549137534,0.40808823529411764,2.4504504504504503,0.02098145190851091,10.001,11.999,0.8335589743589744,0.5454090909090906,0.09066945364085217,0.013830988254188771,0.37496347248576856,0.37535695975176087,0.0680139529794979
graph_04_mu_0_3_node_921,26,0.07076923076923076,0.000909285130759645,0.4188679245283019,2.3873873873873874,0.025345424224959938,13.003,12.997,1.000530303030303,0.49988461538461537,0.09821012205566211,0.014981403391430202,0.3332349593495934,0.33366124434897076,0.09822785949634903
graph_04_mu_0_3_node_922,31,0.17980295566502463,0.0011154255696409208,0.40925850061450225,2.4434434434434436,0.02089008014938528,17.018,13.982,1.2175503663003662,0.45103225806451597,0.49496167052785667,0.014400750901189415,0.2911995578231293,0.29165825546947405,0.566046573451321
graph_04_mu_0_3_node_923,33,0.11931818181818182,0.0014935871772769349,0.42875536480686693,2.3323323323323324,0.031288793692665254,15.028,17.972,0.836433823529412,0.5446060606060603,0.2626689760035149,0.019298307493558077,0.3742210204081632,0.37481046106610577,0.21940451221163373
graph_04_mu_0_3_node_924,16,0.18333333333333332,0.0002832852370308583,0.3940828402366864,2.5375375375375375,0.018689972951114648,10.002,5.998,1.6677333333333335,0.374875,0.05246048320930564,0.006773221761275224,0.2306780626780627,0.2308747958512485,0.08746326781130523
graph_04_mu_0_3_node_925,16,0.225,0.0003168378258994913,0.4065934065934066,2.4594594594594597,0.0214559752729212,9.01,6.99,1.2895238095238097,0.436875,0.060301918901383,0.007909666821355417,0.2795076923076924,0.27973694047613423,0.07768750433683864
graph_04_mu_0_3_node_926,18,0.16339869281045752,0.0003470590649683565,0.4015273311897106,2.4904904904904903,0.02016171157796103,11.001,6.999,1.571857142857143,0.3888333333333334,0.061212891071517235,0.007903657460326018,0.2413379310344827,0.24156750431458485,0.09620216216000332
graph_04_mu_0_3_node_927,17,0.27941176470588236,0.00021738837178514604,0.40445344129554656,2.4724724724724725,0.027895204333631757,12.002,4.998,2.402266666666666,0.294,0.04221124014302167,0.005670345802962643,0.17233815350389328,0.1725021137634022,0.1013331024693781
graph_04_mu_0_3_node_928,22,0.10822510822510822,0.000575350155097397,0.4153846153846154,2.4074074074074074,0.024830766236609833,11.001,10.999,1.0002,0.49995454545454543,0.09619540540324656,0.012420708182516503,0.3332941176470588,0.33365484707488974,0.09620891891676008
graph_04_mu_0_3_node_929,18,0.0718954248366013,0.0004235943797312147,0.40758873929008566,2.4534534534534536,0.020032859604096794,8.003,9.997,0.8006000000000001,0.5553888888888888,0.08743793962597705,0.011289039584564,0.3844615384615386,0.3847893520323788,0.06997711360554353
graph_04_mu_0_3_node_930,22,0.19480519480519481,0.00045299662845341734,0.41816659690246966,2.3913913913913913,0.026432370616598446,15.001,6.999,2.1433809523809524,0.31813636363636366,0.052885674344187936,0.008067671248453494,0.1891578947368421,0.18938752827438043,0.1133460878804027
graph_04_mu_0_3_node_931,25,0.12,0.0007893713096242504,0.42366412213740456,2.3603603603603602,0.029695161826001886,12.012,12.988,0.9250582750582753,0.5195199999999999,0.12316552563590659,0.014523549965053291,0.3509282561914142,0.35135421840243836,0.11381357212008897
graph_04_mu_0_3_node_932,29,0.13793103448275862,0.0008615128232116535,0.4107730263157895,2.4344344344344346,0.02963951763664785,19.003,9.997,1.9009666666666662,0.34472413793103457,0.08442139525941088,0.011342230149953263,0.20825935374149662,0.20858740396983108,0.16045154531786254
graph_04_mu_0_3_node_933,23,0.1383399209486166,0.0006266982748707898,0.4122988031366075,2.4254254254254253,0.02662830460443371,13.011,9.989,1.3034682539682543,0.434304347826087,0.09473263884480926,0.011169908785115083,0.27741383691383686,0.2777414957727518,0.12328751297625788
graph_04_mu_0_3_node_934,20,0.23157894736842105,0.0004234123190052331,0.39658594680428744,2.5215215215215214,0.024802821811021787,14.009,5.991,2.339666666666667,0.2995499999999999,0.05060445324740958,0.006796905898192371,0.17616993464052286,0.17636648989750384,0.11823049072913414
graph_04_mu_0_3_node_935,27,0.08547008547008547,0.0011310210629757382,0.41607663473552686,2.4034034034034035,0.02330151883532052,14.017,12.983,1.0800541958041958,0.480851851851852,0.11357410396844732,0.01466054428122989,0.3165488210031602,0.31697467526551576,0.1225517191220767
graph_04_mu_0_3_node_936,13,0.14102564102564102,0.0002094017206363427,0.38571428571428573,2.5925925925925926,0.013154052109925964,7.025,5.975,1.1783666666666666,0.4596153846153847,0.05157653426854732,0.00676045477482068,0.2984748917748917,0.29867083233735997,0.06042631672266602
graph_04_mu_0_3_node_937,40,0.10897435897435898,0.002053324966251236,0.436435124508519,2.2912912912912913,0.03891341801382304,22.014,17.986,1.224133986928104,0.44965000000000016,0.13592408253091673,0.02073167813536102,0.2900390424987199,0.2906292125488462,0.1662853646682294
graph_04_mu_0_3_node_938,33,0.14772727272727273,0.0012243105208841303,0.44419742107603377,2.2512512512512513,0.0433719425910415,17.006,15.994,1.0633884615384614,0.48466666666666647,0.13507316235951444,0.01814587925739492,0.3198476359600444,0.32037230490992624,0.1435714730348791
graph_04_mu_0_3_node_939,21,0.24761904761904763,0.0005754688832996041,0.4128099173553719,2.4224224224224224,0.025869413633761256,13.004,7.996,1.6265,0.3807619047619048,0.1168408000272662,0.008586228293735575,0.23515294117647062,0.23541524280210413,0.18994541181939928
graph_04_mu_0_3_node_940,43,0.1378048780487805,0.0020180205407450097,0.4278372591006424,2.3373373373373374,0.030282466154155075,24.096,18.904,1.2779490368077058,0.43962790697674414,0.5377973874968125,0.019670337637581744,0.2818406797471708,0.2824610368892725,0.6526469735593519
graph_04_mu_0_3_node_941,27,0.17663817663817663,0.0008427276828168706,0.41400745959386653,2.4154154154154153,0.028356081625543674,16.002,10.998,1.455090909090909,0.4073333333333333,0.1606901214961356,0.011809923674224105,0.25575813953488374,0.25611895452690964,0.23375575461109901
graph_04_mu_0_3_node_942,26,0.10461538461538461,0.0008911210494846319,0.4215189873417722,2.3723723723723724,0.029504576876277295,12.01,13.99,0.8588207792207793,0.5380769230769231,0.13267165300998188,0.01564370966964124,0.368085335289443,0.3685441445188204,0.11378898940577131
graph_04_mu_0_3_node_943,20,0.12631578947368421,0.0005276967241394493,0.40675895765472314,2.4584584584584586,0.021010046004305595,11.003,8.997,1.2231349206349205,0.44985000000000014,0.06798499247183136,0.010370685002323793,0.2902040566959922,0.29049914679947425,0.0831222913687056
graph_04_mu_0_3_node_944,19,0.08187134502923976,0.0005008076588568046,0.40478119935170176,2.4704704704704703,0.019794871958758824,8.008,10.992,0.7286929292929292,0.578526315789474,0.0830700403175737,0.012669936185124098,0.40700875752599885,0.40736918667226935,0.05290764465698185
graph_04_mu_0_3_node_945,27,0.1168091168091168,0.0010088358473994447,0.4036363636363636,2.4774774774774775,0.018310884406293783,11.03,15.97,0.6919410714285714,0.5914814814814815,0.8235992776766027,0.016300968803094496,0.4200293522267205,0.42055302863736754,0.5668527851176015
graph_04_mu_0_3_node_946,19,0.13450292397660818,0.00043058629969885254,0.40775510204081633,2.4524524524524525,0.020615810232118403,10.003,8.997,1.1119027777777777,0.47352631578947374,0.06798672081513209,0.010370614037659012,0.3102137931034483,0.3105088638574932,0.07557707383337803
graph_04_mu_0_3_node_947,21,0.11428571428571428,0.0005545882457093313,0.40314769975786924,2.4804804804804803,0.022129910508823576,9.01,11.99,0.7518295454545455,0.5709523809523808,0.11370484483231223,0.01340736751527498,0.39956432637571165,0.3999574930087943,0.08536122915506555
graph_04_mu_0_3_node_948,26,0.05846153846153846,0.0009537964512477674,0.4153846153846154,2.4074074074074074,0.02273195105427578,10.007,15.993,0.6257583333333334,0.6151153846153844,0.12085533387129081,0.018434638857884197,0.4441711711711713,0.4446955665521656,0.06803904833579748
graph_04_mu_0_3_node_949,24,0.14492753623188406,0.0006762248324289608,0.41469489414694893,2.4114114114114114,0.029194182468688552,14.007,9.993,1.4038666666666664,0.41637500000000005,0.09476972158370651,0.011174069019886827,0.2629532572690467,0.26328106868648166,0.13274937106894996
graph_04_mu_0_3_node_950,16,0.225,0.0001993519818760268,0.38349328214971207,2.6076076076076076,0.019201691576381696,12.009,3.991,3.016,0.2494375,0.03786246598943092,0.004462507360639746,0.14251034482758615,0.1426412746244208,0.11381542761083856
graph_04_mu_0_3_node_951,17,0.0661764705882353,0.00046969445898976275,0.392688679245283,2.5465465465465464,0.015294951197980869,8.002,8.998,0.8894285714285717,0.5292941176470588,0.07869677544205138,0.01016102690884447,0.3598992592592593,0.36019432406914764,0.06123364224522616
graph_04_mu_0_3_node_952,26,0.11076923076923077,0.000800419718468498,0.42241014799154336,2.3673673673673674,0.028973718053896917,14.005,11.995,1.1676909090909091,0.4613461538461539,0.10129849690922511,0.013608929368632647,0.29984297328687565,0.3002364327507679,0.11822120213019037
graph_04_mu_0_3_node_953,102,0.12323232323232323,0.010048066318316597,0.48660496833901606,2.055055055055055,0.08206667196370723,66.026,35.974,1.835746886446886,0.3526862745098039,0.5257201123917269,0.038628520087544936,0.2141030412111657,0.21528616558647812,0.9497996463797799
graph_04_mu_0_3_node_954,20,0.12631578947368421,0.0006098909974705174,0.39832535885167464,2.5105105105105103,0.016014444600745893,9.0,11.0,0.8181818181818182,0.5499999999999999,0.30452696944405794,0.011414921842908158,0.3793103448275863,0.37967105969887643,0.2491584295451384
graph_04_mu_0_3_node_955,16,0.20833333333333334,0.00021478506709186586,0.3925343811394892,2.5475475475475475,0.019431298818069202,9.0,7.0,1.2857142857142858,0.4375,0.061219557738183904,0.007904833930914254,0.28000000000000014,0.28022957594044146,0.07871085994909363
graph_04_mu_0_3_node_956,25,0.13,0.0009510099471928183,0.42857142857142855,2.3333333333333335,0.02805152898956134,11.003,13.997,0.7861263736263738,0.5598800000000004,0.2044934806819879,0.015030593127724153,0.38877627627627637,0.3892352847316182,0.16073418238026638
graph_04_mu_0_3_node_957,28,0.16615384615384615,0.0009510173899353318,0.4090909090909091,2.4444444444444446,0.02185522133167351,14.006,13.994,1.0011076923076923,0.4997857142857143,0.38230129558925735,0.014531855934839358,0.3331553758004718,0.33361437627594287,0.3550746233977159
graph_04_mu_0_3_node_958,34,0.10873440285204991,0.0015394638222640154,0.4057676685621446,2.4644644644644647,0.019298174764961335,18.027,15.973,1.1290880952380953,0.4697941176470589,0.5857721488612281,0.016434594480882216,0.3070380046229102,0.30756202001914085,0.6595217384783657
graph_04_mu_0_3_node_959,22,0.11688311688311688,0.0005650761387521514,0.41332230037236245,2.4194194194194196,0.023439588967491546,13.007,8.993,1.446583333333333,0.40877272727272723,0.0786656689974238,0.010155068716101254,0.2568984126984127,0.2571934104189786,0.09622831600615717
graph_04_mu_0_3_node_960,24,0.17391304347826086,0.0005172695772341312,0.41625,2.4024024024024024,0.030039790955506556,16.006,7.994,2.0025714285714287,0.33308333333333323,0.07580668768394103,0.008939123424669479,0.19982439024390247,0.20008667793123558,0.15170565260927846
graph_04_mu_0_3_node_961,61,0.10344827586206896,0.003581406505048073,0.45783684692942256,2.184184184184184,0.059897845936623346,39.015,21.985,1.7750081709956715,0.3604098360655738,0.20848210370037054,0.024584131568468347,0.2198231779137959,0.2205452769515391,0.3603268891925318
graph_04_mu_0_3_node_962,27,0.1168091168091168,0.0008966407031006728,0.43023255813953487,2.324324324324324,0.0308212132433151,14.002,12.998,1.0773006993006993,0.48140740740740756,0.11210731547196418,0.014708635412346205,0.31701191151446395,0.3174382572410124,0.12074983624253482
graph_04_mu_0_3_node_963,15,0.08571428571428572,0.00033486273785138655,0.39377217185652347,2.5395395395395397,0.015660033577255216,6.001,8.999,0.6668749999999999,0.5999333333333332,0.07761450511695424,0.010183394535963543,0.42850649350649356,0.42880155238668577,0.051750579168878576
graph_04_mu_0_3_node_964,27,0.18803418803418803,0.0008174342730880347,0.4320934256055363,2.314314314314314,0.03728257951797961,13.02,13.98,0.9325769230769232,0.5177777777777776,0.1326017529472311,0.015631953815819194,0.34938029505523016,0.34983880670741696,0.12335017264245374
graph_04_mu_0_3_node_965,17,0.125,0.0004785370198706551,0.4074225122349103,2.4544544544544546,0.019199281338767818,7.01,9.99,0.7018888888888887,0.5876470588235293,0.08617310753267628,0.01130459169188257,0.4161000000000001,0.4164275627534234,0.060436109203388724
graph_04_mu_0_3_node_966,21,0.14761904761904762,0.0004811054801230157,0.40428976123027116,2.4734734734734736,0.025493879765672585,11.007,9.993,1.102625,0.47585714285714287,0.09476976253374747,0.011174065724125177,0.31224542925278215,0.31257317618737146,0.10429978956517297
graph_04_mu_0_3_node_967,61,0.16306253652834599,0.0039785107141433905,0.45616438356164385,2.1921921921921923,0.05516992290021302,37.052,23.948,1.547861961227179,0.39259016393442636,0.42960050275088474,0.02539278000574613,0.24425450286685327,0.24504092443447262,0.6454998197289957
graph_04_mu_0_3_node_968,18,0.12418300653594772,0.0003696620847396829,0.408255006129955,2.4494494494494496,0.021173485871751642,10.007,7.993,1.2523571428571427,0.44405555555555576,0.060407097867121284,0.009213101028298795,0.2854068965517241,0.2856690482285046,0.07557058710743428
graph_04_mu_0_3_node_969,17,0.05714285714285714,0.0004464350880497546,0.38086160884483417,2.625625625625626,0.01082757382496956,7.987,9.013,0.8869112637362639,0.5301764705882352,0.241961778012517,0.009370496961658564,0.36079471713471717,0.36109027328667137,0.1873682042920483
graph_04_mu_0_3_node_970,20,0.1368421052631579,0.0005204283444593339,0.40445344129554656,2.4724724724724725,0.020403279081583008,10.009,9.991,1.0021111111111112,0.49955,0.0873967217163381,0.011282001821877507,0.3329516129032257,0.33327927286573444,0.0875096337260922
graph_04_mu_0_3_node_971,20,0.24736842105263157,0.0003442964316959708,0.3958003169572108,2.5265265265265264,0.024125663332896622,15.004,4.996,3.004,0.24980000000000002,0.047373404461583335,0.005586779797113275,0.1427301587301587,0.14289408567753253,0.1422250886648796
graph_04_mu_0_3_node_972,26,0.08307692307692308,0.0011209140944756092,0.4052738336713996,2.4674674674674675,0.018290360104392847,8.041,17.959,0.44852226890756314,0.690730769230769,0.658862581610236,0.01847728333300835,0.5277361628767202,0.5283249072621532,0.2933588760190179
graph_04_mu_0_3_node_973,76,0.10526315789473684,0.005629586763414116,0.47982708933717577,2.084084084084084,0.07530793711855041,51.022,24.978,2.0429398297354813,0.3286578947368422,0.21096844154061853,0.028338148726218586,0.19664671813999554,0.19746768935816297,0.4307614510075257
graph_04_mu_0_3_node_974,33,0.14838709677419354,0.001321636198682465,0.3994402239104358,2.5035035035035036,0.01861607114047522,17.02,15.98,1.0653875000000002,0.48424242424242403,0.5656614744082967,0.01645875000430646,0.31948932126696833,0.3200135316117584,0.5660806525028258
graph_04_mu_0_3_node_975,26,0.14130434782608695,0.0008891820228641727,0.390234375,2.5625625625625625,0.013851686710685117,17.008,8.992,1.8919841269841269,0.3458461538461538,0.2794370147516402,0.009295558628663051,0.20908489546629078,0.2093799378230499,0.4969836437213347
graph_04_mu_0_3_node_976,28,0.19047619047619047,0.0009093805347030682,0.41764214046822745,2.3943943943943946,0.02959994829266341,16.006,11.994,1.3346484848484845,0.4283571428571429,0.17526070673872512,0.012879310219714963,0.2725588054457619,0.2729522837706622,0.23374570435984274
graph_04_mu_0_3_node_977,35,0.13277310924369748,0.0015127003089821624,0.4153846153846154,2.4074074074074074,0.025224615918114042,18.083,16.917,1.0704669117647059,0.48334285714285713,0.48124587665157126,0.017602575074506847,0.31877221904580405,0.3193271880479971,0.5103315964597436
graph_04_mu_0_3_node_978,25,0.13333333333333333,0.0008255742906187204,0.4201009251471825,2.3803803803803802,0.026267964840677557,14.002,10.998,1.2732323232323233,0.4399200000000002,0.08310583086103904,0.012677142974110588,0.2819887429643527,0.28234951061308844,0.10578384868837586
graph_04_mu_0_3_node_979,20,0.07368421052631578,0.0005123410530130956,0.39548693586698336,2.5285285285285286,0.01672908469989787,5.014,14.986,0.3348145188145188,0.7493,0.40255146806017306,0.015574567992759941,0.599177600943118,0.5996688330376517,0.13427095551349094
graph_04_mu_0_3_node_980,24,0.07971014492753623,0.0007903616471552307,0.3997599039615846,2.5015015015015014,0.019207448474334858,12.005,11.995,1.000909090909091,0.4997916666666667,0.1049133473245133,0.013545288076807384,0.3331531531531531,0.33354656100530605,0.10496241644006131
graph_04_mu_0_3_node_981,24,0.21212121212121213,0.0006589058192465468,0.39330708661417324,2.5425425425425425,0.015317702974030815,14.012,9.988,1.4033999999999995,0.41616666666666674,0.35355514568339697,0.010287135558266054,0.2627740890688259,0.2631017366885446,0.4598845080339726
graph_04_mu_0_3_node_982,21,0.14761904761904762,0.0005790349887125648,0.4085889570552147,2.4474474474474475,0.022832062328204405,12.003,8.997,1.334208333333333,0.42842857142857144,0.06798621734620322,0.01037062703906358,0.272614973262032,0.27291008273039224,0.09067187030432218
graph_04_mu_0_3_node_983,46,0.08695652173913043,0.002845655297667636,0.4506089309878214,2.219219219219219,0.04549645492430534,22.026,23.974,0.918957792207792,0.5211739130434782,0.20248852003787482,0.027199115012514066,0.3524402651201325,0.3532267638970218,0.18592614425383058
graph_04_mu_0_3_node_984,32,0.12903225806451613,0.0012733315136696263,0.4099302421009438,2.4394394394394396,0.023000082972602226,16.104,15.896,1.0155912087912087,0.49675,0.4527053911561915,0.016538025269608455,0.330594381752701,0.3311158059086815,0.45416604852441605
graph_04_mu_0_3_node_985,22,0.11688311688311688,0.0006459145283717522,0.4128099173553719,2.4224224224224224,0.022451483728726202,10.007,11.993,0.8345000000000002,0.5451363636363634,0.09063047469676633,0.013823900265625862,0.3747083333333333,0.37510162406514963,0.06803402321016933
graph_04_mu_0_3_node_986,17,0.11764705882352941,0.0003953115927789087,0.3964285714285714,2.5225225225225225,0.01724459102769769,8.002,8.998,0.8893611111111113,0.5292941176470588,0.06799246734620323,0.010371817515254058,0.3598953846153846,0.3601904494317212,0.05289694946981607
graph_04_mu_0_3_node_987,19,0.10526315789473684,0.00043457870619417944,0.40942622950819674,2.4424424424424425,0.021557537202672228,9.004,9.996,0.9008444444444447,0.5261052631578946,0.07553646000715898,0.011522118093560534,0.35695566502463044,0.35728346733138044,0.06800925032182449
graph_04_mu_0_3_node_988,25,0.11067193675889328,0.0008154100134602735,0.4013660104459622,2.4914914914914914,0.01718302881612982,11.024,13.976,0.789298201798202,0.5590400000000003,0.7206954838552359,0.014266207979145197,0.3880113919587605,0.38846971255753066,0.5153358016921188
graph_04_mu_0_3_node_989,46,0.15856236786469344,0.002112323540289761,0.42912371134020616,2.33033033033033,0.03946065656707668,29.043,16.957,1.71502188057041,0.3686304347826087,0.3042975057866697,0.017978559120298086,0.22599696243976938,0.22655364330257782,0.5020277360732404
graph_04_mu_0_3_node_990,20,0.3,0.00034868843472682734,0.38497109826589593,2.5975975975975976,0.019979876810197722,14.016,5.984,2.3446666666666665,0.2991999999999999,0.10735431516178673,0.006345083796762387,0.1759365079365079,0.17613283364127202,0.2509704531842199
graph_04_mu_0_3_node_991,13,0.1794871794871795,0.00017112337820577024,0.38992974238875877,2.5645645645645647,0.015378128659753352,9.005,3.995,2.255416666666667,0.3073076923076923,0.03494722751802143,0.0045112180846635305,0.18156126482213436,0.18169230003192632,0.07000058574743673
graph_04_mu_0_3_node_992,19,0.1695906432748538,0.0003712560216920671,0.4128099173553719,2.4224224224224224,0.026433317795978278,10.006,8.994,1.1127698412698412,0.47336842105263166,0.08528904447038087,0.01005731783321967,0.31008557656655544,0.31038054900191353,0.0948292987745337
graph_04_mu_0_3_node_993,33,0.13636363636363635,0.001330377193395969,0.4174676138737986,2.3953953953953953,0.02913364522859219,17.062,15.938,1.0714949175824175,0.48296969696969677,0.28597725468729507,0.016898986634771407,0.3184179646546572,0.3189407991583649,0.3048634375479745
graph_04_mu_0_3_node_994,22,0.2077922077922078,0.0004066298369513851,0.4062627084180561,2.4614614614614614,0.026222048050424624,15.003,6.997,2.1444285714285716,0.31804545454545463,0.06119828114243922,0.007901341497852554,0.18909530583214793,0.18932487378949192,0.13118476658182265
graph_04_mu_0_3_node_995,31,0.210752688172043,0.0010456275318288986,0.4134933774834437,2.4184184184184185,0.030254555918512314,19.008,11.992,1.5852590909090907,0.3868387096774193,0.17524362956302725,0.012877053554659618,0.23980642533936664,0.24019991557649423,0.2775830741785694
graph_04_mu_0_3_node_996,24,0.2391304347826087,0.0006520338090420675,0.4060975609756098,2.4624624624624625,0.024989106255360646,14.028,9.972,1.4083238095238093,0.4155000000000001,0.1789421108182516,0.01057311532209154,0.26227020835390535,0.2625973315149719,0.2510132195350164
graph_04_mu_0_3_node_997,72,0.1349896480331263,0.005152036220337991,0.45909926470588236,2.1781781781781784,0.060310473587999,47.012,24.988,1.881538181818181,0.34705555555555556,0.36512151625679834,0.026832675906211533,0.2099645130183221,0.21078559627078872,0.6721250468400036
graph_04_mu_0_3_node_998,20,0.26842105263157895,0.0003602944977243331,0.3864603481624758,2.5875875875875876,0.01889865266719735,15.01,4.99,3.01,0.2495,0.07294833373289901,0.00535813501407251,0.1425396825396825,0.14270341269480874,0.21913659783735262
graph_04_mu_0_3_node_999,21,0.11904761904761904,0.0005982118354208997,0.421875,2.3703703703703702,0.02684871007837883,11.003,9.997,1.1006999999999998,0.4760476190476191,0.08743666978470722,0.01128907189039251,0.31238068181818185,0.31270855989810536,0.08745651105454849
