,Entropy
graph_023_mu_0_3_node_0,0.011082042
graph_023_mu_0_3_node_1,0.009458922
graph_023_mu_0_3_node_2,0.008215117
graph_023_mu_0_3_node_3,0.011004059
graph_023_mu_0_3_node_4,0.013465063
graph_023_mu_0_3_node_5,0.008215117
graph_023_mu_0_3_node_6,0.030806549
graph_023_mu_0_3_node_7,0.011082042
graph_023_mu_0_3_node_8,0.010042742
graph_023_mu_0_3_node_9,0.011082042
graph_023_mu_0_3_node_10,0.015743138
graph_023_mu_0_3_node_11,0.008215117
graph_023_mu_0_3_node_12,0.010495364
graph_023_mu_0_3_node_13,0.008722059
graph_023_mu_0_3_node_14,0.011082042
graph_023_mu_0_3_node_15,0.017996792
graph_023_mu_0_3_node_16,0.010495364
graph_023_mu_0_3_node_17,0.030806549
graph_023_mu_0_3_node_18,0.010042742
graph_023_mu_0_3_node_19,0.013465063
graph_023_mu_0_3_node_20,0.009458922
graph_023_mu_0_3_node_21,0.011082042
graph_023_mu_0_3_node_22,0.011004059
graph_023_mu_0_3_node_23,0.008722059
graph_023_mu_0_3_node_24,0.010495364
graph_023_mu_0_3_node_25,0.011082042
graph_023_mu_0_3_node_26,0.015743138
graph_023_mu_0_3_node_27,0.030806549
graph_023_mu_0_3_node_28,0.017996792
graph_023_mu_0_3_node_29,0.009458922
graph_023_mu_0_3_node_30,0.009458922
graph_023_mu_0_3_node_31,0.017996792
graph_023_mu_0_3_node_32,0.030806549
graph_023_mu_0_3_node_33,0.035322692
graph_023_mu_0_3_node_34,0.009458922
graph_023_mu_0_3_node_35,0.015743138
graph_023_mu_0_3_node_36,0.015743138
graph_023_mu_0_3_node_37,0.011004059
graph_023_mu_0_3_node_38,0.013465063
graph_023_mu_0_3_node_39,0.010495364
graph_023_mu_0_3_node_40,0.015743138
graph_023_mu_0_3_node_41,0.008722059
graph_023_mu_0_3_node_42,0.011082042
graph_023_mu_0_3_node_43,0.015743138
graph_023_mu_0_3_node_44,0.008722059
graph_023_mu_0_3_node_45,0.011672217
graph_023_mu_0_3_node_46,0.011004059
graph_023_mu_0_3_node_47,0.009458922
graph_023_mu_0_3_node_48,0.011004059
graph_023_mu_0_3_node_49,0.011082042
graph_023_mu_0_3_node_50,0.011004059
graph_023_mu_0_3_node_51,0.011082042
graph_023_mu_0_3_node_52,0.008215117
graph_023_mu_0_3_node_53,0.013465063
graph_023_mu_0_3_node_54,0.008215117
graph_023_mu_0_3_node_55,0.015743138
graph_023_mu_0_3_node_56,0.010042742
graph_023_mu_0_3_node_57,0.03404288
graph_023_mu_0_3_node_58,0.008722059
graph_023_mu_0_3_node_59,0.008722059
graph_023_mu_0_3_node_60,0.010495364
graph_023_mu_0_3_node_61,0.008722059
graph_023_mu_0_3_node_62,0.011672217
graph_023_mu_0_3_node_63,0.008215117
graph_023_mu_0_3_node_64,0.011082042
graph_023_mu_0_3_node_65,0.011672217
graph_023_mu_0_3_node_66,0.011004059
graph_023_mu_0_3_node_67,0.009458922
graph_023_mu_0_3_node_68,0.017996792
graph_023_mu_0_3_node_69,0.011672217
graph_023_mu_0_3_node_70,0.008215117
graph_023_mu_0_3_node_71,0.010495364
graph_023_mu_0_3_node_72,0.011672217
graph_023_mu_0_3_node_73,0.015743138
graph_023_mu_0_3_node_74,0.011082042
graph_023_mu_0_3_node_75,0.015743138
graph_023_mu_0_3_node_76,0.008722059
graph_023_mu_0_3_node_77,0.07794927
graph_023_mu_0_3_node_78,0.008722059
graph_023_mu_0_3_node_79,0.011004059
graph_023_mu_0_3_node_80,0.008722059
graph_023_mu_0_3_node_81,0.008215117
graph_023_mu_0_3_node_82,0.011082042
graph_023_mu_0_3_node_83,0.011672217
graph_023_mu_0_3_node_84,0.011004059
graph_023_mu_0_3_node_85,0.011004059
graph_023_mu_0_3_node_86,0.011672217
graph_023_mu_0_3_node_87,0.010495364
graph_023_mu_0_3_node_88,0.027769653
graph_023_mu_0_3_node_89,0.009458922
graph_023_mu_0_3_node_90,0.010495364
graph_023_mu_0_3_node_91,0.030806549
graph_023_mu_0_3_node_92,0.010495364
graph_023_mu_0_3_node_93,0.011672217
graph_023_mu_0_3_node_94,0.017996792
graph_023_mu_0_3_node_95,0.08207422
graph_023_mu_0_3_node_96,0.011004059
graph_023_mu_0_3_node_97,0.009458922
graph_023_mu_0_3_node_98,0.015743138
graph_023_mu_0_3_node_99,0.011004059
graph_023_mu_0_3_node_100,0.011082042
graph_023_mu_0_3_node_101,0.011082042
graph_023_mu_0_3_node_102,0.010042742
graph_023_mu_0_3_node_103,0.009458922
graph_023_mu_0_3_node_104,0.010042742
graph_023_mu_0_3_node_105,0.008722059
graph_023_mu_0_3_node_106,0.011672217
graph_023_mu_0_3_node_107,0.010042742
graph_023_mu_0_3_node_108,0.011672217
graph_023_mu_0_3_node_109,0.10956928
graph_023_mu_0_3_node_110,0.011004059
graph_023_mu_0_3_node_111,0.015743138
graph_023_mu_0_3_node_112,0.011672217
graph_023_mu_0_3_node_113,0.035322692
graph_023_mu_0_3_node_114,0.017996792
graph_023_mu_0_3_node_115,0.011004059
graph_023_mu_0_3_node_116,0.011082042
graph_023_mu_0_3_node_117,0.010042742
graph_023_mu_0_3_node_118,0.015743138
graph_023_mu_0_3_node_119,0.011004059
graph_023_mu_0_3_node_120,0.009458922
graph_023_mu_0_3_node_121,0.010042742
graph_023_mu_0_3_node_122,0.013465063
graph_023_mu_0_3_node_123,0.030806549
graph_023_mu_0_3_node_124,0.03331932
graph_023_mu_0_3_node_125,0.008722059
graph_023_mu_0_3_node_126,0.008722059
graph_023_mu_0_3_node_127,0.015743138
graph_023_mu_0_3_node_128,0.011082042
graph_023_mu_0_3_node_129,0.009458922
graph_023_mu_0_3_node_130,0.008722059
graph_023_mu_0_3_node_131,0.011082042
graph_023_mu_0_3_node_132,0.011082042
graph_023_mu_0_3_node_133,0.008722059
graph_023_mu_0_3_node_134,0.009458922
graph_023_mu_0_3_node_135,0.011672217
graph_023_mu_0_3_node_136,0.009458922
graph_023_mu_0_3_node_137,0.009458922
graph_023_mu_0_3_node_138,0.010042742
graph_023_mu_0_3_node_139,0.010042742
graph_023_mu_0_3_node_140,0.011082042
graph_023_mu_0_3_node_141,0.015743138
graph_023_mu_0_3_node_142,0.010495364
graph_023_mu_0_3_node_143,0.010495364
graph_023_mu_0_3_node_144,0.009458922
graph_023_mu_0_3_node_145,0.008722059
graph_023_mu_0_3_node_146,0.010495364
graph_023_mu_0_3_node_147,0.011672217
graph_023_mu_0_3_node_148,0.011004059
graph_023_mu_0_3_node_149,0.011082042
graph_023_mu_0_3_node_150,0.009458922
graph_023_mu_0_3_node_151,0.015743138
graph_023_mu_0_3_node_152,0.040802427
graph_023_mu_0_3_node_153,0.010495364
graph_023_mu_0_3_node_154,0.009458922
graph_023_mu_0_3_node_155,0.015743138
graph_023_mu_0_3_node_156,0.011672217
graph_023_mu_0_3_node_157,0.011004059
graph_023_mu_0_3_node_158,0.010042742
graph_023_mu_0_3_node_159,0.011082042
graph_023_mu_0_3_node_160,0.010042742
graph_023_mu_0_3_node_161,0.010042742
graph_023_mu_0_3_node_162,0.011004059
graph_023_mu_0_3_node_163,0.010042742
graph_023_mu_0_3_node_164,0.015743138
graph_023_mu_0_3_node_165,0.011004059
graph_023_mu_0_3_node_166,0.011004059
graph_023_mu_0_3_node_167,0.017996792
graph_023_mu_0_3_node_168,0.010495364
graph_023_mu_0_3_node_169,0.008722059
graph_023_mu_0_3_node_170,0.010042742
graph_023_mu_0_3_node_171,0.010495364
graph_023_mu_0_3_node_172,0.010495364
graph_023_mu_0_3_node_173,0.011004059
graph_023_mu_0_3_node_174,0.011672217
graph_023_mu_0_3_node_175,0.008722059
graph_023_mu_0_3_node_176,0.010042742
graph_023_mu_0_3_node_177,0.010495364
graph_023_mu_0_3_node_178,0.011672217
graph_023_mu_0_3_node_179,0.011082042
graph_023_mu_0_3_node_180,0.011082042
graph_023_mu_0_3_node_181,0.008722059
graph_023_mu_0_3_node_182,0.015743138
graph_023_mu_0_3_node_183,0.015743138
graph_023_mu_0_3_node_184,0.010042742
graph_023_mu_0_3_node_185,0.010495364
graph_023_mu_0_3_node_186,0.010042742
graph_023_mu_0_3_node_187,0.010495364
graph_023_mu_0_3_node_188,0.010495364
graph_023_mu_0_3_node_189,0.011082042
graph_023_mu_0_3_node_190,0.013465063
graph_023_mu_0_3_node_191,0.030806549
graph_023_mu_0_3_node_192,0.008722059
graph_023_mu_0_3_node_193,0.011672217
graph_023_mu_0_3_node_194,0.011672217
graph_023_mu_0_3_node_195,0.010042742
graph_023_mu_0_3_node_196,0.015743138
graph_023_mu_0_3_node_197,0.008722059
graph_023_mu_0_3_node_198,0.008722059
graph_023_mu_0_3_node_199,0.015743138
graph_023_mu_0_3_node_200,0.010495364
graph_023_mu_0_3_node_201,0.011082042
graph_023_mu_0_3_node_202,0.010042742
graph_023_mu_0_3_node_203,0.011672217
graph_023_mu_0_3_node_204,0.011672217
graph_023_mu_0_3_node_205,0.027769653
graph_023_mu_0_3_node_206,0.011082042
graph_023_mu_0_3_node_207,0.013465063
graph_023_mu_0_3_node_208,0.010495364
graph_023_mu_0_3_node_209,0.008215117
graph_023_mu_0_3_node_210,0.015743138
graph_023_mu_0_3_node_211,0.04355206
graph_023_mu_0_3_node_212,0.011082042
graph_023_mu_0_3_node_213,0.010495364
graph_023_mu_0_3_node_214,0.011672217
graph_023_mu_0_3_node_215,0.011004059
graph_023_mu_0_3_node_216,0.010042742
graph_023_mu_0_3_node_217,0.010042742
graph_023_mu_0_3_node_218,0.008215117
graph_023_mu_0_3_node_219,0.011672217
graph_023_mu_0_3_node_220,0.015743138
graph_023_mu_0_3_node_221,0.013465063
graph_023_mu_0_3_node_222,0.011082042
graph_023_mu_0_3_node_223,0.008722059
graph_023_mu_0_3_node_224,0.017996792
graph_023_mu_0_3_node_225,0.027769653
graph_023_mu_0_3_node_226,0.010495364
graph_023_mu_0_3_node_227,0.010495364
graph_023_mu_0_3_node_228,0.011672217
graph_023_mu_0_3_node_229,0.010495364
graph_023_mu_0_3_node_230,0.009458922
graph_023_mu_0_3_node_231,0.010042742
graph_023_mu_0_3_node_232,0.010495364
graph_023_mu_0_3_node_233,0.011082042
graph_023_mu_0_3_node_234,0.010042742
graph_023_mu_0_3_node_235,0.011672217
graph_023_mu_0_3_node_236,0.011672217
graph_023_mu_0_3_node_237,0.015743138
graph_023_mu_0_3_node_238,0.011082042
graph_023_mu_0_3_node_239,0.011082042
graph_023_mu_0_3_node_240,0.010495364
graph_023_mu_0_3_node_241,0.008524855
graph_023_mu_0_3_node_242,0.010495364
graph_023_mu_0_3_node_243,0.011672217
graph_023_mu_0_3_node_244,0.010042742
graph_023_mu_0_3_node_245,0.010042742
graph_023_mu_0_3_node_246,0.010495364
graph_023_mu_0_3_node_247,0.010495364
graph_023_mu_0_3_node_248,0.010495364
graph_023_mu_0_3_node_249,0.017996792
graph_023_mu_0_3_node_250,0.015743138
graph_023_mu_0_3_node_251,0.010042742
graph_023_mu_0_3_node_252,0.010042742
graph_023_mu_0_3_node_253,0.033894766
graph_023_mu_0_3_node_254,0.010495364
graph_023_mu_0_3_node_255,0.03404288
graph_023_mu_0_3_node_256,0.010495364
graph_023_mu_0_3_node_257,0.010495364
graph_023_mu_0_3_node_258,0.011082042
graph_023_mu_0_3_node_259,0.03404288
graph_023_mu_0_3_node_260,0.010495364
graph_023_mu_0_3_node_261,0.030806549
graph_023_mu_0_3_node_262,0.010042742
graph_023_mu_0_3_node_263,0.010042742
graph_023_mu_0_3_node_264,0.010042742
graph_023_mu_0_3_node_265,0.009458922
graph_023_mu_0_3_node_266,0.010042742
graph_023_mu_0_3_node_267,0.010495364
graph_023_mu_0_3_node_268,0.011672217
graph_023_mu_0_3_node_269,0.011672217
graph_023_mu_0_3_node_270,0.011672217
graph_023_mu_0_3_node_271,0.010495364
graph_023_mu_0_3_node_272,0.043946404
graph_023_mu_0_3_node_273,0.011672217
graph_023_mu_0_3_node_274,0.013465063
graph_023_mu_0_3_node_275,0.011672217
graph_023_mu_0_3_node_276,0.010495364
graph_023_mu_0_3_node_277,0.010042742
graph_023_mu_0_3_node_278,0.010042742
graph_023_mu_0_3_node_279,0.030806549
graph_023_mu_0_3_node_280,0.010495364
graph_023_mu_0_3_node_281,0.008722059
graph_023_mu_0_3_node_282,0.009458922
graph_023_mu_0_3_node_283,0.015743138
graph_023_mu_0_3_node_284,0.009458922
graph_023_mu_0_3_node_285,0.009458922
graph_023_mu_0_3_node_286,0.013465063
graph_023_mu_0_3_node_287,0.008722059
graph_023_mu_0_3_node_288,0.013465063
graph_023_mu_0_3_node_289,0.011082042
graph_023_mu_0_3_node_290,0.010495364
graph_023_mu_0_3_node_291,0.009458922
graph_023_mu_0_3_node_292,0.015743138
graph_023_mu_0_3_node_293,0.022891458
graph_023_mu_0_3_node_294,0.008722059
graph_023_mu_0_3_node_295,0.010495364
graph_023_mu_0_3_node_296,0.011672217
graph_023_mu_0_3_node_297,0.011082042
graph_023_mu_0_3_node_298,0.015743138
graph_023_mu_0_3_node_299,0.009458922
graph_023_mu_0_3_node_300,0.010495364
graph_023_mu_0_3_node_301,0.011672217
graph_023_mu_0_3_node_302,0.011082042
graph_023_mu_0_3_node_303,0.010042742
graph_023_mu_0_3_node_304,0.015743138
graph_023_mu_0_3_node_305,0.010495364
graph_023_mu_0_3_node_306,0.011672217
graph_023_mu_0_3_node_307,0.015743138
graph_023_mu_0_3_node_308,0.011082042
graph_023_mu_0_3_node_309,0.008722059
graph_023_mu_0_3_node_310,0.008215117
graph_023_mu_0_3_node_311,0.011082042
graph_023_mu_0_3_node_312,0.010495364
graph_023_mu_0_3_node_313,0.010495364
graph_023_mu_0_3_node_314,0.010495364
graph_023_mu_0_3_node_315,0.015743138
graph_023_mu_0_3_node_316,0.010495364
graph_023_mu_0_3_node_317,0.019084286
graph_023_mu_0_3_node_318,0.071456224
graph_023_mu_0_3_node_319,0.011672217
graph_023_mu_0_3_node_320,0.020233752
graph_023_mu_0_3_node_321,0.015743138
graph_023_mu_0_3_node_322,0.011672217
graph_023_mu_0_3_node_323,0.010495364
graph_023_mu_0_3_node_324,0.008722059
graph_023_mu_0_3_node_325,0.011672217
graph_023_mu_0_3_node_326,0.011672217
graph_023_mu_0_3_node_327,0.010042742
graph_023_mu_0_3_node_328,0.015743138
graph_023_mu_0_3_node_329,0.015743138
graph_023_mu_0_3_node_330,0.011672217
graph_023_mu_0_3_node_331,0.008215117
graph_023_mu_0_3_node_332,0.008722059
graph_023_mu_0_3_node_333,0.010042742
graph_023_mu_0_3_node_334,0.011672217
graph_023_mu_0_3_node_335,0.010042742
graph_023_mu_0_3_node_336,0.027769653
graph_023_mu_0_3_node_337,0.011672217
graph_023_mu_0_3_node_338,0.010042742
graph_023_mu_0_3_node_339,0.011672217
graph_023_mu_0_3_node_340,0.011672217
graph_023_mu_0_3_node_341,0.015743138
graph_023_mu_0_3_node_342,0.009458922
graph_023_mu_0_3_node_343,0.010042742
graph_023_mu_0_3_node_344,0.010495364
graph_023_mu_0_3_node_345,0.010495364
graph_023_mu_0_3_node_346,0.011672217
graph_023_mu_0_3_node_347,0.008722059
graph_023_mu_0_3_node_348,0.030806549
graph_023_mu_0_3_node_349,0.011672217
graph_023_mu_0_3_node_350,0.011122001
graph_023_mu_0_3_node_351,0.015743138
graph_023_mu_0_3_node_352,0.017996792
graph_023_mu_0_3_node_353,0.010495364
graph_023_mu_0_3_node_354,0.010042742
graph_023_mu_0_3_node_355,0.010495364
graph_023_mu_0_3_node_356,0.011082042
graph_023_mu_0_3_node_357,0.015743138
graph_023_mu_0_3_node_358,0.010042742
graph_023_mu_0_3_node_359,0.011672217
graph_023_mu_0_3_node_360,0.009458922
graph_023_mu_0_3_node_361,0.010042742
graph_023_mu_0_3_node_362,0.030806549
graph_023_mu_0_3_node_363,0.011672217
graph_023_mu_0_3_node_364,0.013465063
graph_023_mu_0_3_node_365,0.009458922
graph_023_mu_0_3_node_366,0.010495364
graph_023_mu_0_3_node_367,0.010495364
graph_023_mu_0_3_node_368,0.010042742
graph_023_mu_0_3_node_369,0.017996792
graph_023_mu_0_3_node_370,0.010495364
graph_023_mu_0_3_node_371,0.03331932
graph_023_mu_0_3_node_372,0.010042742
graph_023_mu_0_3_node_373,0.015743138
graph_023_mu_0_3_node_374,0.011672217
graph_023_mu_0_3_node_375,0.010495364
graph_023_mu_0_3_node_376,0.010495364
graph_023_mu_0_3_node_377,0.011672217
graph_023_mu_0_3_node_378,0.010042742
graph_023_mu_0_3_node_379,0.009458922
graph_023_mu_0_3_node_380,0.010042742
graph_023_mu_0_3_node_381,0.011672217
graph_023_mu_0_3_node_382,0.009458922
graph_023_mu_0_3_node_383,0.015743138
graph_023_mu_0_3_node_384,0.010042742
graph_023_mu_0_3_node_385,0.010042742
graph_023_mu_0_3_node_386,0.008722059
graph_023_mu_0_3_node_387,0.011672217
graph_023_mu_0_3_node_388,0.010495364
graph_023_mu_0_3_node_389,0.033704657
graph_023_mu_0_3_node_390,0.010495364
graph_023_mu_0_3_node_391,0.010042742
graph_023_mu_0_3_node_392,0.011672217
graph_023_mu_0_3_node_393,0.015743138
graph_023_mu_0_3_node_394,0.015743138
graph_023_mu_0_3_node_395,0.010495364
graph_023_mu_0_3_node_396,0.010495364
graph_023_mu_0_3_node_397,0.009458922
graph_023_mu_0_3_node_398,0.012088089
graph_023_mu_0_3_node_399,0.010042742
graph_023_mu_0_3_node_400,0.010495364
graph_023_mu_0_3_node_401,0.010495364
graph_023_mu_0_3_node_402,0.015743138
graph_023_mu_0_3_node_403,0.010495364
graph_023_mu_0_3_node_404,0.010042742
graph_023_mu_0_3_node_405,0.010042742
graph_023_mu_0_3_node_406,0.010042742
graph_023_mu_0_3_node_407,0.010042742
graph_023_mu_0_3_node_408,0.011672217
graph_023_mu_0_3_node_409,0.03404288
graph_023_mu_0_3_node_410,0.010042742
graph_023_mu_0_3_node_411,0.010495364
graph_023_mu_0_3_node_412,0.011672217
graph_023_mu_0_3_node_413,0.011672217
graph_023_mu_0_3_node_414,0.010495364
graph_023_mu_0_3_node_415,0.010042742
graph_023_mu_0_3_node_416,0.010042742
graph_023_mu_0_3_node_417,0.07008541
graph_023_mu_0_3_node_418,0.010495364
graph_023_mu_0_3_node_419,0.010495364
graph_023_mu_0_3_node_420,0.033897948
graph_023_mu_0_3_node_421,0.015743138
graph_023_mu_0_3_node_422,0.010042742
graph_023_mu_0_3_node_423,0.017996792
graph_023_mu_0_3_node_424,0.011672217
graph_023_mu_0_3_node_425,0.035322692
graph_023_mu_0_3_node_426,0.011004059
graph_023_mu_0_3_node_427,0.011672217
graph_023_mu_0_3_node_428,0.015743138
graph_023_mu_0_3_node_429,0.011672217
graph_023_mu_0_3_node_430,0.015743138
graph_023_mu_0_3_node_431,0.117158115
graph_023_mu_0_3_node_432,0.008215117
graph_023_mu_0_3_node_433,0.011004059
graph_023_mu_0_3_node_434,0.015743138
graph_023_mu_0_3_node_435,0.010495364
graph_023_mu_0_3_node_436,0.011004059
graph_023_mu_0_3_node_437,0.010495364
graph_023_mu_0_3_node_438,0.011004059
graph_023_mu_0_3_node_439,0.011672217
graph_023_mu_0_3_node_440,0.013465063
graph_023_mu_0_3_node_441,0.008215117
graph_023_mu_0_3_node_442,0.010042742
graph_023_mu_0_3_node_443,0.015743138
graph_023_mu_0_3_node_444,0.010042742
graph_023_mu_0_3_node_445,0.009458922
graph_023_mu_0_3_node_446,0.015743138
graph_023_mu_0_3_node_447,0.011672217
graph_023_mu_0_3_node_448,0.011004059
graph_023_mu_0_3_node_449,0.052307624
graph_023_mu_0_3_node_450,0.011004059
graph_023_mu_0_3_node_451,0.010495364
graph_023_mu_0_3_node_452,0.015743138
graph_023_mu_0_3_node_453,0.011672217
graph_023_mu_0_3_node_454,0.015743138
graph_023_mu_0_3_node_455,0.011672217
graph_023_mu_0_3_node_456,0.010495364
graph_023_mu_0_3_node_457,0.010495364
graph_023_mu_0_3_node_458,0.011004059
graph_023_mu_0_3_node_459,0.010495364
graph_023_mu_0_3_node_460,0.011672217
graph_023_mu_0_3_node_461,0.010495364
graph_023_mu_0_3_node_462,0.015743138
graph_023_mu_0_3_node_463,0.008722059
graph_023_mu_0_3_node_464,0.011004059
graph_023_mu_0_3_node_465,0.04355206
graph_023_mu_0_3_node_466,0.011672217
graph_023_mu_0_3_node_467,0.011672217
graph_023_mu_0_3_node_468,0.011004059
graph_023_mu_0_3_node_469,0.010495364
graph_023_mu_0_3_node_470,0.010042742
graph_023_mu_0_3_node_471,0.010042742
graph_023_mu_0_3_node_472,0.015743138
graph_023_mu_0_3_node_473,0.010042742
graph_023_mu_0_3_node_474,0.017996792
graph_023_mu_0_3_node_475,0.011082042
graph_023_mu_0_3_node_476,0.011672217
graph_023_mu_0_3_node_477,0.010042742
graph_023_mu_0_3_node_478,0.010042742
graph_023_mu_0_3_node_479,0.04355206
graph_023_mu_0_3_node_480,0.010042742
graph_023_mu_0_3_node_481,0.018223057
graph_023_mu_0_3_node_482,0.011672217
graph_023_mu_0_3_node_483,0.011672217
graph_023_mu_0_3_node_484,0.011004059
graph_023_mu_0_3_node_485,0.010495364
graph_023_mu_0_3_node_486,0.008722059
graph_023_mu_0_3_node_487,0.008722059
graph_023_mu_0_3_node_488,0.010495364
graph_023_mu_0_3_node_489,0.010042742
graph_023_mu_0_3_node_490,0.029812856
graph_023_mu_0_3_node_491,0.010042742
graph_023_mu_0_3_node_492,0.011672217
graph_023_mu_0_3_node_493,0.02826369
graph_023_mu_0_3_node_494,0.015743138
graph_023_mu_0_3_node_495,0.011082042
graph_023_mu_0_3_node_496,0.011004059
graph_023_mu_0_3_node_497,0.011082042
graph_023_mu_0_3_node_498,0.011082042
graph_023_mu_0_3_node_499,0.011004059
graph_023_mu_0_3_node_500,0.010042742
graph_023_mu_0_3_node_501,0.011672217
graph_023_mu_0_3_node_502,0.010042742
graph_023_mu_0_3_node_503,0.011672217
graph_023_mu_0_3_node_504,0.010495364
graph_023_mu_0_3_node_505,0.010495364
graph_023_mu_0_3_node_506,0.008722059
graph_023_mu_0_3_node_507,0.010042742
graph_023_mu_0_3_node_508,0.015743138
graph_023_mu_0_3_node_509,0.03901154
graph_023_mu_0_3_node_510,0.015743138
graph_023_mu_0_3_node_511,0.011004059
graph_023_mu_0_3_node_512,0.03331932
graph_023_mu_0_3_node_513,0.010495364
graph_023_mu_0_3_node_514,0.040802427
graph_023_mu_0_3_node_515,0.010495364
graph_023_mu_0_3_node_516,0.010495364
graph_023_mu_0_3_node_517,0.035500426
graph_023_mu_0_3_node_518,0.010495364
graph_023_mu_0_3_node_519,0.010042742
graph_023_mu_0_3_node_520,0.040802427
graph_023_mu_0_3_node_521,0.010495364
graph_023_mu_0_3_node_522,0.017996792
graph_023_mu_0_3_node_523,0.011082042
graph_023_mu_0_3_node_524,0.009458922
graph_023_mu_0_3_node_525,0.011004059
graph_023_mu_0_3_node_526,0.011004059
graph_023_mu_0_3_node_527,0.010495364
graph_023_mu_0_3_node_528,0.008722059
graph_023_mu_0_3_node_529,0.010495364
graph_023_mu_0_3_node_530,0.010495364
graph_023_mu_0_3_node_531,0.009458922
graph_023_mu_0_3_node_532,0.011082042
graph_023_mu_0_3_node_533,0.027769653
graph_023_mu_0_3_node_534,0.009458922
graph_023_mu_0_3_node_535,0.008722059
graph_023_mu_0_3_node_536,0.011672217
graph_023_mu_0_3_node_537,0.008722059
graph_023_mu_0_3_node_538,0.02826369
graph_023_mu_0_3_node_539,0.010495364
graph_023_mu_0_3_node_540,0.011082042
graph_023_mu_0_3_node_541,0.010495364
graph_023_mu_0_3_node_542,0.010495364
graph_023_mu_0_3_node_543,0.011082042
graph_023_mu_0_3_node_544,0.011082042
graph_023_mu_0_3_node_545,0.011004059
graph_023_mu_0_3_node_546,0.011672217
graph_023_mu_0_3_node_547,0.015743138
graph_023_mu_0_3_node_548,0.015743138
graph_023_mu_0_3_node_549,0.015743138
graph_023_mu_0_3_node_550,0.009458922
graph_023_mu_0_3_node_551,0.015743138
graph_023_mu_0_3_node_552,0.011004059
graph_023_mu_0_3_node_553,0.011672217
graph_023_mu_0_3_node_554,0.011004059
graph_023_mu_0_3_node_555,0.008722059
graph_023_mu_0_3_node_556,0.015743138
graph_023_mu_0_3_node_557,0.011672217
graph_023_mu_0_3_node_558,0.010495364
graph_023_mu_0_3_node_559,0.009458922
graph_023_mu_0_3_node_560,0.015743138
graph_023_mu_0_3_node_561,0.008722059
graph_023_mu_0_3_node_562,0.015743138
graph_023_mu_0_3_node_563,0.011672217
graph_023_mu_0_3_node_564,0.015743138
graph_023_mu_0_3_node_565,0.011672217
graph_023_mu_0_3_node_566,0.015743138
graph_023_mu_0_3_node_567,0.010495364
graph_023_mu_0_3_node_568,0.015743138
graph_023_mu_0_3_node_569,0.009458922
graph_023_mu_0_3_node_570,0.010495364
graph_023_mu_0_3_node_571,0.011082042
graph_023_mu_0_3_node_572,0.011004059
graph_023_mu_0_3_node_573,0.027769653
graph_023_mu_0_3_node_574,0.011672217
graph_023_mu_0_3_node_575,0.011004059
graph_023_mu_0_3_node_576,0.011004059
graph_023_mu_0_3_node_577,0.011672217
graph_023_mu_0_3_node_578,0.015743138
graph_023_mu_0_3_node_579,0.013465063
graph_023_mu_0_3_node_580,0.015743138
graph_023_mu_0_3_node_581,0.015743138
graph_023_mu_0_3_node_582,0.013465063
graph_023_mu_0_3_node_583,0.011004059
graph_023_mu_0_3_node_584,0.011004059
graph_023_mu_0_3_node_585,0.011004059
graph_023_mu_0_3_node_586,0.015743138
graph_023_mu_0_3_node_587,0.015743138
graph_023_mu_0_3_node_588,0.011082042
graph_023_mu_0_3_node_589,0.011672217
graph_023_mu_0_3_node_590,0.010495364
graph_023_mu_0_3_node_591,0.010495364
graph_023_mu_0_3_node_592,0.011672217
graph_023_mu_0_3_node_593,0.015743138
graph_023_mu_0_3_node_594,0.008722059
graph_023_mu_0_3_node_595,0.008722059
graph_023_mu_0_3_node_596,0.015743138
graph_023_mu_0_3_node_597,0.04770557
graph_023_mu_0_3_node_598,0.010495364
graph_023_mu_0_3_node_599,0.011672217
graph_023_mu_0_3_node_600,0.015743138
graph_023_mu_0_3_node_601,0.009458922
graph_023_mu_0_3_node_602,0.011082042
graph_023_mu_0_3_node_603,0.010495364
graph_023_mu_0_3_node_604,0.011672217
graph_023_mu_0_3_node_605,0.015743138
graph_023_mu_0_3_node_606,0.010495364
graph_023_mu_0_3_node_607,0.008722059
graph_023_mu_0_3_node_608,0.017996792
graph_023_mu_0_3_node_609,0.010495364
graph_023_mu_0_3_node_610,0.010042742
graph_023_mu_0_3_node_611,0.011672217
graph_023_mu_0_3_node_612,0.015743138
graph_023_mu_0_3_node_613,0.03076526
graph_023_mu_0_3_node_614,0.010042742
graph_023_mu_0_3_node_615,0.010495364
graph_023_mu_0_3_node_616,0.030806549
graph_023_mu_0_3_node_617,0.010042742
graph_023_mu_0_3_node_618,0.011672217
graph_023_mu_0_3_node_619,0.010495364
graph_023_mu_0_3_node_620,0.010495364
graph_023_mu_0_3_node_621,0.010495364
graph_023_mu_0_3_node_622,0.011082042
graph_023_mu_0_3_node_623,0.010042742
graph_023_mu_0_3_node_624,0.011004059
graph_023_mu_0_3_node_625,0.010495364
graph_023_mu_0_3_node_626,0.011672217
graph_023_mu_0_3_node_627,0.011672217
graph_023_mu_0_3_node_628,0.011004059
graph_023_mu_0_3_node_629,0.01694064
graph_023_mu_0_3_node_630,0.010042742
graph_023_mu_0_3_node_631,0.010042742
graph_023_mu_0_3_node_632,0.010495364
graph_023_mu_0_3_node_633,0.011672217
graph_023_mu_0_3_node_634,0.021186475
graph_023_mu_0_3_node_635,0.021105705
graph_023_mu_0_3_node_636,0.015357165
graph_023_mu_0_3_node_637,0.010042742
graph_023_mu_0_3_node_638,0.011004059
graph_023_mu_0_3_node_639,0.011672217
graph_023_mu_0_3_node_640,0.015743138
graph_023_mu_0_3_node_641,0.011672217
graph_023_mu_0_3_node_642,0.015743138
graph_023_mu_0_3_node_643,0.009458922
graph_023_mu_0_3_node_644,0.010495364
graph_023_mu_0_3_node_645,0.030806549
graph_023_mu_0_3_node_646,0.03331932
graph_023_mu_0_3_node_647,0.010042742
graph_023_mu_0_3_node_648,0.015743138
graph_023_mu_0_3_node_649,0.010042742
graph_023_mu_0_3_node_650,0.011672217
graph_023_mu_0_3_node_651,0.010042742
graph_023_mu_0_3_node_652,0.010495364
graph_023_mu_0_3_node_653,0.009458922
graph_023_mu_0_3_node_654,0.015743138
graph_023_mu_0_3_node_655,0.015743138
graph_023_mu_0_3_node_656,0.008722059
graph_023_mu_0_3_node_657,0.010495364
graph_023_mu_0_3_node_658,0.011672217
graph_023_mu_0_3_node_659,0.010042742
graph_023_mu_0_3_node_660,0.010042742
graph_023_mu_0_3_node_661,0.011672217
graph_023_mu_0_3_node_662,0.015743138
graph_023_mu_0_3_node_663,0.010042742
graph_023_mu_0_3_node_664,0.010495364
graph_023_mu_0_3_node_665,0.010495364
graph_023_mu_0_3_node_666,0.011004059
graph_023_mu_0_3_node_667,0.010042742
graph_023_mu_0_3_node_668,0.011082042
graph_023_mu_0_3_node_669,0.015743138
graph_023_mu_0_3_node_670,0.011004059
graph_023_mu_0_3_node_671,0.010042742
graph_023_mu_0_3_node_672,0.008722059
graph_023_mu_0_3_node_673,0.010495364
graph_023_mu_0_3_node_674,0.010495364
graph_023_mu_0_3_node_675,0.010042742
graph_023_mu_0_3_node_676,0.032386746
graph_023_mu_0_3_node_677,0.011082042
graph_023_mu_0_3_node_678,0.011672217
graph_023_mu_0_3_node_679,0.011004059
graph_023_mu_0_3_node_680,0.07016424
graph_023_mu_0_3_node_681,0.015743138
graph_023_mu_0_3_node_682,0.008722059
graph_023_mu_0_3_node_683,0.015743138
graph_023_mu_0_3_node_684,0.015743138
graph_023_mu_0_3_node_685,0.008722059
graph_023_mu_0_3_node_686,0.010495364
graph_023_mu_0_3_node_687,0.011004059
graph_023_mu_0_3_node_688,0.011082042
graph_023_mu_0_3_node_689,0.010495364
graph_023_mu_0_3_node_690,0.010495364
graph_023_mu_0_3_node_691,0.011082042
graph_023_mu_0_3_node_692,0.008722059
graph_023_mu_0_3_node_693,0.011672217
graph_023_mu_0_3_node_694,0.015743138
graph_023_mu_0_3_node_695,0.010495364
graph_023_mu_0_3_node_696,0.010495364
graph_023_mu_0_3_node_697,0.011672217
graph_023_mu_0_3_node_698,0.011082042
graph_023_mu_0_3_node_699,0.010495364
graph_023_mu_0_3_node_700,0.011672217
graph_023_mu_0_3_node_701,0.010042742
graph_023_mu_0_3_node_702,0.010495364
graph_023_mu_0_3_node_703,0.015743138
graph_023_mu_0_3_node_704,0.011672217
graph_023_mu_0_3_node_705,0.011672217
graph_023_mu_0_3_node_706,0.015743138
graph_023_mu_0_3_node_707,0.015743138
graph_023_mu_0_3_node_708,0.010495364
graph_023_mu_0_3_node_709,0.015743138
graph_023_mu_0_3_node_710,0.008722059
graph_023_mu_0_3_node_711,0.009458922
graph_023_mu_0_3_node_712,0.011672217
graph_023_mu_0_3_node_713,0.010042742
graph_023_mu_0_3_node_714,0.011004059
graph_023_mu_0_3_node_715,0.04355206
graph_023_mu_0_3_node_716,0.015743138
graph_023_mu_0_3_node_717,0.010042742
graph_023_mu_0_3_node_718,0.010042742
graph_023_mu_0_3_node_719,0.015743138
graph_023_mu_0_3_node_720,0.011082042
graph_023_mu_0_3_node_721,0.011082042
graph_023_mu_0_3_node_722,0.015743138
graph_023_mu_0_3_node_723,0.015743138
graph_023_mu_0_3_node_724,0.041018806
graph_023_mu_0_3_node_725,0.010495364
graph_023_mu_0_3_node_726,0.011672217
graph_023_mu_0_3_node_727,0.011672217
graph_023_mu_0_3_node_728,0.010042742
graph_023_mu_0_3_node_729,0.009458922
graph_023_mu_0_3_node_730,0.010042742
graph_023_mu_0_3_node_731,0.015743138
graph_023_mu_0_3_node_732,0.010042742
graph_023_mu_0_3_node_733,0.010042742
graph_023_mu_0_3_node_734,0.015743138
graph_023_mu_0_3_node_735,0.010495364
graph_023_mu_0_3_node_736,0.008722059
graph_023_mu_0_3_node_737,0.010495364
graph_023_mu_0_3_node_738,0.010042742
graph_023_mu_0_3_node_739,0.010495364
graph_023_mu_0_3_node_740,0.008722059
graph_023_mu_0_3_node_741,0.011262825
graph_023_mu_0_3_node_742,0.010042742
graph_023_mu_0_3_node_743,0.008722059
graph_023_mu_0_3_node_744,0.010042742
graph_023_mu_0_3_node_745,0.010495364
graph_023_mu_0_3_node_746,0.008722059
graph_023_mu_0_3_node_747,0.011672217
graph_023_mu_0_3_node_748,0.015743138
graph_023_mu_0_3_node_749,0.010042742
graph_023_mu_0_3_node_750,0.011672217
graph_023_mu_0_3_node_751,0.03546923
graph_023_mu_0_3_node_752,0.015743138
graph_023_mu_0_3_node_753,0.010042742
graph_023_mu_0_3_node_754,0.010042742
graph_023_mu_0_3_node_755,0.0979727
graph_023_mu_0_3_node_756,0.015743138
graph_023_mu_0_3_node_757,0.010042742
graph_023_mu_0_3_node_758,0.015743138
graph_023_mu_0_3_node_759,0.011672217
graph_023_mu_0_3_node_760,0.010495364
graph_023_mu_0_3_node_761,0.015743138
graph_023_mu_0_3_node_762,0.008722059
graph_023_mu_0_3_node_763,0.010495364
graph_023_mu_0_3_node_764,0.010495364
graph_023_mu_0_3_node_765,0.011672217
graph_023_mu_0_3_node_766,0.010495364
graph_023_mu_0_3_node_767,0.010495364
graph_023_mu_0_3_node_768,0.010495364
graph_023_mu_0_3_node_769,0.015743138
graph_023_mu_0_3_node_770,0.009458922
graph_023_mu_0_3_node_771,0.010495364
graph_023_mu_0_3_node_772,0.010042742
graph_023_mu_0_3_node_773,0.015743138
graph_023_mu_0_3_node_774,0.010042742
graph_023_mu_0_3_node_775,0.015743138
graph_023_mu_0_3_node_776,0.010495364
graph_023_mu_0_3_node_777,0.008722059
graph_023_mu_0_3_node_778,0.010495364
graph_023_mu_0_3_node_779,0.015743138
graph_023_mu_0_3_node_780,0.011672217
graph_023_mu_0_3_node_781,0.010495364
graph_023_mu_0_3_node_782,0.011672217
graph_023_mu_0_3_node_783,0.011672217
graph_023_mu_0_3_node_784,0.010042742
graph_023_mu_0_3_node_785,0.010042742
graph_023_mu_0_3_node_786,0.010042742
graph_023_mu_0_3_node_787,0.011672217
graph_023_mu_0_3_node_788,0.009458922
graph_023_mu_0_3_node_789,0.011672217
graph_023_mu_0_3_node_790,0.010042742
graph_023_mu_0_3_node_791,0.021892373
graph_023_mu_0_3_node_792,0.008722059
graph_023_mu_0_3_node_793,0.011004059
graph_023_mu_0_3_node_794,0.010495364
graph_023_mu_0_3_node_795,0.015743138
graph_023_mu_0_3_node_796,0.010495364
graph_023_mu_0_3_node_797,0.015743138
graph_023_mu_0_3_node_798,0.010042742
graph_023_mu_0_3_node_799,0.011672217
graph_023_mu_0_3_node_800,0.010495364
graph_023_mu_0_3_node_801,0.010495364
graph_023_mu_0_3_node_802,0.010042742
graph_023_mu_0_3_node_803,0.015743138
graph_023_mu_0_3_node_804,0.015743138
graph_023_mu_0_3_node_805,0.010495364
graph_023_mu_0_3_node_806,0.010495364
graph_023_mu_0_3_node_807,0.010495364
graph_023_mu_0_3_node_808,0.010495364
graph_023_mu_0_3_node_809,0.011672217
graph_023_mu_0_3_node_810,0.011672217
graph_023_mu_0_3_node_811,0.015743138
graph_023_mu_0_3_node_812,0.011082042
graph_023_mu_0_3_node_813,0.011672217
graph_023_mu_0_3_node_814,0.011082042
graph_023_mu_0_3_node_815,0.011672217
graph_023_mu_0_3_node_816,0.010495364
graph_023_mu_0_3_node_817,0.015743138
graph_023_mu_0_3_node_818,0.010042742
graph_023_mu_0_3_node_819,0.011672217
graph_023_mu_0_3_node_820,0.011672217
graph_023_mu_0_3_node_821,0.011672217
graph_023_mu_0_3_node_822,0.011004059
graph_023_mu_0_3_node_823,0.015743138
graph_023_mu_0_3_node_824,0.035322692
graph_023_mu_0_3_node_825,0.008215117
graph_023_mu_0_3_node_826,0.010042742
graph_023_mu_0_3_node_827,0.015743138
graph_023_mu_0_3_node_828,0.011672217
graph_023_mu_0_3_node_829,0.011004059
graph_023_mu_0_3_node_830,0.008722059
graph_023_mu_0_3_node_831,0.011672217
graph_023_mu_0_3_node_832,0.010042742
graph_023_mu_0_3_node_833,0.010042742
graph_023_mu_0_3_node_834,0.011672217
graph_023_mu_0_3_node_835,0.009458922
graph_023_mu_0_3_node_836,0.017996792
graph_023_mu_0_3_node_837,0.010495364
graph_023_mu_0_3_node_838,0.010042742
graph_023_mu_0_3_node_839,0.009458922
graph_023_mu_0_3_node_840,0.027769653
graph_023_mu_0_3_node_841,0.015743138
graph_023_mu_0_3_node_842,0.010495364
graph_023_mu_0_3_node_843,0.009458922
graph_023_mu_0_3_node_844,0.027769653
graph_023_mu_0_3_node_845,0.010042742
graph_023_mu_0_3_node_846,0.011672217
graph_023_mu_0_3_node_847,0.009458922
graph_023_mu_0_3_node_848,0.03804434
graph_023_mu_0_3_node_849,0.011672217
graph_023_mu_0_3_node_850,0.015743138
graph_023_mu_0_3_node_851,0.010495364
graph_023_mu_0_3_node_852,0.010495364
graph_023_mu_0_3_node_853,0.008722059
graph_023_mu_0_3_node_854,0.011672217
graph_023_mu_0_3_node_855,0.010495364
graph_023_mu_0_3_node_856,0.011004059
graph_023_mu_0_3_node_857,0.010495364
graph_023_mu_0_3_node_858,0.011672217
graph_023_mu_0_3_node_859,0.030806549
graph_023_mu_0_3_node_860,0.011672217
graph_023_mu_0_3_node_861,0.015743138
graph_023_mu_0_3_node_862,0.027769653
graph_023_mu_0_3_node_863,0.008722059
graph_023_mu_0_3_node_864,0.010042742
graph_023_mu_0_3_node_865,0.010042742
graph_023_mu_0_3_node_866,0.015743138
graph_023_mu_0_3_node_867,0.011672217
graph_023_mu_0_3_node_868,0.015743138
graph_023_mu_0_3_node_869,0.011082042
graph_023_mu_0_3_node_870,0.015743138
graph_023_mu_0_3_node_871,0.011672217
graph_023_mu_0_3_node_872,0.011082042
graph_023_mu_0_3_node_873,0.010042742
graph_023_mu_0_3_node_874,0.011672217
graph_023_mu_0_3_node_875,0.011672217
graph_023_mu_0_3_node_876,0.011672217
graph_023_mu_0_3_node_877,0.010495364
graph_023_mu_0_3_node_878,0.041941382
graph_023_mu_0_3_node_879,0.010495364
graph_023_mu_0_3_node_880,0.015743138
graph_023_mu_0_3_node_881,0.011672217
graph_023_mu_0_3_node_882,0.009458922
graph_023_mu_0_3_node_883,0.010042742
graph_023_mu_0_3_node_884,0.010495364
graph_023_mu_0_3_node_885,0.010495364
graph_023_mu_0_3_node_886,0.010495364
graph_023_mu_0_3_node_887,0.011672217
graph_023_mu_0_3_node_888,0.008722059
graph_023_mu_0_3_node_889,0.010042742
graph_023_mu_0_3_node_890,0.011082042
graph_023_mu_0_3_node_891,0.009458922
graph_023_mu_0_3_node_892,0.010042742
graph_023_mu_0_3_node_893,0.010042742
graph_023_mu_0_3_node_894,0.010495364
graph_023_mu_0_3_node_895,0.03462908
graph_023_mu_0_3_node_896,0.020473763
graph_023_mu_0_3_node_897,0.008722059
graph_023_mu_0_3_node_898,0.010042742
graph_023_mu_0_3_node_899,0.016642757
graph_023_mu_0_3_node_900,0.015743138
graph_023_mu_0_3_node_901,0.010495364
graph_023_mu_0_3_node_902,0.011672217
graph_023_mu_0_3_node_903,0.011672217
graph_023_mu_0_3_node_904,0.015743138
graph_023_mu_0_3_node_905,0.010042742
graph_023_mu_0_3_node_906,0.015743138
graph_023_mu_0_3_node_907,0.013465063
graph_023_mu_0_3_node_908,0.02826369
graph_023_mu_0_3_node_909,0.010495364
graph_023_mu_0_3_node_910,0.010495364
graph_023_mu_0_3_node_911,0.009458922
graph_023_mu_0_3_node_912,0.010042742
graph_023_mu_0_3_node_913,0.011672217
graph_023_mu_0_3_node_914,0.011672217
graph_023_mu_0_3_node_915,0.010042742
graph_023_mu_0_3_node_916,0.015743138
graph_023_mu_0_3_node_917,0.011672217
graph_023_mu_0_3_node_918,0.030806549
graph_023_mu_0_3_node_919,0.009458922
graph_023_mu_0_3_node_920,0.011082042
graph_023_mu_0_3_node_921,0.011672217
graph_023_mu_0_3_node_922,0.010495364
graph_023_mu_0_3_node_923,0.015743138
graph_023_mu_0_3_node_924,0.011577488
graph_023_mu_0_3_node_925,0.010495364
graph_023_mu_0_3_node_926,0.012577246
graph_023_mu_0_3_node_927,0.015743138
graph_023_mu_0_3_node_928,0.010495364
graph_023_mu_0_3_node_929,0.010042742
graph_023_mu_0_3_node_930,0.010042742
graph_023_mu_0_3_node_931,0.010495364
graph_023_mu_0_3_node_932,0.030806549
graph_023_mu_0_3_node_933,0.009458922
graph_023_mu_0_3_node_934,0.009458922
graph_023_mu_0_3_node_935,0.011672217
graph_023_mu_0_3_node_936,0.010495364
graph_023_mu_0_3_node_937,0.015743138
graph_023_mu_0_3_node_938,0.010042742
graph_023_mu_0_3_node_939,0.017996792
graph_023_mu_0_3_node_940,0.008215117
graph_023_mu_0_3_node_941,0.009458922
graph_023_mu_0_3_node_942,0.011672217
graph_023_mu_0_3_node_943,0.008722059
graph_023_mu_0_3_node_944,0.010495364
graph_023_mu_0_3_node_945,0.010042742
graph_023_mu_0_3_node_946,0.015743138
graph_023_mu_0_3_node_947,0.011004059
graph_023_mu_0_3_node_948,0.035225864
graph_023_mu_0_3_node_949,0.010495364
graph_023_mu_0_3_node_950,0.010495364
graph_023_mu_0_3_node_951,0.015743138
graph_023_mu_0_3_node_952,0.010495364
graph_023_mu_0_3_node_953,0.010495364
graph_023_mu_0_3_node_954,0.009458922
graph_023_mu_0_3_node_955,0.010495364
graph_023_mu_0_3_node_956,0.011004059
graph_023_mu_0_3_node_957,0.009458922
graph_023_mu_0_3_node_958,0.010495364
graph_023_mu_0_3_node_959,0.010042742
graph_023_mu_0_3_node_960,0.010042742
graph_023_mu_0_3_node_961,0.09450522
graph_023_mu_0_3_node_962,0.010495364
graph_023_mu_0_3_node_963,0.011672217
graph_023_mu_0_3_node_964,0.011004059
graph_023_mu_0_3_node_965,0.011672217
graph_023_mu_0_3_node_966,0.011004059
graph_023_mu_0_3_node_967,0.010495364
graph_023_mu_0_3_node_968,0.015743138
graph_023_mu_0_3_node_969,0.017996792
graph_023_mu_0_3_node_970,0.010495364
graph_023_mu_0_3_node_971,0.015743138
graph_023_mu_0_3_node_972,0.011672217
graph_023_mu_0_3_node_973,0.010495364
graph_023_mu_0_3_node_974,0.015743138
graph_023_mu_0_3_node_975,0.011004059
graph_023_mu_0_3_node_976,0.010042742
graph_023_mu_0_3_node_977,0.011672217
graph_023_mu_0_3_node_978,0.015743138
graph_023_mu_0_3_node_979,0.009458922
graph_023_mu_0_3_node_980,0.008722059
graph_023_mu_0_3_node_981,0.015743138
graph_023_mu_0_3_node_982,0.011672217
graph_023_mu_0_3_node_983,0.011672217
graph_023_mu_0_3_node_984,0.011672217
graph_023_mu_0_3_node_985,0.011004059
graph_023_mu_0_3_node_986,0.011672217
graph_023_mu_0_3_node_987,0.010495364
graph_023_mu_0_3_node_988,0.011672217
graph_023_mu_0_3_node_989,0.040802427
graph_023_mu_0_3_node_990,0.010495364
graph_023_mu_0_3_node_991,0.011004059
graph_023_mu_0_3_node_992,0.009458922
graph_023_mu_0_3_node_993,0.040948607
graph_023_mu_0_3_node_994,0.015743138
graph_023_mu_0_3_node_995,0.011004059
graph_023_mu_0_3_node_996,0.010042742
graph_023_mu_0_3_node_997,0.011672217
graph_023_mu_0_3_node_998,0.011004059
graph_023_mu_0_3_node_999,0.015743138
