,Degree,Clustering Coefficient,Betweenness,Closeness,Shortest Path,Eigenvector,E In,E Out,E In Over E Out,ODF,Expansion,Cut Ratio,Conductance,Normalised Cut,Triangle Participation
graph_0118_mu_0_2_node_824,49,0.2876965772432932,0.0040450661801696,0.413151364764268,2.4204204204204203,0.0996119521366779,36.01,12.99,2.7723717948717943,0.2651020408163265,0.2574644518315861,0.0136844847616111,0.1528071135430916,0.1533091430663634,0.6936359410020887
graph_0118_mu_0_2_node_912,21,0.3859649122807017,0.000661014812528,0.3623503808487486,2.75975975975976,0.0117310775612111,17.001,3.999,4.25175,0.1904285714285714,0.1902421383647799,0.0040849856237782,0.1052348178137651,0.1053891955294645,0.7610876010781673
graph_0118_mu_0_2_node_59,30,0.2857142857142857,0.0017873556209635,0.3894736842105263,2.5675675675675675,0.0600925527283596,20.011,9.989,2.0036666666666667,0.3329666666666666,0.1980033166942958,0.0105229655377121,0.1997411764705882,0.2001267930343134,0.3766198373093828
graph_0118_mu_0_2_node_960,22,0.3636363636363636,0.0013015063589005,0.3635371179039301,2.750750750750751,0.0107140858218991,15.0,7.0,2.142857142857143,0.3181818181818182,0.3331372549019608,0.0071503792498097,0.1891891891891892,0.1894593447215885,0.7138655462184872
graph_0118_mu_0_2_node_326,21,0.3157894736842105,0.0009922205692625,0.367414490621552,2.7217217217217216,0.0135494375461765,14.0,7.0,2.0,0.3333333333333332,0.3672105263157894,0.0071366038233748,0.2,0.200270134681434,0.6819624060150377
graph_0118_mu_0_2_node_654,24,0.4155844155844156,0.0008849906036595,0.375,2.6666666666666665,0.0269378550607897,18.006,5.994,3.0056,0.24975,0.1734726729049886,0.0062118038909088,0.1427000906070673,0.1429314835584139,0.4918082379133408
graph_0118_mu_0_2_node_270,26,0.3846153846153846,0.00119944718266,0.3776937618147448,2.647647647647648,0.026835530310294,19.011,6.989,2.7220238095238103,0.2688076923076923,0.2157553934142354,0.0072259448135731,0.1552823671497583,0.1555521817252952,0.5861483632667882
graph_0118_mu_0_2_node_704,34,0.3440285204991087,0.0024119439336813,0.3872093023255814,2.5825825825825826,0.0270226981739113,24.011,9.989,2.404438888888889,0.2937941176470587,0.3082502966794559,0.0103279958141561,0.1721971946230275,0.1725829302878312,0.7405813058801111
graph_0118_mu_0_2_node_210,43,0.2679955703211517,0.0049814976294544,0.415211970074813,2.4084084084084085,0.0758085127783937,26.009,16.991,1.5308556372549025,0.3951395348837208,0.4013069393131345,0.0177464717795727,0.2462170647070831,0.2468731138383554,0.614050613545136
graph_0118_mu_0_2_node_13,28,0.4391534391534391,0.0010407802055307,0.3778366111951589,2.6466466466466465,0.0325017706587017,23.012,4.988,4.6168,0.178142857142857,0.1329533333041961,0.0051848446843082,0.0977858220211161,0.0979784611730874,0.612505114060393
graph_0118_mu_0_2_node_21,23,0.2213438735177865,0.0019717440802467,0.3769811320754717,2.6526526526526526,0.0117175716822382,12.0,11.0,1.0909090909090904,0.4782608695652175,0.6102888888888888,0.0112025064925268,0.3142857142857142,0.3147100806296053,0.6657696969696968
graph_0118_mu_0_2_node_504,19,0.3859649122807017,0.0007814795825286,0.3658000732332478,2.7337337337337337,0.0122297934143676,14.002,4.998,2.8019,0.2630526315789473,0.1282918604384121,0.0052008362625972,0.1514474153297682,0.1516403064156528,0.3593482437103125
graph_0118_mu_0_2_node_986,20,0.1736842105263158,0.0015152299978971,0.3694526627218935,2.7067067067067065,0.0103479234316234,11.97,8.03,1.493181818181818,0.4015000000000001,0.2037894736842105,0.0083621304791029,0.2512931034482759,0.2516029252638428,0.3017368421052631
graph_0118_mu_0_2_node_371,23,0.3557312252964427,0.0012576955983633,0.3779795686719637,2.645645645645646,0.0209354575132389,15.022,7.978,1.8840357142857145,0.3468695652173912,0.2582778756392184,0.0082412237083397,0.2098434547908231,0.2101513437160949,0.4851190239079284
graph_0118_mu_0_2_node_921,24,0.2424242424242424,0.0019624219735889,0.3761295180722891,2.6586586586586587,0.0124156917797675,15.0,9.0,1.666666666666667,0.375,0.4993272727272727,0.0091656871302492,0.2307692307692308,0.2311165467882174,0.7767313131313133
graph_0118_mu_0_2_node_403,18,0.1916666666666666,0.0013465964639594,0.3652650822669104,2.7377377377377377,0.01085862053556,10.0,8.0,1.25,0.4444444444444446,0.2868862433862433,0.0082302674784552,0.2857142857142856,0.2860229038764644,0.3227470238095238
graph_0118_mu_0_2_node_33,22,0.2894736842105263,0.0011123135720908,0.3641997812613926,2.745745745745746,0.0138732926155291,15.001,6.999,2.1433809523809524,0.3181363636363636,0.1800074362482022,0.0072827959103789,0.189157894736842,0.1894280117024075,0.3600589901434633
graph_0118_mu_0_2_node_393,25,0.2490118577075099,0.00191945451009,0.3724832214765101,2.684684684684685,0.016880468570691,15.0,10.0,1.5,0.4000000000000001,0.5882352941176471,0.0101729399796541,0.25,0.2503858917959403,0.8235294117647061
graph_0118_mu_0_2_node_755,22,0.2813852813852814,0.0012994462971432,0.3710995542347697,2.694694694694695,0.0228499802541661,14.004,7.996,1.7515714285714283,0.3634545454545454,0.2129273948583206,0.0083122078048202,0.2220900900900901,0.222398649295225,0.3727292236822945
graph_0118_mu_0_2_node_17,18,0.2483660130718954,0.0011972565341833,0.3648648648648648,2.740740740740741,0.0099693061302759,11.0,7.0,1.5714285714285718,0.388888888888889,0.2793461240310079,0.0071803160328515,0.2413793103448275,0.2416493824926728,0.4389724806201552
graph_0118_mu_0_2_node_677,37,0.3747899159663865,0.0029124831619279,0.390539483971853,2.5605605605605604,0.0275675597551721,27.001,9.999,2.7004111111111118,0.2702432432432432,0.3326674965059398,0.0103094832788869,0.1562322115384615,0.1566184224709835,0.865003415443746
graph_0118_mu_0_2_node_684,24,0.3115942028985507,0.0016960070335786,0.3789833080424886,2.6386386386386387,0.0154470611245857,15.001,8.999,1.6670000000000005,0.3749583333333333,0.4282997198879552,0.0091922910089756,0.2307384615384616,0.2310857390025253,0.7138851540616244
graph_0118_mu_0_2_node_141,30,0.4091954022988506,0.001681062764004,0.3846746245668078,2.5995995995996,0.027319078681468,22.02,7.98,2.7623214285714286,0.266,0.2583091112361257,0.0082433604608905,0.1534179970972423,0.1537261295451322,0.7114114823760945
graph_0118_mu_0_2_node_402,47,0.3767676767676767,0.0033353140654125,0.4124690338563171,2.4244244244244246,0.0929589299817649,36.007,10.993,3.2757181818181818,0.2338936170212767,0.2596584722045085,0.011481714877761,0.1324357429718875,0.1328606263683824,0.8265873773211788
graph_0118_mu_0_2_node_279,21,0.3099415204678362,0.0012573304806398,0.3660681568340051,2.731731731731732,0.0107050043156612,13.001,7.999,1.625375,0.3809047619047619,0.5323097801976205,0.0081215009389334,0.2352588235294118,0.2355674745870752,0.7985085299455538
graph_0118_mu_0_2_node_389,50,0.2963265306122449,0.004806959904609,0.4201009251471825,2.38038038038038,0.1076796182720367,37.007,12.993,2.848397435897436,0.2598599999999999,0.257503294433964,0.0136877207641216,0.149333855799373,0.1498360399195374,0.7331976164057826
graph_0118_mu_0_2_node_947,24,0.5217391304347826,0.0006983843814475,0.3730395817774458,2.680680680680681,0.0537007102397529,19.005,4.995,3.805999999999999,0.208125,0.1179987724639722,0.0052170167021258,0.1161522198731501,0.1163450696595205,0.4486826369503961
graph_0118_mu_0_2_node_987,23,0.2806324110671936,0.001738249519381,0.3731789316398954,2.67967967967968,0.0133103317769357,13.0,10.0,1.3000000000000005,0.4347826086956522,0.5882352941176471,0.0101729399796541,0.2777777777777778,0.2781636100179198,0.7647058823529413
graph_0118_mu_0_2_node_256,28,0.3253968253968254,0.0016962539678961,0.3882627283326856,2.575575575575576,0.054311101168372,19.006,8.994,2.113555555555556,0.3212142857142858,0.2124459389767736,0.0093938230111011,0.1913414387031408,0.1916886305706552,0.4487223334716716
graph_0118_mu_0_2_node_500,22,0.329004329004329,0.0013295677054335,0.3648648648648648,2.740740740740741,0.0095256255583606,14.018,7.982,1.7599,0.3628181818181817,0.4192406015037593,0.0081373295112353,0.2216581196581197,0.2219661388918427,0.7348496240601501
graph_0118_mu_0_2_node_632,19,0.239766081871345,0.001213164328314,0.3755639097744361,2.6626626626626626,0.0142055842627687,11.991,7.009,1.71153373015873,0.3688947368421051,0.1804166929741484,0.0072931416769179,0.2261854653318501,0.2264559052261938,0.308200129783577
graph_0118_mu_0_2_node_160,23,0.2766798418972332,0.0016999476334694,0.3737373737373737,2.675675675675676,0.01316437163968,15.99,7.01,2.2816071428571423,0.3047826086956521,0.1774605263157894,0.0073002994393476,0.1797975708502024,0.1800681328455662,0.3791447368421053
graph_0118_mu_0_2_node_688,34,0.3190730837789661,0.0028651480971388,0.3920722135007849,2.5505505505505504,0.026200729649356,23.002,10.998,2.0915959595959595,0.3234705882352941,0.3659172650244583,0.0113394812371874,0.1929420160570919,0.193366665737987,0.7652163740391337
graph_0118_mu_0_2_node_442,22,0.329004329004329,0.0013383150423485,0.3715135738192636,2.6916916916916915,0.0129281850992011,14.0,8.0,1.75,0.3636363636363636,0.4705882352941177,0.0081383519837232,0.2222222222222223,0.2225309356589746,0.8235294117647061
graph_0118_mu_0_2_node_828,29,0.2906403940886699,0.0019475810005085,0.387359441644048,2.581581581581581,0.0303280133034247,17.041,11.959,1.4269924242424246,0.4123793103448275,0.3872797545521323,0.0123533177860893,0.2597992221865619,0.2602607475792409,0.5500099145111093
graph_0118_mu_0_2_node_99,30,0.3080459770114943,0.001743693848532,0.3958003169572108,2.5265265265265264,0.0678456589541903,19.025,10.975,1.734454545454545,0.3658333333333331,0.2176572565825914,0.011561102548811,0.2238833133253301,0.224306945068286,0.376720082239891
graph_0118_mu_0_2_node_853,21,0.3666666666666666,0.0012117722234801,0.3653986832479883,2.736736736736737,0.0075262021560815,15.0,6.0,2.5,0.2857142857142856,0.3328848484848484,0.0061104580868328,0.1666666666666666,0.166898237488743,0.8322121212121214
graph_0118_mu_0_2_node_255,18,0.5163398692810458,0.0003247552687896,0.3655323819978046,2.735735735735736,0.0467773721987422,16.001,1.999,8.009,0.1110555555555555,0.0396144771523835,0.0021059054397206,0.0587932773109243,0.0588704468645001,0.3170481701602446
graph_0118_mu_0_2_node_787,48,0.302304964539007,0.0036825339402224,0.4185169669040637,2.3893893893893896,0.1070436487361777,36.016,11.984,3.006036363636364,0.2496666666666666,0.2375826193462572,0.0126243990777837,0.1426429548563611,0.1431061232769377,0.7134415773151693
graph_0118_mu_0_2_node_611,23,0.3675889328063241,0.001120623166894,0.3735976065818998,2.6766766766766765,0.0195096871110957,16.023,6.977,2.298309523809523,0.3033478260869565,0.2259364702312294,0.0072070449256577,0.1788089743589743,0.1790782636399521,0.5171843165931842
graph_0118_mu_0_2_node_567,18,0.4117647058823529,0.0008863625528816,0.3615635179153094,2.765765765765766,0.007708033344273,13.0,5.0,2.600000000000001,0.2777777777777778,0.2941176470588235,0.005086469989827,0.1612903225806451,0.1614832759245265,0.7647058823529413
graph_0118_mu_0_2_node_71,23,0.3280632411067193,0.0019665595641443,0.3734579439252336,2.6776776776776776,0.0117427434817503,14.0,9.0,1.555555555555556,0.3913043478260869,0.5988682395644283,0.0091378815573606,0.2432432432432432,0.2435905324579837,0.931572817100222
graph_0118_mu_0_2_node_763,20,0.5263157894736842,0.0006939359927746,0.3675496688741722,2.720720720720721,0.0227816326441514,16.0,4.0,4.0,0.2,0.106494063909227,0.0041582489477715,0.1111111111111111,0.1112655154961956,0.4259762556369081
graph_0118_mu_0_2_node_354,38,0.3385490753911807,0.0028186717296457,0.4034733441033926,2.4784784784784786,0.0751186761144493,26.011,11.989,2.1699484848484856,0.3155000000000001,0.2832072506139776,0.0125219352732174,0.1873001456876457,0.1877631492234985,0.614057901186692
graph_0118_mu_0_2_node_863,19,0.2748538011695906,0.0013275206474608,0.3613019891500904,2.767767767767768,0.0073110291010855,11.997,7.003,1.7133809523809524,0.3685789473684209,0.1801802588656213,0.0072869518908629,0.2259315860215052,0.226201794648696,0.308451269774457
graph_0118_mu_0_2_node_834,38,0.3396825396825397,0.0027687039105976,0.3951740506329114,2.5305305305305303,0.0361496461761135,27.011,10.989,2.4584222222222216,0.2891842105263159,0.3553957328093293,0.0113524221126595,0.1690364262603068,0.1694608599444324,0.8405929993124096
graph_0118_mu_0_2_node_523,17,0.4285714285714285,0.0006496083404134,0.3474782608695652,2.8778778778778777,0.0068299269222269,13.0,4.0,3.25,0.2352941176470588,0.1434431216931216,0.0041151337392276,0.1333333333333333,0.1334877019656273,0.430329365079365
graph_0118_mu_0_2_node_344,28,0.4814814814814814,0.0011982168031595,0.3818807339449541,2.6186186186186187,0.0231834881447103,22.0,6.0,3.6666666666666656,0.2142857142857142,0.1996118186582809,0.0061863235470576,0.12,0.1202316960148285,0.7319100017470298
graph_0118_mu_0_2_node_580,28,0.3353846153846154,0.0011146477279669,0.3857142857142857,2.592592592592593,0.0599870977888425,20.005,7.995,2.502833333333333,0.2855357142857142,0.1584519054380472,0.0084224952754284,0.1665495238095238,0.166858187371843,0.3765420655308949
graph_0118_mu_0_2_node_84,24,0.3116883116883117,0.0018613685447088,0.3713754646840149,2.6926926926926926,0.0115831252659768,15.002,8.998,1.6673333333333336,0.3749166666666667,0.5988162129461583,0.0091357912458561,0.2307076923076923,0.2310549312168332,0.9316248437184916
graph_0118_mu_0_2_node_564,36,0.3428571428571428,0.0026312900595271,0.3976910828025478,2.5145145145145147,0.0371165320819213,24.01,11.99,2.0028363636363635,0.3330555555555555,0.3469557730736355,0.0124258690605062,0.199804547858276,0.2002675184460009,0.694299844556797
graph_0118_mu_0_2_node_177,17,0.2761904761904762,0.0008468367224237,0.3630087209302325,2.754754754754755,0.0120438183655287,11.0,6.0,1.8333333333333328,0.3529411764705881,0.2144627329192547,0.0061730136185658,0.2142857142857142,0.2145172136297994,0.3574378881987576
graph_0118_mu_0_2_node_507,42,0.3307692307692307,0.002843554872166,0.3991210547343188,2.5055055055055053,0.0466065195058514,31.01,10.99,2.8220848484848498,0.2616666666666666,0.2927211615196209,0.0114243679548354,0.1505298482043687,0.150954451664569,0.7988429935499558
graph_0118_mu_0_2_node_410,21,0.2339181286549707,0.0009847824921428,0.3664710198092443,2.7287287287287287,0.0137499154017372,13.0,8.0,1.625,0.3809523809523811,0.3192527131782945,0.008206075466116,0.2352941176470588,0.2356028072596533,0.478879069767442
graph_0118_mu_0_2_node_681,23,0.2523809523809524,0.0014678978292331,0.3726221559119731,2.683683683683684,0.0119958019080199,14.0,9.0,1.555555555555556,0.3913043478260869,0.4993272727272727,0.0091656871302492,0.2432432432432432,0.2435905324579837,0.7212505050505048
graph_0118_mu_0_2_node_332,18,0.3666666666666666,0.0006523201428484,0.3548845470692717,2.8178178178178177,0.0118681934113116,13.001,4.999,2.6009000000000007,0.2777222222222221,0.1792830687830687,0.0051428667538664,0.1612540322580645,0.16144694702915,0.4303501984126984
graph_0118_mu_0_2_node_104,17,0.2720588235294117,0.0009406361555725,0.3680913780397936,2.716716716716717,0.0110084550464109,10.0,7.0,1.4285714285714282,0.411764705882353,0.1769342105263157,0.0072901057594291,0.2592592592592592,0.2595293105690079,0.2527631578947368
graph_0118_mu_0_2_node_750,17,0.5882352941176471,0.0004746212544295,0.354004252303331,2.824824824824825,0.0074622938997308,14.0,3.0,4.666666666666667,0.176470588235294,0.176470588235294,0.0030518819938962,0.096774193548387,0.0968899834283516,0.8235294117647061
graph_0118_mu_0_2_node_653,21,0.2666666666666666,0.0016003323426272,0.3680913780397936,2.716716716716717,0.0100652774649187,13.0,8.0,1.625,0.3809523809523811,0.2053221491152526,0.0083247350477563,0.2352941176470588,0.2356028072596533,0.3336484923122854
graph_0118_mu_0_2_node_576,54,0.3310708898944193,0.004745746751782,0.4133223003723624,2.41941941941942,0.1003748279302346,40.012,13.988,2.860901098901098,0.2590370370370369,0.3304002898996757,0.0146099173075697,0.1487920492721165,0.1493327952581744,0.9211438410755726
graph_0118_mu_0_2_node_885,28,0.3201058201058201,0.0014784607554513,0.3903868698710434,2.561561561561561,0.0645666982592142,19.009,8.991,2.115055555555556,0.3211071428571428,0.178234918008047,0.0094714737012989,0.1912700101317122,0.1916170862719672,0.3765736444782633
graph_0118_mu_0_2_node_698,22,0.6017316017316018,0.0004860589839436,0.3656661786237188,2.734734734734735,0.019341321214171,19.005,2.995,6.351666666666666,0.1361363636363635,0.0924637510279832,0.0030965337996944,0.0730429732868757,0.0731586148621674,0.5861313857440718
graph_0118_mu_0_2_node_858,46,0.3319238900634249,0.0033104365937499,0.4128099173553719,2.4224224224224224,0.091545210821886,33.005,12.995,2.5399358974358983,0.2825,0.3069039822195348,0.0135728781653441,0.1644841772151898,0.1649862832758411,0.7557278270990723
graph_0118_mu_0_2_node_328,21,0.4210526315789473,0.0010409898514305,0.3607800650054171,2.771771771771772,0.0086856267247163,15.0,6.0,2.5,0.2857142857142856,0.3992454930429522,0.0060919210382404,0.1666666666666666,0.166898237488743,0.931572817100222
graph_0118_mu_0_2_node_188,19,0.5220588235294118,0.0005930171203724,0.3565310492505353,2.804804804804805,0.0096267736415015,15.001,3.999,3.751583333333333,0.2104736842105262,0.2661461181689856,0.0040602202467732,0.1176151260504201,0.1177694799313613,0.931590360959871
graph_0118_mu_0_2_node_873,40,0.2935897435897436,0.0023964103382737,0.4065934065934066,2.45945945945946,0.0892932109651427,29.02,10.98,2.64420202020202,0.2744999999999999,0.2177316732437961,0.0115664500692007,0.1590922928877613,0.159516444838911,0.5748098821877752
graph_0118_mu_0_2_node_241,15,0.419047619047619,0.0005591516807158,0.3564038530146272,2.805805805805806,0.0063880060490488,11.0,4.0,2.75,0.2666666666666666,0.1011052631578947,0.0041657747196738,0.1538461538461538,0.1540004986524512,0.2780394736842105
graph_0118_mu_0_2_node_286,16,0.1758241758241758,0.000762934094576,0.3574239713774597,2.7977977977977977,0.0071221438635524,10.0,6.0,1.666666666666667,0.375,0.2855078341013824,0.0061291634840327,0.2307692307692308,0.2310007122507121,0.4282617511520737
graph_0118_mu_0_2_node_119,14,0.5824175824175825,0.0002726041699666,0.3434169817806806,2.911911911911912,0.0051574643781467,12.0,2.0,6.0,0.1428571428571428,0.1176470588235294,0.0020345879959308,0.0769230769230769,0.0770002612392239,0.7058823529411762
graph_0118_mu_0_2_node_63,23,0.3142857142857143,0.0012203488912652,0.3666055045871559,2.727727727727728,0.0126104885713589,16.0,7.0,2.2857142857142847,0.3043478260869565,0.1769342105263157,0.0072901057594291,0.1794871794871794,0.1797573558737633,0.3791447368421053
graph_0118_mu_0_2_node_102,20,0.2526315789473684,0.0013472247185607,0.3680913780397936,2.716716716716717,0.0110628554142051,12.0,8.0,1.5,0.4000000000000001,0.4990714285714285,0.0081307432489773,0.25,0.2503086657921135,0.7486071428571429
graph_0118_mu_0_2_node_307,19,0.2058823529411764,0.0009738856820758,0.3690432212781677,2.70970970970971,0.0124948660861649,11.0,8.0,1.375,0.4210526315789473,0.3192527131782945,0.008206075466116,0.2666666666666666,0.2669753086419754,0.3990658914728683
graph_0118_mu_0_2_node_169,40,0.3428165007112375,0.0029081122189446,0.3976910828025478,2.5145145145145147,0.0388774606301744,29.019,10.981,2.6432727272727266,0.2745249999999999,0.3178863857905291,0.0113798999140917,0.1591055900621117,0.1595297806605328,0.8101986369014207
graph_0118_mu_0_2_node_780,18,0.3202614379084967,0.0013182116287144,0.3579362235757793,2.793793793793794,0.0069002550681538,11.0,7.0,1.5714285714285718,0.388888888888889,0.2272864742501414,0.0072235191568984,0.2413793103448275,0.2416493824926728,0.3571644595359366
graph_0118_mu_0_2_node_852,20,0.3333333333333333,0.001178091864835,0.3638018936635105,2.7487487487487487,0.0145016527419752,13.991,6.009,2.3290476190476195,0.3004499999999999,0.1953187323146575,0.0062008153385289,0.1767914438502673,0.1770233438466755,0.4216016977928691
graph_0118_mu_0_2_node_56,30,0.3977011494252873,0.0014922491290615,0.3805714285714285,2.627627627627628,0.0262205234587143,22.027,7.973,2.764642857142857,0.2657666666666666,0.2581873413774002,0.0082359501093067,0.1532591517497177,0.1535670141971876,0.7114243633459313
graph_0118_mu_0_2_node_891,32,0.3326612903225806,0.0021893453594265,0.3943939992104224,2.535535535535536,0.035975795218509,22.004,9.996,2.201422222222222,0.312375,0.2661836807192231,0.0103912774967885,0.1850989898989898,0.1854849360059539,0.5857300097285968
graph_0118_mu_0_2_node_424,22,0.2857142857142857,0.0016417982284133,0.374578177727784,2.66966966966967,0.0112576665830859,14.001,7.999,1.750392857142857,0.3635909090909091,0.2052994218425253,0.0083236890226517,0.2221891891891892,0.2224978640680372,0.3593364882244191
graph_0118_mu_0_2_node_974,33,0.4602150537634408,0.0016664515195037,0.3786959818043973,2.640640640640641,0.025530483218462,26.001,6.999,3.7150714285714295,0.212090909090909,0.2262573858213461,0.0072306749010062,0.1186254237288135,0.1188957702348723,0.8081112473650226
graph_0118_mu_0_2_node_55,29,0.4757834757834758,0.0012474723921194,0.3791271347248577,2.6376376376376376,0.0259732501328536,23.017,5.983,3.849766666666667,0.2063103448275862,0.1937066584049838,0.0061803542859263,0.1150268505079826,0.1152579082761521,0.7113658956330885
graph_0118_mu_0_2_node_914,19,0.2573099415204678,0.0013112666896732,0.364067055393586,2.7467467467467466,0.0104392736145772,11.0,8.0,1.375,0.4210526315789473,0.570390476190476,0.0081142189145326,0.2666666666666666,0.2669753086419754,0.7842869047619049
graph_0118_mu_0_2_node_570,34,0.3689839572192513,0.0024502484768989,0.388867263526664,2.5715715715715715,0.0670805477689161,25.004,8.996,2.7798015873015878,0.2645882352941177,0.212463334568436,0.0093960384754674,0.1524661665277392,0.1528135964692845,0.5903663897923884
graph_0118_mu_0_2_node_3,21,0.3450292397660818,0.001249091237417,0.3622189992748368,2.760760760760761,0.0100696028875788,15.994,5.006,3.1958000000000006,0.2383809523809524,0.1796818783068782,0.0051500385881174,0.1353243243243243,0.1355175537924883,0.5375337301587301
graph_0118_mu_0_2_node_816,22,0.3939393939393939,0.0011117293513556,0.3751408186256102,2.665665665665666,0.0222287638122936,15.006,6.994,2.146,0.3179090909090909,0.2023786928841029,0.0072482951259498,0.1890014224751066,0.1892713466065024,0.4339163548815193
graph_0118_mu_0_2_node_662,52,0.3257142857142857,0.0048446157939355,0.4174676138737986,2.3953953953953957,0.0955969741033772,37.008,14.992,2.46864761904762,0.2883076923076922,0.3540949257090408,0.0156585850949924,0.1684354556803995,0.1690148571484966,0.850221124852047
graph_0118_mu_0_2_node_431,34,0.3205645161290322,0.0026873790730834,0.3884136858475894,2.5745745745745747,0.0230885220682496,23.003,10.997,2.091836363636363,0.3234411764705883,0.3659048829489866,0.0113384004512598,0.1929207501512401,0.1933453612742734,0.7319601196715582
graph_0118_mu_0_2_node_717,20,0.3894736842105263,0.0010638255169915,0.3670095518001469,2.724724724724725,0.011357356700963,13.001,6.999,1.857619047619048,0.3499499999999999,0.4657641863278887,0.0071061940908616,0.2120855614973261,0.2123556367701281,0.8650541238152857
graph_0118_mu_0_2_node_784,22,0.3263157894736842,0.0012886158011772,0.3675496688741722,2.720720720720721,0.0109314090312547,15.0,7.0,2.142857142857143,0.3181818181818182,0.411764705882353,0.0071210579857578,0.1891891891891892,0.1894593447215885,0.8235294117647061
graph_0118_mu_0_2_node_585,32,0.2580645161290322,0.0024744079859054,0.3997599039615846,2.5015015015015014,0.0669904006519454,20.015,11.985,1.670448484848485,0.37453125,0.2375852900856056,0.0126255671851045,0.2304234800838575,0.2308861149335316,0.396399446689356
graph_0118_mu_0_2_node_606,21,0.2573099415204678,0.0013692173969301,0.3659340659340659,2.7327327327327327,0.0098838962936115,13.0,8.0,1.625,0.3809523809523811,0.4705882352941177,0.0081383519837232,0.2352941176470588,0.2356028072596533,0.7058823529411762
graph_0118_mu_0_2_node_43,23,0.3666666666666666,0.0011919430388571,0.3658000732332478,2.7337337337337337,0.0119265484775073,15.002,7.998,1.8758214285714283,0.3477391304347825,0.5322875579753982,0.0081204538185146,0.210464237516869,0.2107728976597009,0.9316125831820932
graph_0118_mu_0_2_node_314,27,0.35,0.0016526319425587,0.3774083868530412,2.6496496496496498,0.0168449367557693,18.015,8.985,2.006053571428572,0.3327777777777777,0.3836471235720686,0.0092062295493987,0.1996131359851989,0.1999599539483641,0.7255394528093564
graph_0118_mu_0_2_node_627,17,0.3529411764705882,0.0006627664228997,0.3610408384531984,2.76976976976977,0.0111620951577139,12.0,5.0,2.399999999999999,0.2941176470588235,0.1283263431970328,0.0052029594048477,0.1724137931034483,0.1726067315560819,0.3079832236728788
graph_0118_mu_0_2_node_412,24,0.1884057971014492,0.0021843909274938,0.3801369863013699,2.630630630630631,0.0137050201037435,13.0,11.0,1.181818181818182,0.4583333333333332,0.4389724806201552,0.0112833537659095,0.2972972972972973,0.2977216963867684,0.5187856589147285
graph_0118_mu_0_2_node_48,25,0.3933333333333333,0.0016400091897286,0.3722056631892697,2.6866866866866865,0.0140219483757296,18.0,7.0,2.571428571428572,0.2800000000000001,0.3331372549019608,0.0071503792498097,0.1627906976744186,0.1630609157790316,0.856638655462185
graph_0118_mu_0_2_node_955,29,0.2216748768472906,0.0032523031676693,0.3916111328890631,2.5535535535535536,0.0184080902825184,16.0,13.0,1.2307692307692304,0.4482758620689653,0.6186834733893555,0.0132792757496466,0.2888888888888888,0.2893905288657362,0.7614565826330534
graph_0118_mu_0_2_node_225,16,0.25,0.0006563731970787,0.3623503808487486,2.75975975975976,0.010001065967751,10.001,5.999,1.6672000000000002,0.3749375,0.2853800539083557,0.0061279882314625,0.2307236467236467,0.2309550896472103,0.4756837376460018
graph_0118_mu_0_2_node_459,22,0.303030303030303,0.0017344328891253,0.3717901004838109,2.68968968968969,0.0118530307669208,13.993,8.007,1.7478611111111113,0.3639545454545453,0.2602226372382568,0.0082625570640115,0.2224666666666667,0.2227756499462642,0.4541062818336161
graph_0118_mu_0_2_node_532,25,0.3873517786561264,0.001320421524295,0.3701370878103001,2.701701701701701,0.0136846218863232,18.001,6.999,2.572023809523809,0.2799600000000001,0.2986082872550861,0.0071716356879072,0.1627642706131078,0.1630344501419604,0.7252562447893063
graph_0118_mu_0_2_node_296,31,0.354679802955665,0.0014198781223663,0.383935434281322,2.6046046046046047,0.0347708572225911,23.012,7.988,2.882196428571429,0.2576774193548386,0.2128283066649703,0.0083034821652269,0.1478998797498797,0.1482083447266204,0.5858771726542322
graph_0118_mu_0_2_node_54,26,0.3369565217391304,0.0016113160850424,0.3731789316398954,2.67967967967968,0.0130665270595898,18.0,8.0,2.25,0.3076923076923076,0.4196691729323307,0.0081561186552854,0.1818181818181818,0.1821269905883508,0.8917969924812033
graph_0118_mu_0_2_node_106,23,0.2015810276679842,0.001758159779698,0.378839590443686,2.63963963963964,0.0172988210104642,12.0,11.0,1.0909090909090904,0.4782608695652175,0.5232313566936208,0.0112365810290645,0.3142857142857142,0.3147100806296053,0.570797843665768
graph_0118_mu_0_2_node_626,20,0.3,0.0014804498711106,0.3652650822669104,2.7377377377377377,0.0098447681994484,13.0,7.0,1.8571428571428577,0.3499999999999999,0.4366875,0.0071144003428552,0.212121212121212,0.2123913259548992,0.8109910714285714
graph_0118_mu_0_2_node_22,48,0.3342995169082126,0.0038258336153017,0.4094262295081967,2.4424424424424425,0.0515141833513694,35.024,12.976,2.6999160839160847,0.2703333333333333,0.3457259094361,0.013488652672981,0.1562973372481522,0.1567987876661375,0.9055793414973178
graph_0118_mu_0_2_node_232,21,0.3523809523809524,0.0009730795647782,0.3759879563417388,2.65965965965966,0.0431100341335648,14.006,6.994,2.0034,0.3330476190476189,0.1651995747672434,0.0073049572022001,0.1998036036036036,0.2000735068840189,0.3306952695814397
graph_0118_mu_0_2_node_9,57,0.3016835016835016,0.0048490297027028,0.4236641221374045,2.36036036036036,0.1189947417288596,44.014,12.986,3.3899300699300703,0.2278245614035087,0.2574155066029737,0.0136801247617199,0.1285585945230731,0.1290607801759327,0.8522016183696471
graph_0118_mu_0_2_node_544,16,0.0416666666666666,0.0011760889875058,0.3827586206896551,2.612612612612613,0.0176612673507483,2.015,13.985,0.1442344322344321,0.8740625,0.6613236484778761,0.0142917575446294,0.7764116959064331,0.7769507423768027,0.0946081612999214
graph_0118_mu_0_2_node_231,37,0.2537537537537537,0.0033774846683208,0.4143508917461634,2.413413413413413,0.0787907872450574,23.015,13.985,1.645974358974359,0.3779729729729729,0.277218202409708,0.0147325119001535,0.2330313590692755,0.2335712796207792,0.4558510070411872
graph_0118_mu_0_2_node_147,25,0.1966666666666666,0.002535421422824,0.3768389287061486,2.6536536536536537,0.0130326658658481,13.006,11.994,1.0845833333333337,0.4797600000000002,0.7484642857142858,0.0121898518254493,0.3155921052631579,0.3160548370126197,0.8111339285714285
graph_0118_mu_0_2_node_726,19,0.2352941176470588,0.0008986580233262,0.367414490621552,2.7217217217217216,0.0116583041806589,13.0,6.0,2.166666666666667,0.3157894736842105,0.285398921832884,0.0061290441976716,0.1875,0.1877315350775643,0.570797843665768
graph_0118_mu_0_2_node_511,22,0.3852813852813853,0.0009897647475611,0.3737373737373737,2.675675675675676,0.0459833761099795,15.005,6.995,2.1458952380952376,0.3179545454545455,0.1652240574279686,0.0073059820043004,0.1890359266148739,0.1893058892952383,0.354258511338321
graph_0118_mu_0_2_node_456,48,0.3058510638297872,0.0043178762662349,0.4164235097957482,2.4014014014014013,0.1008314455011075,35.016,12.984,2.697342657342657,0.2705,0.2573829037053552,0.0136779945961851,0.1564068441834565,0.1569086033440445,0.6936602323500103
graph_0118_mu_0_2_node_792,16,0.1978021978021978,0.0008030350698594,0.3580645161290323,2.7927927927927927,0.0072883417432482,10.0,6.0,1.666666666666667,0.375,0.2855078341013824,0.0061291634840327,0.2307692307692308,0.2310007122507121,0.4282617511520737
graph_0118_mu_0_2_node_95,34,0.3548387096774194,0.002101742856835,0.390081999219055,2.563563563563564,0.0373260655421855,24.018,9.982,2.406894444444444,0.2935882352941176,0.2659699840811121,0.0103762577249974,0.1720567699201247,0.1724422355726595,0.6126060431700107
graph_0118_mu_0_2_node_77,20,0.3006535947712418,0.0010985506464505,0.3649981731823164,2.73973973973974,0.0143263500628031,13.006,6.994,1.8600000000000003,0.3496999999999999,0.3670676691729322,0.0071303407753581,0.2119073083778965,0.2121771908462723,0.6296466165413536
graph_0118_mu_0_2_node_672,23,0.3285714285714285,0.0014362718158085,0.3658000732332478,2.7337337337337337,0.0112395485391171,15.002,7.998,1.8758214285714283,0.3477391304347825,0.2597208828522919,0.0082533295742526,0.210464237516869,0.2107728976597009,0.454608036219581
graph_0118_mu_0_2_node_80,33,0.3462365591397849,0.002301232429164,0.3864603481624758,2.587587587587588,0.0301758883800317,23.018,9.982,2.3066,0.3024848484848486,0.2889742866931645,0.0103445975892952,0.1781992481203007,0.1785846840137327,0.6366339370540762
graph_0118_mu_0_2_node_978,49,0.2571692876965772,0.0042308106550164,0.4159034138218151,2.4044044044044046,0.0996730987753826,34.006,14.994,2.268066666666666,0.306,0.2971462709400076,0.0157957947077378,0.1806385542168674,0.1812178985133784,0.6539541218936675
graph_0118_mu_0_2_node_224,29,0.2660098522167488,0.0023328738018776,0.3951740506329114,2.5305305305305303,0.0281942094068303,17.014,11.986,1.419918181818182,0.4133103448275861,0.3699472525407166,0.0123925257616904,0.2604984582176995,0.2609610244768225,0.524574242329529
graph_0118_mu_0_2_node_391,24,0.3804347826086957,0.0013199207088659,0.3765548435733132,2.655655655655656,0.0196142894233259,17.001,6.999,2.429142857142857,0.291625,0.2328619365828092,0.0072163203891148,0.1707038327526132,0.1709739914238169,0.5655668195317958
graph_0118_mu_0_2_node_121,18,0.2583333333333333,0.0008527170129701,0.364067055393586,2.7467467467467466,0.0096746222012414,12.004,5.996,2.0024,0.3331111111111111,0.2393562015503876,0.0061503549189147,0.1998451612903226,0.2000765242443062,0.4390558139534884
graph_0118_mu_0_2_node_396,22,0.2943722943722944,0.0011253035642529,0.3641997812613926,2.745745745745746,0.0120241680095298,16.0,6.0,2.666666666666666,0.2727272727272726,0.239439534883721,0.006154556599587,0.1578947368421052,0.1581263255405767,0.6385054263565891
graph_0118_mu_0_2_node_109,49,0.3024976873265494,0.0046330408569078,0.4197478991596639,2.3823823823823824,0.0950945633199954,33.009,15.991,2.064395833333333,0.3263469387755102,0.3776976696365118,0.016701965017944,0.1949930453521403,0.1956108407155167,0.7557762603033359
graph_0118_mu_0_2_node_158,26,0.2307692307692307,0.002415797311365,0.3808616088448341,2.625625625625626,0.01246759435571,15.99,10.01,1.597636363636364,0.3850000000000001,0.2532894736842105,0.0104246304791029,0.238397212543554,0.2387835195544394,0.4038947368421053
graph_0118_mu_0_2_node_590,24,0.277056277056277,0.0012210548263444,0.3723443906075289,2.685685685685686,0.0126458561593601,17.001,6.999,2.429142857142857,0.291625,0.3329465408805031,0.0071494955977411,0.1707038327526132,0.1709739914238168,0.7610826594788861
graph_0118_mu_0_2_node_794,34,0.3672014260249554,0.0019797030974465,0.3848228043143297,2.5985985985985987,0.0355600048937893,25.024,8.976,2.7905952380952384,0.264,0.2392426726844211,0.009330346121179,0.1520882837825322,0.1524349419411385,0.6659438835310215
graph_0118_mu_0_2_node_331,32,0.3729838709677419,0.0024926705304247,0.383493282149712,2.607607607607608,0.0190966603914439,22.01,9.99,2.2039111111111107,0.3121875,0.426405443130385,0.0102361834578576,0.1849727753727753,0.1853584900252861,0.9387091543740264
graph_0118_mu_0_2_node_298,24,0.3768115942028985,0.0013692988710162,0.3726221559119731,2.683683683683684,0.0122657969346223,17.001,6.999,2.429142857142857,0.291625,0.3331176470588234,0.0071493255090299,0.1707038327526132,0.1709739914238168,0.8090672268907565
graph_0118_mu_0_2_node_91,16,0.325,0.0006251135240631,0.3558959743498396,2.80980980980981,0.008129869221916,11.002,4.998,2.2021333333333333,0.312375,0.2377848158131177,0.0051054491487207,0.185103448275862,0.1852962946969248,0.5232789757412398
graph_0118_mu_0_2_node_854,23,0.3,0.0013306428691518,0.3671444321940463,2.723723723723724,0.0101660883117764,16.0,7.0,2.2857142857142847,0.3043478260869565,0.1769342105263157,0.0072901057594291,0.1794871794871794,0.1797573558737633,0.3791447368421053
graph_0118_mu_0_2_node_433,33,0.2193548387096774,0.0033059907021484,0.3884136858475894,2.5745745745745747,0.0178437080337218,22.0,11.0,2.0,0.3333333333333332,0.4389724806201552,0.0112833537659095,0.2,0.2004246940272577,0.8380383720930233
graph_0118_mu_0_2_node_428,22,0.3722943722943723,0.000903418504364,0.3735976065818998,2.6766766766766765,0.0207252472116701,16.012,5.988,2.677666666666666,0.272181818181818,0.1849164322789119,0.0061908371357648,0.1575473684210526,0.1577784941567101,0.4937115327759713
graph_0118_mu_0_2_node_7,24,0.2683982683982684,0.0013434452980173,0.3708240534521158,2.6966966966966965,0.0125474562986833,18.002,5.998,3.0016,0.2499166666666666,0.2854755760368663,0.0061270312878707,0.1428039867109634,0.1430355340070666,0.8089711213517666
graph_0118_mu_0_2_node_582,33,0.4645161290322581,0.0014297628631713,0.3833461243284727,2.6086086086086087,0.0316280383001453,27.006,5.994,4.5066,0.1816363636363636,0.1734515840401497,0.0062119172974058,0.0998918032786885,0.1001233571486254,0.7521566397070912
graph_0118_mu_0_2_node_910,40,0.3584637268847795,0.0027861034746244,0.3951740506329114,2.5305305305305303,0.0346145806941671,29.003,10.997,2.637454545454545,0.274925,0.3392825549377284,0.0113703010719697,0.1593706004140786,0.1597954083669913,0.863788989174716
graph_0118_mu_0_2_node_528,35,0.3663865546218487,0.0023900991225427,0.392226148409894,2.5495495495495497,0.0344000809217773,25.018,9.982,2.507,0.2851999999999999,0.2889742866931645,0.0103445975892952,0.1663224043715846,0.1667078998057007,0.7233970498025318
graph_0118_mu_0_2_node_359,23,0.3,0.0015602164407663,0.3645985401459854,2.7427427427427427,0.0088911785484868,15.0,8.0,1.875,0.3478260869565216,0.4705882352941177,0.0081383519837232,0.2105263157894736,0.2108350530540615,0.8235294117647061
graph_0118_mu_0_2_node_96,34,0.3205645161290322,0.0020368073421892,0.390539483971853,2.5605605605605604,0.0371822866080421,24.007,9.993,2.4027388888888885,0.2939117647058823,0.2661413132506261,0.0103880456868249,0.1722753555425678,0.1726612455281933,0.6124347140004966
graph_0118_mu_0_2_node_461,23,0.2371541501976284,0.0015785429784135,0.3854166666666667,2.5945945945945947,0.0218220531360481,13.009,9.991,1.3023000000000002,0.4343913043478261,0.3083469227073781,0.0103299042869735,0.2774669669669669,0.2778524523198805,0.4010684245974745
graph_0118_mu_0_2_node_490,22,0.2597402597402597,0.0016748772910502,0.376271186440678,2.6576576576576576,0.0134326620873519,13.001,8.999,1.4447499999999995,0.4090454545454546,0.2314423339997895,0.0093639013023081,0.2571079365079364,0.25745516037359,0.3343268353853168
graph_0118_mu_0_2_node_352,23,0.3571428571428571,0.0012136023720404,0.3675496688741722,2.720720720720721,0.0118000026861401,17.0,6.0,2.833333333333333,0.2608695652173912,0.151657894736842,0.0062486620795107,0.1499999999999999,0.1502316065776268,0.404421052631579
graph_0118_mu_0_2_node_345,32,0.335632183908046,0.0016335661120484,0.3906922174423152,2.55955955955956,0.0394852416971141,23.023,8.977,2.566158730158731,0.28053125,0.2392909374686268,0.0093312274731744,0.1631606288448393,0.1635072721094299,0.5860380578278827
graph_0118_mu_0_2_node_182,29,0.4159544159544159,0.0011441192650483,0.3795592705167173,2.6346346346346348,0.026891854768908,22.023,6.977,3.161983333333334,0.2405862068965516,0.2259437411415194,0.0072069965232378,0.1367609177520387,0.1370303317166216,0.679128812896553
graph_0118_mu_0_2_node_765,19,0.1985294117647058,0.0012440275117547,0.3668747704737422,2.725725725725726,0.0117319238607288,10.0,9.0,1.1111111111111112,0.4736842105263158,0.5294117647058824,0.0091556459816887,0.3103448275862069,0.3106920096253226,0.5294117647058824
graph_0118_mu_0_2_node_315,21,0.327485380116959,0.0010404835140798,0.3592233009708738,2.783783783783784,0.0089045807357931,15.0,6.0,2.5,0.2857142857142856,0.151657894736842,0.0062486620795107,0.1666666666666666,0.166898237488743,0.3538684210526315
graph_0118_mu_0_2_node_311,23,0.3359683794466403,0.0014954529617365,0.3801369863013699,2.630630630630631,0.0199458342939499,14.002,8.998,1.5561944444444449,0.3912173913043478,0.2993803415443745,0.0092773722719249,0.2431778093883357,0.2435250214991758,0.4657797781271838
graph_0118_mu_0_2_node_215,18,0.2745098039215686,0.001018719500075,0.367414490621552,2.7217217217217216,0.0099998130267843,11.0,7.0,1.5714285714285718,0.388888888888889,0.1796568804758459,0.0072841431667868,0.2413793103448275,0.2416493824926728,0.2823179550334722
graph_0118_mu_0_2_node_805,17,0.3676470588235294,0.0007755632111298,0.3580645161290323,2.7927927927927927,0.0066737144891503,12.0,5.0,2.399999999999999,0.2941176470588235,0.2774040404040404,0.005092048405694,0.1724137931034483,0.1726067315560819,0.6657696969696968
graph_0118_mu_0_2_node_44,20,0.0894736842105263,0.0018646884936364,0.3772658610271903,2.650650650650651,0.0138627724792068,7.0,13.0,0.5384615384615384,0.6500000000000002,0.6186003072196619,0.0132798542154043,0.4814814814814816,0.4819827732718644,0.3330924731182795
graph_0118_mu_0_2_node_360,31,0.4334975369458128,0.0013020109694341,0.3779795686719637,2.645645645645646,0.0218422236478908,24.003,6.997,3.4307857142857148,0.2257096774193547,0.2328306865828092,0.007214183636978,0.1272123376623376,0.1274825652174971,0.7652284067085957
graph_0118_mu_0_2_node_916,18,0.4444444444444444,0.0008501485788045,0.3574239713774597,2.7977977977977977,0.0067054598373879,14.002,3.998,3.503,0.2221111111111112,0.2218868686868687,0.0040715223224388,0.1249318181818181,0.1250861215664107,0.776767676767677
graph_0118_mu_0_2_node_836,21,0.3099415204678362,0.0011671121617225,0.3651315789473684,2.7387387387387387,0.0114827653304912,14.0,7.0,2.0,0.3333333333333332,0.3672105263157894,0.0071366038233748,0.2,0.200270134681434,0.6819624060150377
graph_0118_mu_0_2_node_545,40,0.3025641025641025,0.0035487117743373,0.4042897612302711,2.4734734734734736,0.0387481300999097,26.028,13.972,1.863296703296704,0.3492999999999999,0.4045127834954786,0.0144794782291269,0.2116146540027136,0.2121541984178187,0.7524368901279668
graph_0118_mu_0_2_node_138,34,0.2869875222816399,0.002857518963689,0.39800796812749,2.5125125125125125,0.0363654561970975,21.016,12.984,1.6190699300699307,0.3818823529411765,0.3458697108463696,0.0134971176999738,0.2360142629300523,0.2365154797253016,0.5592957414729692
graph_0118_mu_0_2_node_186,34,0.3529411764705882,0.0026660487387549,0.3936170212765957,2.5405405405405403,0.028855141764598,23.014,10.986,2.095442424242424,0.3231176470588235,0.3553354490966262,0.0113492743654877,0.1926965865862786,0.1931207734477156,0.7436812236638906
graph_0118_mu_0_2_node_954,20,0.4640522875816993,0.0008982273414802,0.3630087209302325,2.754754754754755,0.0113142045157154,15.0,5.0,3.0,0.25,0.1623474816072439,0.0051596565406417,0.1428571428571428,0.1430501259904169,0.4545729485002828
graph_0118_mu_0_2_node_938,19,0.2205882352941176,0.0011241056151793,0.367414490621552,2.7217217217217216,0.0108670863156928,11.0,8.0,1.375,0.4210526315789473,0.4990714285714285,0.0081307432489773,0.2666666666666666,0.2669753086419754,0.6238392857142858
graph_0118_mu_0_2_node_263,26,0.5076923076923077,0.0007976047904243,0.3764129615674453,2.6566566566566565,0.0590715736788205,21.003,4.997,4.204766666666668,0.1921923076923077,0.1180237491213018,0.0052191868497209,0.1063147705890867,0.1065077273469602,0.4959412962627822
graph_0118_mu_0_2_node_492,47,0.3202020202020202,0.0039819697420422,0.4102669404517454,2.437437437437437,0.0862512673430993,34.007,12.993,2.61749358974359,0.2764468085106383,0.3068775866439748,0.0135707198252054,0.1603947606142728,0.1608968283038571,0.7793682628817125
graph_0118_mu_0_2_node_230,31,0.2537634408602151,0.0024447291807514,0.3973747016706443,2.5165165165165164,0.0617064114280825,20.008,10.992,1.8205616161616156,0.3545806451612903,0.2178657698489453,0.0115796323121854,0.2155010102734854,0.2159253302427148,0.396344461926312
graph_0118_mu_0_2_node_276,17,0.2285714285714285,0.0008987250535315,0.3615635179153094,2.765765765765766,0.0137497443915584,10.002,6.998,1.4295428571428568,0.4116470588235295,0.2509884259259259,0.0071993698787435,0.2591724137931033,0.259442387989995,0.3227840608465609
graph_0118_mu_0_2_node_272,44,0.3391405342624854,0.0032392904974631,0.4054383116883117,2.4664664664664664,0.047348850435347,32.009,11.991,2.669799999999999,0.2725227272727271,0.3469797254695692,0.012426894867683,0.1577601696549065,0.1582234650344493,0.8968063251907858
graph_0118_mu_0_2_node_930,15,0.2952380952380952,0.0006322755736586,0.3538788522848034,2.825825825825826,0.0084593669451075,10.002,4.998,2.0015,0.3331999999999999,0.2378909370199693,0.0051055040405319,0.1999076923076923,0.200100523856983,0.4758463901689708
graph_0118_mu_0_2_node_630,16,0.225,0.0008724361746084,0.3626134301270417,2.7577577577577577,0.0090172181340985,9.001,6.999,1.2860952380952382,0.4374375,0.2793228682170544,0.0071792711007721,0.2799507692307693,0.2802207611566437,0.3591593023255814
graph_0118_mu_0_2_node_779,30,0.2698412698412698,0.0024876652127624,0.3849710982658959,2.5975975975975976,0.0182271552344162,19.001,10.999,1.727545454545454,0.3666333333333332,0.5234817927170868,0.0112352565089212,0.224465306122449,0.2248898632366699,0.8566582633053221
graph_0118_mu_0_2_node_218,21,0.5190476190476191,0.0005417142804146,0.3713754646840149,2.6926926926926926,0.0222034843325299,17.004,3.996,4.257,0.1902857142857143,0.1233407970813897,0.0041314873321527,0.1051497975708501,0.1053040595145618,0.5244669574406958
graph_0118_mu_0_2_node_491,18,0.4183006535947712,0.0007657738649761,0.3647316538882804,2.7417417417417416,0.0179585854713627,13.001,4.999,2.6009000000000007,0.2777222222222221,0.1446136267326582,0.0051808371030637,0.1612540322580645,0.16144694702915,0.3760283408973166
graph_0118_mu_0_2_node_881,37,0.3260504201680672,0.0027251840067143,0.3914576802507837,2.5545545545545547,0.0311380950837979,25.079,11.921,2.109289393939393,0.3221891891891892,0.3866917269816515,0.0123127115607477,0.1920879298121233,0.1925482745113804,0.7769729853530134
graph_0118_mu_0_2_node_468,22,0.341991341991342,0.0012624981915183,0.3754227733934611,2.663663663663664,0.0170630143061859,14.016,7.984,1.7566785714285715,0.3629090909090909,0.3410237909503315,0.0081802931112371,0.2216989094357516,0.2220070059192455,0.5974317402352888
graph_0118_mu_0_2_node_499,22,0.2683982683982684,0.0015419133820347,0.3680913780397936,2.716716716716717,0.0109861654190901,13.0,9.0,1.444444444444444,0.4090909090909091,0.2314570398821425,0.0093649742636815,0.2571428571428571,0.2574901195574885,0.3343268353853168
graph_0118_mu_0_2_node_516,24,0.3506493506493506,0.0015546794088533,0.374859287054409,2.667667667667668,0.0150846104229022,16.0,8.0,2.0,0.3333333333333332,0.4705882352941177,0.0081383519837232,0.2,0.2003087610961018,0.8823529411764709
graph_0118_mu_0_2_node_495,23,0.3043478260869565,0.0010578605497754,0.3824655436447167,2.6146146146146148,0.0510640394641572,16.001,6.999,2.286261904761904,0.304304347826087,0.1386865156215777,0.0073733560277607,0.1794576923076922,0.1797278301244671,0.3170334642778917
graph_0118_mu_0_2_node_766,19,0.47953216374269,0.000921198363797,0.3603896103896103,2.774774774774775,0.0103291745831733,14.001,4.999,2.8009499999999994,0.2631052631578947,0.3326700947771728,0.0050755709990829,0.1514812834224599,0.1516742130841162,0.931572817100222
graph_0118_mu_0_2_node_583,19,0.3508771929824561,0.0009764459547826,0.3606498194945848,2.7727727727727727,0.0133331463826579,13.003,5.997,2.169833333333334,0.3156315789473684,0.4277392857142857,0.0060824862197977,0.1873982142857143,0.1876296336359601,0.9269380952380954
graph_0118_mu_0_2_node_884,37,0.3243697478991597,0.0022711452609168,0.3947056499407348,2.5335335335335336,0.0366711251712957,27.017,9.983,2.707091666666668,0.2698108108108107,0.2659867725593496,0.0103773525817395,0.1559481351981352,0.1563337287670554,0.6924598026236936
graph_0118_mu_0_2_node_808,36,0.4135472370766488,0.0019467297122072,0.3846746245668078,2.5995995995996,0.0248602090987552,28.0,8.0,3.5,0.2222222222222223,0.2661490915443745,0.0082484313960768,0.125,0.1253090473615081,0.8982531839622644
graph_0118_mu_0_2_node_742,18,0.3833333333333333,0.0007338129716485,0.3576799140708915,2.795795795795796,0.0079328087356176,13.0,5.0,2.600000000000001,0.2777777777777778,0.2622932330827067,0.0050975741595534,0.1612903225806451,0.1614832759245265,0.6295037593984963
graph_0118_mu_0_2_node_319,24,0.5151515151515151,0.0006429877933844,0.374578177727784,2.66966966966967,0.0532434664998972,20.005,3.995,5.01,0.1664583333333333,0.0943884101508138,0.0041725157568037,0.0907878787878787,0.0909421378711202,0.4487345146120298
graph_0118_mu_0_2_node_620,23,0.3162055335968379,0.0015743349122169,0.375,2.6666666666666665,0.0154204756353776,15.001,7.999,1.8754107142857144,0.347782608695652,0.2057248851239959,0.0083233486063435,0.2104952766531713,0.2108039753568812,0.3857617331369042
graph_0118_mu_0_2_node_695,18,0.1633986928104575,0.0013148382607864,0.3687707641196013,2.7117117117117115,0.0085485204070365,9.0,9.0,1.0,0.5,0.3591593023255814,0.0092318348993805,0.3333333333333332,0.333680488588878,0.3591593023255814
graph_0118_mu_0_2_node_240,23,0.3320158102766798,0.0011347715880264,0.364067055393586,2.7467467467467466,0.0090296050301458,18.0,5.0,3.600000000000001,0.2173913043478261,0.1995329457364341,0.0051287971663225,0.1219512195121951,0.1221442473468088,0.7183186046511628
graph_0118_mu_0_2_node_734,23,0.2238095238095238,0.001805901609424,0.3758465011286682,2.660660660660661,0.0162048306008187,13.001,9.999,1.300255555555556,0.4347391304347827,0.2571597828755831,0.0104044539982727,0.2777432432432432,0.2781290369403599,0.3086240923918761
graph_0118_mu_0_2_node_146,20,0.3398692810457516,0.0009158589948922,0.3626134301270417,2.7577577577577577,0.0094418521150481,14.0,6.0,2.333333333333333,0.2999999999999999,0.3529411764705881,0.0061037639877924,0.176470588235294,0.176702141183735,0.7647058823529413
graph_0118_mu_0_2_node_252,26,0.3292307692307692,0.0019510865167753,0.3786959818043973,2.640640640640641,0.0146126508525042,17.001,8.999,1.88925,0.3461153846153846,0.4282997198879552,0.0091922910089756,0.2092748414376321,0.2096221725166558,0.8090672268907565
graph_0118_mu_0_2_node_179,19,0.3742690058479532,0.000920198655004,0.3671444321940463,2.723723723723724,0.0131556202917087,13.0,6.0,2.166666666666667,0.3157894736842105,0.1996118186582809,0.0061863235470576,0.1875,0.1877315350775643,0.4324922737596088
graph_0118_mu_0_2_node_875,23,0.2857142857142857,0.0017579495326143,0.3722056631892697,2.6866866866866865,0.0143671581010358,14.995,8.005,1.8735853174603172,0.3480434782608694,0.2601875495189585,0.0082604361732374,0.2106932560090454,0.2110021860155283,0.4541413695529143
graph_0118_mu_0_2_node_581,26,0.391304347826087,0.0012991761058343,0.3768389287061486,2.6536536536536537,0.0216494938923719,19.008,6.992,2.719238095238096,0.2689230769230769,0.2261438600102396,0.0072232184620978,0.1553545893719806,0.1556245197105455,0.5819566346666107
graph_0118_mu_0_2_node_334,50,0.3262411347517731,0.0044291803344429,0.4171189979123173,2.397397397397397,0.0986839300232286,36.003,13.997,2.572252747252748,0.2799400000000002,0.3305511260189291,0.0146194858265059,0.1627506014434643,0.1632915275727768,0.8265368441279987
graph_0118_mu_0_2_node_201,19,0.2426470588235294,0.0011898212107071,0.3605196679898953,2.7737737737737738,0.0079252277076362,12.001,6.999,1.7147380952380955,0.3683684210526314,0.2510046296296296,0.0072004336234803,0.2257681451612902,0.2260381995925363,0.3944894179894181
graph_0118_mu_0_2_node_81,21,0.3684210526315789,0.000981379434485,0.3631406761177753,2.7537537537537538,0.0084100840807003,16.0,5.0,3.2000000000000006,0.2380952380952381,0.1263815789473684,0.0052072183995922,0.1351351351351351,0.1353281331665552,0.3791447368421053
graph_0118_mu_0_2_node_0,40,0.4782051282051282,0.0016410420374713,0.3911511354737666,2.5565565565565564,0.0838869826734055,34.003,5.997,5.670666666666667,0.1499249999999999,0.1416392323298249,0.0062636588503785,0.0810378378378378,0.0812696328957975,0.8029223759533813
graph_0118_mu_0_2_node_110,25,0.2866666666666667,0.0016060837248237,0.3737373737373737,2.675675675675676,0.0116016273619317,18.004,6.996,2.573809523809524,0.2798400000000001,0.2792627906976745,0.0071761143521792,0.1626849894291754,0.1629550532307469,0.7184019379844961
graph_0118_mu_0_2_node_593,21,0.3047619047619048,0.0012111231533523,0.3675496688741722,2.720720720720721,0.0106673800260529,14.002,6.998,2.001,0.3332380952380951,0.3329227313566936,0.007148451756405,0.1999333333333333,0.2002033908870486,0.6659734950584005
graph_0118_mu_0_2_node_815,36,0.3587301587301587,0.0024675855496001,0.3976910828025478,2.5145145145145147,0.0707620120638479,26.006,9.994,2.6025000000000005,0.2776111111111111,0.236053459054594,0.010438335182004,0.1611802995391705,0.1615662877218501,0.6140250873959873
graph_0118_mu_0_2_node_543,17,0.1470588235294117,0.0015083417045622,0.3726221559119731,2.683683683683684,0.0123680916256102,7.003,9.997,0.7005666666666666,0.5880588235294117,0.7129035714285712,0.0101396524654617,0.4164966666666667,0.4168822047740387,0.4991095238095238
graph_0118_mu_0_2_node_832,24,0.4718614718614718,0.0008820657457208,0.3697261287934863,2.704704704704705,0.0190537726832305,19.004,4.996,3.804799999999999,0.2081666666666667,0.1615469196636614,0.0051613236051461,0.1161775898520084,0.1163704782290373,0.5819055354390409
graph_0118_mu_0_2_node_107,33,0.3446969696969697,0.0021681269096733,0.3920722135007849,2.5505505505505504,0.0348852170723174,22.012,10.988,2.0037333333333334,0.3329696969696968,0.3179979423808686,0.0113873410113661,0.1997443609022556,0.2001685921457526,0.6365355383584735
graph_0118_mu_0_2_node_69,29,0.3891625615763547,0.0017718002275334,0.377123442808607,2.6516516516516515,0.017654565684371,20.016,8.984,2.2286666666666664,0.3097931034482759,0.3836539751543715,0.0092050548052466,0.183294693877551,0.183641526863161,0.8533633005131842
graph_0118_mu_0_2_node_973,15,0.3619047619047619,0.0006657875686652,0.3574239713774597,2.7977977977977977,0.0098946385253032,10.001,4.999,2.00075,0.3332666666666666,0.3564761904761904,0.0050703274995489,0.1999538461538462,0.2001467162670076,0.7130059523809523
graph_0118_mu_0_2_node_153,32,0.2479838709677419,0.0028526044782082,0.3925343811394892,2.5475475475475475,0.0325394437806442,20.012,11.988,1.6696727272727276,0.374625,0.3192998780183564,0.0124618599772766,0.2304922861903994,0.2309550367047617,0.5325568289230255
graph_0118_mu_0_2_node_426,29,0.3333333333333333,0.002090388201382,0.3772658610271903,2.650650650650651,0.0160809407598922,20.0,9.0,2.2222222222222223,0.3103448275862069,0.4721278195488722,0.0091756334871961,0.1836734693877551,0.1840209194900599,0.9967142857142856
graph_0118_mu_0_2_node_168,20,0.4444444444444444,0.0008502430724211,0.3533781393703573,2.82982982982983,0.0073186748012467,15.0,5.0,3.0,0.25,0.1623474816072439,0.0051596565406417,0.1428571428571428,0.1430501259904169,0.4545729485002828
graph_0118_mu_0_2_node_493,20,0.3398692810457516,0.0010948417969789,0.3584499461786867,2.78978978978979,0.0080153174326046,14.0,6.0,2.333333333333333,0.2999999999999999,0.3529411764705881,0.0061037639877924,0.176470588235294,0.176702141183735,0.7647058823529413
graph_0118_mu_0_2_node_671,17,0.1470588235294117,0.0010011856466583,0.3648648648648648,2.740740740740741,0.0106011092860267,9.988,7.012,1.424928571428571,0.4124705882352941,0.3336924731182795,0.0071629356293307,0.2598404558404558,0.2601109696667202,0.4752141321044547
graph_0118_mu_0_2_node_406,25,0.3438735177865613,0.0013517565716459,0.3666055045871559,2.727727727727728,0.0099864659661722,18.995,6.005,3.1636904761904763,0.2402000000000001,0.1545093216177347,0.0062484890590571,0.1364957716701902,0.1367276068932126,0.462709451401312
graph_0118_mu_0_2_node_234,31,0.2906403940886699,0.0027200112062035,0.3867595818815331,2.5855855855855854,0.0181717589891214,19.02,11.98,1.5886565656565654,0.3864516129032257,0.5115103119274731,0.0122750383373091,0.2395247354790974,0.2399871417899363,0.7683203531280172
graph_0118_mu_0_2_node_374,18,0.2745098039215686,0.0010607567969455,0.3647316538882804,2.7417417417417416,0.0085791826291163,11.99,6.01,1.9957142857142856,0.3338888888888888,0.1521842105263157,0.0062588557594291,0.2004137931034483,0.2006456958622782,0.3027894736842104
graph_0118_mu_0_2_node_551,42,0.3538461538461538,0.0024907326708527,0.4036363636363636,2.477477477477477,0.092848066044251,33.002,8.998,3.667833333333332,0.2142380952380952,0.1783035035343628,0.009479245104236,0.1199705263157895,0.1203182483026946,0.6340947486777347
graph_0118_mu_0_2_node_519,19,0.5672514619883041,0.0005809426301016,0.3575518969219756,2.7967967967967966,0.0089441684600406,16.0,3.0,5.333333333333332,0.1578947368421052,0.1427731092436974,0.0030644482499184,0.0857142857142856,0.0858300934734055,0.7614565826330534
graph_0118_mu_0_2_node_594,25,0.3320158102766798,0.00150719016331,0.3706864564007421,2.6976976976976976,0.0126840413147105,17.0,8.0,2.125,0.32,0.4196691729323307,0.0081561186552854,0.1904761904761905,0.1907849754074857,0.8393383458646615
graph_0118_mu_0_2_node_826,30,0.3839080459770115,0.0018839204285731,0.3869093725793958,2.5845845845845847,0.0278854423887896,21.019,8.981,2.3417261904761904,0.2993666666666666,0.2906354854429734,0.009277581443437,0.1760441389908648,0.1763908830038981,0.6789565367406756
graph_0118_mu_0_2_node_943,18,0.3398692810457516,0.00096257250909,0.3652650822669104,2.7377377377377377,0.0106621660132218,12.003,5.997,2.0018,0.3331666666666666,0.2143975155279503,0.0061698689644777,0.199883870967742,0.2001152724855912,0.4289906832298136
graph_0118_mu_0_2_node_842,19,0.5,0.0006578967562752,0.348569434752268,2.868868868868869,0.0061974752898559,15.991,3.009,5.3190833333333325,0.1583684210526316,0.0979102433503112,0.0031050214141439,0.0860016806722688,0.0861178356937475,0.4865406904357671
graph_0118_mu_0_2_node_624,16,0.225,0.0009812620314853,0.3601297764960346,2.7767767767767766,0.007957051727087,10.0,6.0,1.666666666666667,0.375,0.239439534883721,0.006154556599587,0.2307692307692308,0.2310007122507121,0.3990658914728683
graph_0118_mu_0_2_node_291,21,0.3040935672514619,0.0012997468262462,0.3668747704737422,2.725725725725726,0.009044230402352,14.0,7.0,2.0,0.3333333333333332,0.3883656565656566,0.0071288677679716,0.2,0.200270134681434,0.7212505050505048
graph_0118_mu_0_2_node_768,33,0.3352272727272727,0.0020498845200081,0.3852680293096799,2.5955955955955954,0.0361894350858403,23.015,9.985,2.3067571428571427,0.3025757575757576,0.2659905425481871,0.0103796075510999,0.1782696890531412,0.1786552405575772,0.6125854847029358
graph_0118_mu_0_2_node_946,30,0.4689655172413793,0.0013951327156133,0.3824655436447167,2.6146146146146148,0.0321174681276438,23.006,6.994,3.290571428571428,0.2331333333333334,0.2023904894208994,0.0072482351207643,0.1319512102153611,0.1322213011096642,0.6653672203421388
graph_0118_mu_0_2_node_584,20,0.2810457516339869,0.0012043767929222,0.3705489614243323,2.6986986986986987,0.0148754862637958,13.0,7.0,1.8571428571428577,0.3499999999999999,0.411764705882353,0.0071210579857578,0.212121212121212,0.2123913259548992,0.7058823529411762
graph_0118_mu_0_2_node_553,21,0.3333333333333333,0.0013449101581069,0.3679558011049724,2.7177177177177176,0.0105260215660774,14.996,6.004,2.498,0.2859047619047618,0.1544860658037812,0.0062474441269777,0.1667999999999999,0.1670317250775138,0.3600442842611104
graph_0118_mu_0_2_node_220,20,0.1947368421052631,0.0014921964556969,0.376271186440678,2.6576576576576576,0.022947072624975,10.0,10.0,1.0,0.5,0.6238392857142858,0.0101634290612217,0.3333333333333332,0.3337190762742374,0.6238392857142858
graph_0118_mu_0_2_node_320,32,0.3908045977011494,0.0017811470951582,0.3827586206896551,2.612612612612613,0.0313340951802838,24.003,7.997,3.001714285714286,0.24990625,0.2313655881851526,0.0082878074245865,0.1427969924812029,0.143105828598963,0.665317378569987
graph_0118_mu_0_2_node_336,21,0.3238095238095238,0.0014534260714805,0.3643326039387308,2.744744744744745,0.0084168690038923,14.0,7.0,2.0,0.3333333333333332,0.411764705882353,0.0071210579857578,0.2,0.200270134681434,0.8235294117647061
graph_0118_mu_0_2_node_58,47,0.405050505050505,0.0031194879168112,0.4023358840112767,2.4854854854854853,0.0924831637977547,37.003,9.997,3.7015666666666673,0.2127021276595745,0.2360924938386828,0.0104415830761525,0.1190081232492997,0.1193945555311475,0.8501533556870045
graph_0118_mu_0_2_node_361,53,0.3062409288824383,0.0049250439014616,0.4220532319391635,2.369369369369369,0.1149649973297921,39.018,13.982,2.791150183150182,0.2638113207547169,0.2771824065031421,0.0147292237131168,0.1519519660211075,0.1524924386230516,0.77296404291307
graph_0118_mu_0_2_node_27,19,0.1838235294117647,0.0010997990595159,0.367414490621552,2.7217217217217216,0.011136598791492,12.0,7.0,1.7142857142857142,0.3684210526315788,0.3330924731182795,0.0071506907313716,0.2258064516129031,0.2260765446020608,0.5234310291858679
graph_0118_mu_0_2_node_526,21,0.3040935672514619,0.0016521167282881,0.3630087209302325,2.754754754754755,0.0075926533811625,14.0,7.0,2.0,0.3333333333333332,0.2510254629629629,0.0072014840436483,0.2,0.200270134681434,0.4661901455026456
graph_0118_mu_0_2_node_617,24,0.4818840579710144,0.000955115799364,0.3733183856502242,2.6786786786786787,0.0208561272809859,18.009,5.991,3.0083999999999995,0.249625,0.1937870074908547,0.0061891004248377,0.1426215644820295,0.142852841679278,0.5818966802840757
graph_0118_mu_0_2_node_970,24,0.2467532467532467,0.0014781144087674,0.3730395817774458,2.680680680680681,0.0112156992503429,17.004,6.996,2.430857142857143,0.2915,0.2792627906976745,0.0071761143521792,0.1706202090592334,0.1708902520120837,0.6385887596899226
graph_0118_mu_0_2_node_966,23,0.3952380952380952,0.0011382514100263,0.3704115684093437,2.6996996996997,0.0162589175293314,16.0,7.0,2.2857142857142847,0.3043478260869565,0.411764705882353,0.0071210579857578,0.1794871794871794,0.1797573558737633,0.8823529411764709
graph_0118_mu_0_2_node_74,26,0.3692307692307692,0.0018693214754684,0.3785524820007578,2.641641641641641,0.0189226194729544,17.011,8.989,1.8928611111111115,0.3457307692307692,0.3837682897871072,0.0092102884354227,0.2089999999999999,0.2093469454703264,0.7254182865943178
graph_0118_mu_0_2_node_12,34,0.3629032258064516,0.002179730985368,0.3923802042419481,2.5485485485485486,0.0657920802675067,24.003,9.997,2.4012277777777773,0.2940294117647059,0.2360955179009174,0.0104415694163774,0.1723548412234561,0.1727408855120238,0.5431678089327276
graph_0118_mu_0_2_node_566,38,0.3619047619047619,0.0031754418679277,0.3945497630331753,2.5345345345345347,0.0297890938537891,27.025,10.975,2.4633353535353533,0.2888157894736843,0.3551543502335716,0.0113375508685556,0.1687889364366976,0.169212830010059,0.8408343818881672
graph_0118_mu_0_2_node_221,34,0.3548387096774194,0.0019318062581737,0.3882627283326856,2.575575575575576,0.0288915409402692,24.052,9.948,2.4214388888888885,0.2925882352941176,0.3224451874594106,0.010275433141669,0.1713930644847068,0.1717772184013154,0.7442474655140323
graph_0118_mu_0_2_node_603,34,0.3172905525846702,0.0024360920159837,0.3945497630331753,2.5345345345345347,0.0389752178489605,23.025,10.975,2.0988424242424237,0.3227941176470588,0.2924971040865584,0.0114082695045347,0.1924703312928727,0.1928940939195238,0.6125021080300282
graph_0118_mu_0_2_node_397,22,0.2052631578947368,0.0018358857688589,0.3729003359462486,2.681681681681681,0.0153594792638406,12.996,9.004,1.4435277777777773,0.4092727272727272,0.3230833333333334,0.0092630714870089,0.2572928104575163,0.2576402270234423,0.4299930555555556
graph_0118_mu_0_2_node_254,22,0.354978354978355,0.0011229798728574,0.374578177727784,2.66966966966967,0.0237686356743769,15.013,6.987,2.1496666666666666,0.3175909090909091,0.1861764851534078,0.0072629621764539,0.1887823613086771,0.1890520154722353,0.3993527396596013
graph_0118_mu_0_2_node_659,23,0.2952380952380952,0.0013029763724614,0.3670095518001469,2.724724724724725,0.0145037980990424,15.0,8.0,1.875,0.3478260869565216,0.4705882352941177,0.0081383519837232,0.2105263157894736,0.2108350530540615,0.8235294117647061
graph_0118_mu_0_2_node_248,23,0.3201581027667984,0.0010798112519125,0.3765548435733132,2.655655655655656,0.0256201765861046,15.005,7.995,1.877053571428572,0.3476086956521738,0.2129274112053181,0.0083110386501673,0.2103711201079621,0.21067966456816,0.3994134562727372
graph_0118_mu_0_2_node_26,16,0.3083333333333333,0.0009257048081746,0.3593525179856115,2.7827827827827827,0.0120419650822357,10.0,6.0,1.666666666666667,0.375,0.2151646825396825,0.0061727006088414,0.2307692307692308,0.2310007122507121,0.3586078042328041
graph_0118_mu_0_2_node_518,27,0.2393162393162393,0.0025890609357639,0.3863109048723898,2.5885885885885886,0.0173396083592143,16.001,10.999,1.4547909090909088,0.4073703703703703,0.282295227760745,0.0114454646655604,0.2557854122621564,0.2562098710727092,0.4106442982305052
graph_0118_mu_0_2_node_290,48,0.3371980676328502,0.0039685222034578,0.4000800961153384,2.4994994994995,0.0442299391872176,35.026,12.974,2.700492307692308,0.2702916666666667,0.3756183045216553,0.0134452179430291,0.1562694632349998,0.1567708364807562,0.9838687741071048
graph_0118_mu_0_2_node_123,22,0.3506493506493506,0.0015811549123757,0.3772658610271903,2.650650650650651,0.0141538047712092,14.0,8.0,1.75,0.3636363636363636,0.4705882352941177,0.0081383519837232,0.2222222222222223,0.2225309356589746,0.8235294117647061
graph_0118_mu_0_2_node_133,19,0.3088235294117647,0.0010099112923859,0.3598703170028818,2.7787787787787788,0.0085676713045265,13.0,6.0,2.166666666666667,0.3157894736842105,0.3743035714285714,0.006098057436733,0.1875,0.1877315350775643,0.7486071428571429
graph_0118_mu_0_2_node_587,24,0.2427536231884058,0.0022329924634688,0.3710995542347697,2.694694694694695,0.0087235624123972,14.0,10.0,1.3999999999999997,0.4166666666666667,0.5548080808080808,0.010184096811388,0.2631578947368421,0.2635437567525853,0.7767313131313133
graph_0118_mu_0_2_node_62,37,0.4285714285714285,0.0019797239879662,0.3953304313415117,2.5295295295295297,0.0811769076467948,28.005,8.995,3.1138273809523818,0.2431081081081081,0.2124565922215578,0.0093949166356216,0.1383758062832689,0.1387232781573545,0.6376488552333278
graph_0118_mu_0_2_node_178,36,0.3761140819964349,0.0021409624823058,0.388867263526664,2.5715715715715715,0.0290645852221455,27.008,8.992,3.0045714285714284,0.2497777777777777,0.277515952766194,0.0092970176763129,0.1427164835164834,0.1430638127486186,0.8021636381039485
graph_0118_mu_0_2_node_693,36,0.3368983957219251,0.0030224631471619,0.390234375,2.5625625625625625,0.0266667304469157,25.026,10.974,2.281381818181819,0.3048333333333332,0.3551212070368991,0.0113365766584266,0.1798341013824884,0.1802578909041009,0.7762194855106915
graph_0118_mu_0_2_node_411,33,0.4172043010752688,0.0018434958829938,0.3837879369957741,2.6056056056056054,0.025867968510045,26.002,6.998,3.715857142857144,0.212060606060606,0.2159081403962507,0.007235541950934,0.1186067796610169,0.1188770875674912,0.7712274855421654
graph_0118_mu_0_2_node_558,24,0.2597402597402597,0.0016740307770079,0.375281743050338,2.664664664664665,0.0136511586662968,15.002,8.998,1.6673333333333336,0.3749166666666666,0.499290909090909,0.0091635707281328,0.2307076923076923,0.2310549312168332,0.776767676767677
graph_0118_mu_0_2_node_237,18,0.4509803921568627,0.0004578291407823,0.3675496688741722,2.720720720720721,0.04735888724734,14.002,3.998,3.5045,0.2221111111111111,0.0792313390424459,0.0042117969749742,0.1249338235294117,0.1250881269050679,0.2774042812431553
graph_0118_mu_0_2_node_205,32,0.3264367816091954,0.0025383164005966,0.3829053277117669,2.6116116116116115,0.0207526361396071,21.026,10.974,1.9173010101010108,0.3429375,0.4686901713030421,0.011244143534564,0.2069738898418144,0.2073975484065227,0.8538015159209649
graph_0118_mu_0_2_node_791,19,0.2748538011695906,0.0012235523256894,0.3702742772424018,2.700700700700701,0.0150980565180508,11.003,7.997,1.3760178571428574,0.4208947368421051,0.2858850931677018,0.0082275401706663,0.2665440860215053,0.2668526123498556,0.393246894409938
graph_0118_mu_0_2_node_730,24,0.1630434782608695,0.0021973850305518,0.3872093023255814,2.5825825825825826,0.0166428483453567,12.0,12.0,1.0,0.5,0.570797843665768,0.0122580883953432,0.3333333333333332,0.3337962605766015,0.570797843665768
graph_0118_mu_0_2_node_366,39,0.4210526315789473,0.0019297121830494,0.3909980430528376,2.557557557557557,0.0459471214525014,32.006,6.994,4.5781142857142845,0.1793333333333333,0.1862703298682096,0.007270517821439,0.0985012540999421,0.0987715328601847,0.8520467932467538
graph_0118_mu_0_2_node_598,25,0.3166666666666666,0.0017930999832682,0.3807164634146341,2.6266266266266265,0.0172078136077518,16.002,8.998,1.778472222222223,0.35992,0.2993864779874213,0.0092773485684496,0.2194541231126597,0.2198013888242382,0.5322981830887491
graph_0118_mu_0_2_node_261,30,0.464367816091954,0.0014941020307512,0.3817348108521207,2.61961961961962,0.029706087187926,24.002,5.998,4.002,0.1999333333333333,0.1735202919526076,0.0062161707031358,0.1110707070707071,0.1113023616805786,0.6942374178104306
graph_0118_mu_0_2_node_400,39,0.3633633633633634,0.002183717840935,0.4016887816646562,2.4894894894894897,0.0818691787197911,28.003,10.997,2.546518181818182,0.2819743589743589,0.2597137579879714,0.0114860276110335,0.1641277436347673,0.1645525187700287,0.6376197698810745
graph_0118_mu_0_2_node_733,33,0.2651515151515151,0.0024877453878546,0.3983253588516746,2.5105105105105103,0.0678461950371309,22.004,10.996,2.0012,0.3332121212121211,0.2179075586537275,0.0115840495102284,0.1999142857142857,0.2003388254862468,0.4359366383821012
graph_0118_mu_0_2_node_825,25,0.45,0.0010081718027929,0.3778366111951589,2.6466466466466465,0.0256248736285541,19.02,5.98,3.183333333333333,0.2392000000000001,0.193649518604753,0.0061771834312019,0.1358585858585858,0.1360894565088622,0.6143954205165416
graph_0118_mu_0_2_node_697,33,0.3598484848484848,0.0020502593149845,0.3876600698486612,2.57957957957958,0.0296509416429709,24.018,8.982,2.675833333333333,0.2721818181818181,0.2773510741665328,0.0092863242624837,0.1575401273493494,0.1578869902597136,0.7406325400824587
graph_0118_mu_0_2_node_306,22,0.3,0.0012086950827866,0.3719285182427401,2.6886886886886887,0.0141709091688481,15.0,7.0,2.142857142857143,0.3181818181818182,0.3329654088050314,0.0071505515639502,0.1891891891891892,0.1894593447215885,0.6659308176100628
graph_0118_mu_0_2_node_474,25,0.3675889328063241,0.001432904548979,0.3740172220142269,2.6736736736736737,0.015940385402456,17.011,7.989,2.1299107142857143,0.3195599999999999,0.3410595892695426,0.0081857815910034,0.190171650055371,0.1904800107515727,0.6828049427748494
graph_0118_mu_0_2_node_380,29,0.4131054131054131,0.0015127789998631,0.377123442808607,2.6516516516516515,0.0186985765286137,21.016,7.984,2.633285714285714,0.2753103448275862,0.3409722193335425,0.0081804422500741,0.1596360784313725,0.1599443414805801,0.8535364013849153
graph_0118_mu_0_2_node_829,19,0.2631578947368421,0.0012722957872849,0.3649981731823164,2.73973973973974,0.0073848800718377,12.0,7.0,1.7142857142857142,0.3684210526315788,0.3883656565656566,0.0071288677679716,0.2258064516129031,0.2260765446020608,0.6657696969696968
graph_0118_mu_0_2_node_92,24,0.2727272727272727,0.0014218793022733,0.375281743050338,2.664664664664665,0.0158741114769956,16.995,7.005,2.426428571428572,0.291875,0.179809328602432,0.0072893552350612,0.1708780487804878,0.1711484388437364,0.4104918501039191
graph_0118_mu_0_2_node_956,20,0.4684210526315789,0.0007848326304867,0.3635371179039301,2.750750750750751,0.0119129094612814,16.0,4.0,4.0,0.2,0.2098345864661653,0.0040780593276427,0.1111111111111111,0.1112655154961956,0.8393383458646615
graph_0118_mu_0_2_node_745,16,0.3846153846153846,0.0004934236818915,0.3455551712210308,2.893893893893894,0.0070655688425667,12.0,4.0,3.0,0.25,0.2495357142857142,0.0040653716244886,0.1428571428571428,0.143011499575519,0.6862232142857142
graph_0118_mu_0_2_node_339,30,0.3632183908045977,0.0018788047899651,0.388715953307393,2.5725725725725725,0.0608534811066213,21.003,8.997,2.3345833333333337,0.2998999999999999,0.2124861238985374,0.0093970650893972,0.1764027149321266,0.1767500761452125,0.4959102289640679
graph_0118_mu_0_2_node_171,26,0.2861538461538461,0.0018144707747088,0.3833461243284727,2.6086086086086087,0.0234265799551607,16.014,9.986,1.6041166666666669,0.3840769230769232,0.3082716883312824,0.0103245389082818,0.2376934460887949,0.2380788279334291,0.4936574306685818
graph_0118_mu_0_2_node_163,19,0.3676470588235294,0.0009725550542582,0.3565310492505353,2.804804804804805,0.0081402643704014,14.0,5.0,2.7999999999999994,0.2631578947368421,0.3564940476190475,0.0050713868215828,0.1515151515151515,0.1517081197525796,0.926884523809524
graph_0118_mu_0_2_node_85,30,0.1825396825396825,0.0031553186386184,0.3872093023255814,2.5825825825825826,0.0144050002970969,16.99,13.01,1.3060439560439558,0.4336666666666668,0.3291184210526316,0.0135489615188583,0.276873265494912,0.2773753294702835,0.4038947368421053
graph_0118_mu_0_2_node_625,20,0.3789473684210526,0.0009930211025757,0.3766968325791855,2.6546546546546548,0.0209104043933337,13.0,7.0,1.8571428571428577,0.3499999999999999,0.2328804551013278,0.0072173774715672,0.212121212121212,0.2123913259548992,0.4324922737596088
graph_0118_mu_0_2_node_940,19,0.3625730994152046,0.0009979017522261,0.3619565217391304,2.7627627627627627,0.0094134344046693,14.0,5.0,2.7999999999999994,0.2631578947368421,0.128587244378968,0.005202763479823,0.1515151515151515,0.1517081197525796,0.3600442842611104
graph_0118_mu_0_2_node_383,38,0.3253968253968254,0.0023396496283224,0.3996,2.5025025025025025,0.0817060994971285,27.015,10.985,2.4601111111111105,0.2890789473684211,0.2177844424368092,0.0115719632708501,0.168967679087082,0.169391958420632,0.5153554437058153
graph_0118_mu_0_2_node_441,29,0.3846153846153846,0.0013354014596583,0.378839590443686,2.63963963963964,0.0237324635333366,22.008,6.992,3.148380952380953,0.241103448275862,0.2158167432313241,0.0072291104564659,0.1370799396681749,0.1373499325461582,0.6479269294647899
graph_0118_mu_0_2_node_979,32,0.2735632183908046,0.0026109824389886,0.3893219017926734,2.5685685685685686,0.0232412267306557,21.014,10.986,1.913163636363637,0.3433125,0.3390457184676476,0.0113587737054746,0.2072341020265549,0.2076582234108044,0.617241919160193
graph_0118_mu_0_2_node_294,17,0.3238095238095238,0.0008034337070513,0.3553895410885805,2.813813813813814,0.0085050068126164,12.0,5.0,2.399999999999999,0.2941176470588235,0.3564940476190475,0.0050713868215828,0.1724137931034483,0.1726067315560819,0.7842869047619049
graph_0118_mu_0_2_node_51,23,0.3122529644268774,0.0017188972648832,0.3766968325791855,2.6546546546546548,0.0134197216625147,15.006,7.994,1.8774642857142856,0.3475652173913042,0.4195263157894736,0.0081498556072687,0.2103400809716598,0.2106485868709797,0.7870225563909773
graph_0118_mu_0_2_node_271,25,0.2133333333333333,0.002445586474245,0.383935434281322,2.6046046046046047,0.0216889489110795,13.0,12.0,1.0833333333333337,0.4800000000000002,0.5710924369747897,0.0122577929996738,0.3157894736842105,0.3162524366471734,0.6186834733893555
graph_0118_mu_0_2_node_847,36,0.3063492063492063,0.002096291019055,0.4004008016032064,2.497497497497497,0.0782128020842217,27.011,8.989,3.0055,0.2496944444444444,0.1782024959051179,0.0094693644374072,0.1426607142857142,0.1430079277817382,0.5350887078110476
graph_0118_mu_0_2_node_335,18,0.3660130718954248,0.0008635506084748,0.3730395817774458,2.680680680680681,0.0145766754253022,12.0,6.0,2.0,0.3333333333333332,0.2855462184873948,0.0061288964998369,0.2,0.2002315172094459,0.5710924369747897
graph_0118_mu_0_2_node_749,34,0.4509803921568627,0.0016674239642197,0.3851195065535852,2.5965965965965965,0.0323913928753283,27.004,6.996,3.860380952380952,0.205764705882353,0.2024161928841029,0.0072504093759051,0.1146821787414066,0.1149524303264355,0.7810425448473407
graph_0118_mu_0_2_node_984,20,0.2894736842105263,0.0012480789916169,0.3662023460410557,2.730730730730731,0.0094612789850851,14.001,5.999,2.334,0.2999499999999999,0.2853800539083557,0.0061279882314625,0.1764369747899159,0.1766684891685417,0.665949685534591
graph_0118_mu_0_2_node_29,39,0.3723723723723723,0.0027853400804331,0.3956435643564356,2.5275275275275275,0.0368266878008113,29.01,9.99,2.9047666666666654,0.2561538461538461,0.3083471562230281,0.0103287517777289,0.1468944830105955,0.1472804062704721,0.8638763995788409
graph_0118_mu_0_2_node_34,23,0.2904761904761905,0.001529453879757,0.3731789316398954,2.67967967967968,0.0128296438818527,15.995,7.005,2.283660714285714,0.3045652173913044,0.1802267704935283,0.0072890417550218,0.1796423751686909,0.1799127443596647,0.3855571047739311
graph_0118_mu_0_2_node_915,19,0.3088235294117647,0.0009454480978147,0.3571683947086164,2.7997997997998,0.0072356731739596,13.003,5.997,2.168566666666667,0.3156315789473684,0.2143975155279503,0.0061698689644777,0.1873920454545454,0.1876234648315893,0.4289906832298136
graph_0118_mu_0_2_node_718,22,0.2842105263157894,0.0014049843816011,0.3689069423929099,2.710710710710711,0.0147490692177125,14.0,8.0,1.75,0.3636363636363636,0.2859503105590061,0.0082306848247544,0.2222222222222223,0.2225309356589746,0.4646692546583851
graph_0118_mu_0_2_node_372,37,0.2792792792792792,0.0038577003718784,0.3937721718565234,2.53953953953954,0.0274152471381717,22.003,14.997,1.4672833333333328,0.4053243243243242,0.4989739910901467,0.0154626376202867,0.2541765992345545,0.2547555223833876,0.7319655573025855
graph_0118_mu_0_2_node_452,23,0.4523809523809524,0.0009401979248039,0.3605196679898953,2.7737737737737738,0.0114593839303619,18.001,4.999,3.601150000000001,0.2173478260869565,0.2132862429180534,0.0051222952153025,0.121924506387921,0.1221174956348545,0.7252562447893063
graph_0118_mu_0_2_node_651,18,0.3916666666666666,0.0007543346621218,0.3545067423704755,2.820820820820821,0.0081453190805545,14.001,3.999,3.5015,0.2221666666666667,0.2851773809523809,0.0040560501352324,0.1249659090909091,0.1251202510572308,0.9269023809523812
graph_0118_mu_0_2_node_73,31,0.5225806451612903,0.0010186160846628,0.3821729150726855,2.6166166166166165,0.068336207924592,26.001,4.999,5.201550000000001,0.161258064516129,0.1180543280195277,0.0052213270469534,0.0877005444646098,0.0878936529925816,0.6139809183999568
graph_0118_mu_0_2_node_145,35,0.307563025210084,0.0026894889727832,0.3969010727056019,2.51951951951952,0.0375044891914065,23.019,11.981,1.921757575757576,0.3423142857142857,0.3192095538414283,0.0124542772135735,0.2065085719851938,0.2069711597836448,0.6124370636600193
graph_0118_mu_0_2_node_381,37,0.2867867867867867,0.0026169793167877,0.3964285714285714,2.5225225225225225,0.0768983609103222,26.014,10.986,2.369354545454546,0.296918918918919,0.217777048044434,0.0115732148726089,0.174352904040404,0.1747771891152915,0.5153628380981904
graph_0118_mu_0_2_node_143,17,0.2352941176470588,0.0010253899893624,0.3576799140708915,2.795795795795796,0.0070092806797533,12.0,5.0,2.399999999999999,0.2941176470588235,0.2379231950844854,0.0051076362366939,0.1724137931034483,0.1726067315560819,0.5710156682027648
graph_0118_mu_0_2_node_887,31,0.4516129032258064,0.0014327305449838,0.3858632676709154,2.5915915915915915,0.029768808589843,24.033,6.967,3.452928571428572,0.2247419354838709,0.2257632308521445,0.0071964497060249,0.1266084415584415,0.1268775113048293,0.776097655445332
graph_0118_mu_0_2_node_674,23,0.2450592885375494,0.0017391282812661,0.3651315789473684,2.7387387387387387,0.0119038987967184,15.985,7.015,2.280785714285714,0.305,0.1801142248556041,0.0072997793716101,0.1799786324786324,0.180249387144484,0.410186953850747
graph_0118_mu_0_2_node_247,23,0.3557312252964427,0.0009718680466063,0.3754227733934611,2.663663663663664,0.0431552423257641,17.007,5.993,2.8387,0.2605652173913043,0.1415834009063464,0.0062593496359415,0.1498036585365853,0.150034995063011,0.4014680952850686
graph_0118_mu_0_2_node_114,26,0.4092307692307692,0.0015140530865223,0.378839590443686,2.63963963963964,0.021287690625611,18.0,8.0,2.25,0.3076923076923076,0.2661490915443745,0.0082484313960768,0.1818181818181818,0.1821269905883508,0.5988354559748426
graph_0118_mu_0_2_node_846,19,0.4502923976608187,0.0008354068278411,0.3634048744998181,2.751751751751752,0.0087837919393214,14.0,5.0,2.7999999999999994,0.2631578947368421,0.2941176470588235,0.005086469989827,0.1515151515151515,0.1517081197525796,0.8235294117647061
graph_0118_mu_0_2_node_934,21,0.119047619047619,0.0019756035138299,0.3795592705167173,2.6346346346346348,0.0137429820163477,9.0,12.0,0.75,0.5714285714285712,0.5710156682027648,0.0122583269680655,0.4000000000000001,0.4004628201172479,0.4282617511520737
graph_0118_mu_0_2_node_217,28,0.4047619047619047,0.0011457123478603,0.3792710706150342,2.6366366366366365,0.0247254735781526,22.007,5.993,3.673199999999999,0.2140357142857143,0.1849909978099992,0.0061961936651608,0.1198462745098039,0.1200777003692088,0.6787526748861148
graph_0118_mu_0_2_node_343,28,0.28,0.0023870771350998,0.3764129615674453,2.6566566566566565,0.0135829074697302,17.0,11.0,1.5454545454545454,0.3928571428571429,0.6470588235294118,0.0111902339776195,0.2444444444444444,0.2448689745667862,0.9411764705882354
graph_0118_mu_0_2_node_515,24,0.2683982683982684,0.0014943171124883,0.369179600886918,2.7087087087087087,0.0111260007345063,17.0,7.0,2.4285714285714284,0.2916666666666667,0.2793461240310079,0.0071803160328515,0.1707317073170731,0.1710019045610613,0.6385054263565891
graph_0118_mu_0_2_node_990,40,0.3143669985775248,0.0027637779569717,0.3992805755395683,2.5045045045045047,0.0424482492992747,28.017,11.983,2.338787878787879,0.2995749999999999,0.3192231552171681,0.0124565013611524,0.1761831689197417,0.1766460125085239,0.7190939678977954
graph_0118_mu_0_2_node_874,17,0.4485294117647059,0.0005106999772769,0.3532531824611032,2.830830830830831,0.0074631422180816,14.0,3.0,4.666666666666667,0.176470588235294,0.0769958059182197,0.0031217756429086,0.096774193548387,0.0968899834283516,0.3593137609516919
graph_0118_mu_0_2_node_266,19,0.1985294117647058,0.0009486810866863,0.3672794117647059,2.722722722722722,0.0121758673892971,12.0,7.0,1.7142857142857142,0.3684210526315788,0.3330924731182795,0.0071506907313716,0.2258064516129031,0.2260765446020608,0.5234310291858679
graph_0118_mu_0_2_node_23,22,0.2947368421052631,0.0010672569997984,0.3670095518001469,2.724724724724725,0.0122107074509252,15.0,7.0,2.142857142857143,0.3181818181818182,0.2793461240310079,0.0071803160328515,0.1891891891891892,0.1894593447215885,0.5586922480620158
graph_0118_mu_0_2_node_358,15,0.4476190476190476,0.0006089585139353,0.3532531824611032,2.830830830830831,0.0064178551043849,12.0,3.0,4.0,0.2,0.176470588235294,0.0030518819938962,0.1111111111111111,0.1112268831174399,0.7058823529411762
graph_0118_mu_0_2_node_394,33,0.3956989247311828,0.0019711831153871,0.3846746245668078,2.5995995995996,0.0266526909466247,24.015,8.985,2.674458333333333,0.2722727272727271,0.3837313194515067,0.0092059020803644,0.1576000184564274,0.157946997111886,0.9814213899410162
graph_0118_mu_0_2_node_814,20,0.3105263157894737,0.001143437635228,0.3690432212781677,2.70970970970971,0.0152934176572867,14.0,6.0,2.333333333333333,0.2999999999999999,0.239439534883721,0.006154556599587,0.176470588235294,0.176702141183735,0.5586922480620158
graph_0118_mu_0_2_node_775,18,0.225,0.000937363618488,0.3630087209302325,2.754754754754755,0.0095950089811632,11.003,6.997,1.5727142857142862,0.3887222222222223,0.4366160714285714,0.0071112688188468,0.241255172413793,0.2415251288968231,0.6239107142857142
graph_0118_mu_0_2_node_154,30,0.4,0.0018948390691313,0.3840830449826989,2.603603603603604,0.0249705268323971,22.009,7.991,2.755535714285714,0.2663666666666667,0.2466430865202546,0.0082620348039824,0.1536534429930656,0.153961999884429,0.6787769549538732
graph_0118_mu_0_2_node_226,38,0.2987197724039829,0.0028819508423771,0.408923454768727,2.4454454454454453,0.0834324556969503,27.012,10.988,2.4586909090909086,0.2891578947368421,0.2178172281788054,0.0115752674784126,0.1690181818181818,0.1694425769325481,0.5351086780526161
graph_0118_mu_0_2_node_384,39,0.3393393393393393,0.0019794291374991,0.4000800961153384,2.4994994994995,0.0856990541456169,30.015,8.985,3.341458333333334,0.2303846153846154,0.1781447061770998,0.0094650731906142,0.1301925465838509,0.1305396861700795,0.574809771482893
graph_0118_mu_0_2_node_206,18,0.3006535947712418,0.0012555710828935,0.3639344262295082,2.747747747747748,0.0093786722261847,11.002,6.998,1.5722857142857147,0.3887777777777779,0.499025,0.0070978796945459,0.2412965517241378,0.2415665467621063,0.7843535714285716
graph_0118_mu_0_2_node_795,33,0.3806818181818182,0.0016823273599186,0.3906922174423152,2.55955955955956,0.0743960595368852,26.005,6.995,3.718214285714286,0.2119696969696969,0.1386319804362375,0.0073690386506159,0.118550847457627,0.1188210395653478,0.5152056952410475
graph_0118_mu_0_2_node_79,49,0.3672525439407955,0.0035486586107277,0.4112803622890078,2.431431431431432,0.0971007015923581,37.014,11.986,3.088678787878788,0.2446122448979591,0.2831721334060375,0.0125186616986635,0.1393521056596437,0.1398153870988783,0.8503017965338099
graph_0118_mu_0_2_node_799,32,0.1494252873563218,0.0032941770820263,0.3943939992104224,2.535535535535536,0.0216260967384936,17.001,14.999,1.133485714285714,0.46871875,0.7134734950584005,0.0153215666528428,0.3060963265306122,0.3066751033633682,0.7610876010781673
graph_0118_mu_0_2_node_509,17,0.1691176470588235,0.0011056563156158,0.3747186796699174,2.6686686686686687,0.012696954642674,8.0,9.0,0.8888888888888892,0.5294117647058824,0.2314570398821425,0.0093649742636815,0.36,0.360347128476106,0.2057395910063489
graph_0118_mu_0_2_node_269,20,0.3894736842105263,0.0011886802426188,0.3623503808487486,2.75975975975976,0.0080325880882552,15.0,5.0,3.0,0.25,0.3119196428571429,0.0050817145306108,0.1428571428571428,0.1430501259904169,0.9357589285714284
graph_0118_mu_0_2_node_728,22,0.3852813852813853,0.0012693284557776,0.3690432212781677,2.70970970970971,0.0149780900370846,15.011,6.989,2.1492476190476197,0.3176818181818182,0.2984331991356584,0.0071610170395727,0.1888497647445015,0.1891194960149297,0.6399629515753643
graph_0118_mu_0_2_node_722,20,0.326797385620915,0.0011118985910086,0.3546325878594249,2.81981981981982,0.0065221679662596,14.99,5.01,2.9942857142857147,0.2505,0.1791350931677018,0.0051545241187794,0.1432034632034631,0.1433968319902393,0.4999968944099379
graph_0118_mu_0_2_node_964,21,0.1952380952380952,0.0017937877117084,0.375,2.6666666666666665,0.0108712889391081,11.0,10.0,1.1,0.4761904761904762,0.3990658914728683,0.010257594332645,0.3125,0.3128857727027236,0.4389724806201552
graph_0118_mu_0_2_node_303,24,0.3593073593073593,0.0011591278317818,0.3689069423929099,2.710710710710711,0.0134193942566205,18.997,5.003,3.797599999999999,0.2084583333333333,0.1284443085649982,0.0052060483308716,0.1163588039867109,0.1165519624715331,0.4618568701413529
graph_0118_mu_0_2_node_129,26,0.463768115942029,0.0012271201132562,0.3660681568340051,2.731731731731732,0.01319122051247,20.007,5.993,3.3394000000000004,0.2305,0.2558005485955136,0.0061407123446927,0.1302664199814986,0.1304978100994338,0.8107250056173947
graph_0118_mu_0_2_node_864,17,0.3823529411764705,0.0007111727072552,0.3557692307692308,2.810810810810811,0.0073704668841682,13.0,4.0,3.25,0.2352941176470588,0.1026610745576263,0.0041623675238781,0.1333333333333333,0.1334877019656273,0.3336484923122854
graph_0118_mu_0_2_node_886,16,0.5166666666666667,0.0005195012990033,0.350403367239565,2.853853853853854,0.0060959444279242,12.0,4.0,3.0,0.25,0.2661636620286348,0.0040612806921602,0.1428571428571428,0.143011499575519,0.7984909860859045
graph_0118_mu_0_2_node_242,27,0.3076923076923077,0.001814862940815,0.3864603481624758,2.587587587587588,0.0227867187699142,17.019,9.981,1.705699999999999,0.3696666666666666,0.3081520551366227,0.0103193433847522,0.2267545454545454,0.227139764281315,0.5246440621493488
graph_0118_mu_0_2_node_132,20,0.0947368421052631,0.0018404629169657,0.383493282149712,2.607607607607608,0.0131145011516241,8.002,11.998,0.6669696969696969,0.5998999999999999,0.5707551662174302,0.012255988587798,0.4284729064039409,0.4289356137909679,0.3805745732255167
graph_0118_mu_0_2_node_244,15,0.3238095238095238,0.0008201128975874,0.3536283185840708,2.827827827827828,0.0071660485847264,9.002,5.998,1.501,0.3998666666666667,0.4277261904761905,0.0060836023302293,0.2499,0.250131386511745,0.6417559523809524
graph_0118_mu_0_2_node_367,19,0.3625730994152046,0.0012258180021368,0.3651315789473684,2.7387387387387387,0.0098470805529108,12.0,7.0,1.7142857142857142,0.3684210526315788,0.2272864742501414,0.0072235191568984,0.2258064516129031,0.2260765446020608,0.3896339558573853
graph_0118_mu_0_2_node_207,19,0.4411764705882353,0.0003917659181948,0.3531283138918346,2.831831831831832,0.0086656811375726,16.0,3.0,5.333333333333332,0.1578947368421052,0.142699460916442,0.0030645220988358,0.0857142857142856,0.0858300934734055,0.7134973045822101
graph_0118_mu_0_2_node_599,23,0.3428571428571428,0.0012192494714514,0.3686346863468634,2.7127127127127126,0.0127662888404246,17.0,6.0,2.833333333333333,0.2608695652173912,0.285398921832884,0.0061290441976716,0.1499999999999999,0.1502316065776268,0.7610637915543578
graph_0118_mu_0_2_node_318,17,0.4952380952380952,0.0007188445463277,0.355136864557412,2.815815815815816,0.0069041796215212,13.0,4.0,3.25,0.2352941176470588,0.2661636620286348,0.0040612806921602,0.1333333333333333,0.1334877019656273,0.7984909860859045
graph_0118_mu_0_2_node_856,21,0.319047619047619,0.0014720451677844,0.3616944243301955,2.764764764764765,0.0081099102131643,14.0,7.0,2.0,0.3333333333333332,0.411764705882353,0.0071210579857578,0.2,0.200270134681434,0.8235294117647061
graph_0118_mu_0_2_node_520,32,0.3346774193548387,0.0018416994246286,0.3945497630331753,2.5345345345345347,0.0714688688838848,24.006,7.994,3.003428571428572,0.2498125,0.1584428119268677,0.0084213797149205,0.1427368421052631,0.1430455624600385,0.4755842873259286
graph_0118_mu_0_2_node_198,21,0.391812865497076,0.001022797525344,0.3690432212781677,2.70970970970971,0.0128110062236282,15.0,6.0,2.5,0.2857142857142856,0.2855462184873948,0.0061288964998369,0.1666666666666666,0.166898237488743,0.6662745098039216
graph_0118_mu_0_2_node_604,38,0.3911806543385491,0.0019918043612333,0.4007220216606498,2.4954954954954958,0.079157133414809,30.008,7.992,3.7554285714285713,0.2103157894736841,0.1887969816413961,0.0083472307514386,0.1175174765558397,0.1178262628355611,0.7085365462276496
graph_0118_mu_0_2_node_489,18,0.5882352941176471,0.0003938560795205,0.364067055393586,2.7467467467467466,0.0214615911306613,15.002,2.998,5.006,0.1665555555555555,0.0867519614524943,0.0031069703215227,0.0908449197860962,0.0909606414236169,0.4338788548815193
graph_0118_mu_0_2_node_134,26,0.2572463768115942,0.0019370566475697,0.376271186440678,2.6576576576576576,0.0130099748044857,16.006,9.994,1.6017333333333337,0.3843846153846155,0.5244436090225563,0.0101888852710901,0.237922480620155,0.2383081708892448,0.7870225563909773
graph_0118_mu_0_2_node_601,25,0.4466403162055335,0.0011808924691233,0.3697261287934863,2.704704704704705,0.0151367679340418,19.001,5.999,3.1674999999999995,0.2399600000000001,0.2559507483957134,0.0061469518990974,0.1363383838383838,0.1365699875979071,0.7679137836486789
graph_0118_mu_0_2_node_563,22,0.1789473684210526,0.0014268931510837,0.3672794117647059,2.722722722722722,0.0092155377589033,15.0,7.0,2.142857142857143,0.3181818181818182,0.3330924731182795,0.0071506907313716,0.1891891891891892,0.1894593447215885,0.666184946236559
graph_0118_mu_0_2_node_176,15,0.2564102564102564,0.0007561845819839,0.3631406761177753,2.7537537537537538,0.0107151162847921,9.001,5.999,1.5005,0.3999333333333334,0.215146164021164,0.006171643526389,0.2499499999999999,0.2501814250666895,0.2869047619047618
graph_0118_mu_0_2_node_548,52,0.2963265306122449,0.0043436224977916,0.4140074595938665,2.4154154154154157,0.1080260254179221,40.009,11.991,3.3369575757575767,0.2305961538461539,0.2376644986136087,0.0126320555238716,0.1303256443157967,0.1307892262864093,0.7728796687721711
graph_0118_mu_0_2_node_419,31,0.3054187192118227,0.0022111353455292,0.3881118881118881,2.5765765765765765,0.0249888770066794,21.009,9.991,2.1031000000000004,0.3222903225806451,0.308350206769557,0.0103298858268605,0.1921052249637156,0.1924909484361347,0.6170894425477081
graph_0118_mu_0_2_node_284,18,0.4640522875816993,0.0008343390504953,0.3555160142348754,2.8128128128128127,0.0070779051464145,13.0,5.0,2.600000000000001,0.2777777777777778,0.3327045775357934,0.0050766008652003,0.1612903225806451,0.1614832759245265,0.8650319015930635
graph_0118_mu_0_2_node_457,16,0.2637362637362637,0.0007899498229987,0.3579362235757793,2.793793793793794,0.008257495332264,10.0,6.0,1.666666666666667,0.375,0.4277928571428572,0.0060856641858994,0.2307692307692308,0.2310007122507121,0.6416892857142859
graph_0118_mu_0_2_node_470,29,0.3029556650246305,0.0013551239912649,0.3891702376314764,2.5695695695695697,0.0638858102211117,20.019,8.981,2.2305654761904763,0.3096896551724138,0.1781102653286768,0.0094605966396264,0.1832292436974789,0.1835759609200919,0.3964890791511924
graph_0118_mu_0_2_node_639,19,0.2426470588235294,0.0012106481895068,0.3651315789473684,2.7387387387387387,0.0110164048981523,12.0,7.0,1.7142857142857142,0.3684210526315788,0.4366875,0.0071144003428552,0.2258064516129031,0.2260765446020608,0.6862232142857142
graph_0118_mu_0_2_node_448,19,0.4338235294117647,0.0007093503946987,0.3548845470692717,2.8178178178178177,0.0098823815649553,14.004,4.996,2.805066666666666,0.2629473684210526,0.1622773061686474,0.0051554147590934,0.1513835497835498,0.1515763637000212,0.4221736276174305
graph_0118_mu_0_2_node_408,23,0.3619047619047619,0.0011872070878216,0.3724832214765101,2.684684684684685,0.0155468024460298,16.012,6.988,2.2925047619047616,0.3038260869565217,0.2984370521111394,0.0071598654482405,0.1791347717323326,0.1794044852722749,0.6401054355962204
graph_0118_mu_0_2_node_488,20,0.3594771241830065,0.0008342850142076,0.3631406761177753,2.7537537537537538,0.0100195501101509,14.005,5.995,2.337333333333333,0.2997499999999999,0.1538999190464707,0.0062382589762116,0.1763062558356675,0.1765376159171666,0.3337401851022539
graph_0118_mu_0_2_node_35,23,0.3476190476190476,0.0011299342101692,0.3610408384531984,2.76976976976977,0.0101981779850134,16.002,6.998,2.286809523809523,0.3042608695652173,0.1799841804342487,0.0072817509782995,0.179428205128205,0.179698304375171,0.3857996948332107
graph_0118_mu_0_2_node_111,21,0.3714285714285714,0.0011104112707001,0.3653986832479883,2.736736736736737,0.0115295510960421,14.0,7.0,2.0,0.3333333333333332,0.411764705882353,0.0071210579857578,0.2,0.200270134681434,0.8235294117647061
graph_0118_mu_0_2_node_577,24,0.2934782608695652,0.0016991931144658,0.374859287054409,2.667667667667668,0.0121290753864251,15.0,9.0,1.666666666666667,0.375,0.4721278195488722,0.0091756334871961,0.2307692307692308,0.2311165467882174,0.7868796992481202
graph_0118_mu_0_2_node_905,20,0.1684210526315789,0.0015095035339055,0.3781226343679031,2.6446446446446448,0.0147335147134286,10.002,9.998,1.0004444444444445,0.4998999999999999,0.5547717171717171,0.0101819804092716,0.3332473118279569,0.3336329777006329,0.5548444444444445
graph_0118_mu_0_2_node_951,31,0.3677419354838709,0.0021088525403901,0.3876600698486612,2.57957957957958,0.0267019826825358,22.006,8.994,2.447027777777777,0.2901290322580645,0.2775516424649272,0.0092991252302849,0.1696813417190776,0.1700286140292325,0.6787359951629134
graph_0118_mu_0_2_node_292,37,0.3588588588588589,0.0026310346280683,0.3933070866141732,2.5425425425425425,0.032989616076828,26.016,10.984,2.3695694444444446,0.2968648648648648,0.3390849386836171,0.011356368793704,0.1743134511322011,0.1747376591003523,0.8022592029164946
graph_0118_mu_0_2_node_259,52,0.2631975867269985,0.0047319811553957,0.4167709637046308,2.3993993993994,0.1072809784157648,37.013,14.987,2.470085714285716,0.2882115384615383,0.2970622322015398,0.0157881419951775,0.1683719543117687,0.1689511628120975,0.7332185767716362
graph_0118_mu_0_2_node_219,40,0.2745376955903271,0.003110122223519,0.4034733441033926,2.4784784784784786,0.0804726236295306,29.008,10.992,2.639272727272727,0.2747999999999999,0.217861138953525,0.0115796731602434,0.159287784679089,0.159712399708723,0.5549079302238364
graph_0118_mu_0_2_node_228,20,0.261437908496732,0.0011180085087848,0.3698630136986301,2.703703703703704,0.0127649668490945,13.0,7.0,1.8571428571428577,0.3499999999999999,0.1800221421305552,0.0072838688717523,0.212121212121212,0.2123913259548992,0.3086093865095232
graph_0118_mu_0_2_node_487,17,0.238095238095238,0.000838220904495,0.3618254255704455,2.763763763763764,0.010339007508753,10.0,7.0,1.4285714285714282,0.411764705882353,0.411764705882353,0.0071210579857578,0.2592592592592592,0.2595293105690079,0.5294117647058824
graph_0118_mu_0_2_node_628,26,0.4953846153846153,0.001143589784337,0.374578177727784,2.66966966966967,0.0195262057616672,20.0,6.0,3.333333333333334,0.2307692307692308,0.1996118186582809,0.0061863235470576,0.1304347826086956,0.1306664428403559,0.6653727288609363
graph_0118_mu_0_2_node_843,28,0.4492307692307692,0.0014834178199366,0.377123442808607,2.6516516516516515,0.0194602512089461,21.007,6.993,3.0046666666666666,0.24975,0.2985295787834079,0.0071651496434903,0.1426971428571428,0.1429671534701246,0.8533180197665335
graph_0118_mu_0_2_node_75,31,0.3440860215053763,0.0015713044405419,0.3976910828025478,2.5145145145145147,0.0736842905981709,22.007,8.993,2.4474583333333326,0.2900967741935484,0.1782356183619786,0.0094738503994069,0.169659678546471,0.1700069122808811,0.4360032051629231
graph_0118_mu_0_2_node_607,35,0.3579545454545454,0.0025541914628967,0.3909980430528376,2.557557557557557,0.0245277137340956,25.003,9.997,2.5011666666666668,0.2856285714285714,0.3326362465059398,0.0103073465267502,0.1666092896174863,0.1669953637322812,0.7984973925576522
graph_0118_mu_0_2_node_185,32,0.3991935483870967,0.0018880309564768,0.3893219017926734,2.5685685685685686,0.0358038497656824,23.016,8.984,2.563301587301588,0.28075,0.2600692001556088,0.0093103864850134,0.1633075415812257,0.1636544548789846,0.6654475774849961
graph_0118_mu_0_2_node_861,21,0.3450292397660818,0.0013924188200101,0.3620877129394708,2.7617617617617616,0.0078211539759179,14.0,7.0,2.0,0.3333333333333332,0.2272864742501414,0.0072235191568984,0.2,0.200270134681434,0.422103452178834
graph_0118_mu_0_2_node_86,18,0.2583333333333333,0.0010047255422395,0.3634048744998181,2.751751751751752,0.0078167032114218,11.0,7.0,1.5714285714285718,0.388888888888889,0.4366875,0.0071144003428552,0.2413793103448275,0.2416493824926728,0.6238392857142858
graph_0118_mu_0_2_node_288,24,0.1991341991341991,0.0019216883602186,0.377123442808607,2.6516516516516515,0.0133673345654595,14.002,9.998,1.4005333333333332,0.4165833333333333,0.5547717171717171,0.0101819804092716,0.2630931174089068,0.2634789023326566,0.7212868686868685
graph_0118_mu_0_2_node_712,23,0.3557312252964427,0.0010613799472799,0.3687707641196013,2.7117117117117115,0.0197367949348791,16.017,6.983,2.2983095238095235,0.3036086956521739,0.2156157520375845,0.007219706301288,0.1790027472527472,0.1792722678453577,0.4938300080911592
graph_0118_mu_0_2_node_950,38,0.3086770981507823,0.0038041735757021,0.3967434471803018,2.5205205205205203,0.0260392722206759,25.002,12.998,1.9235641025641024,0.3420526315789474,0.4324610237596089,0.0134015642664881,0.206311507936508,0.2068134194621891,0.8317471610761706
graph_0118_mu_0_2_node_682,20,0.3684210526315789,0.0009081469489048,0.3636694575900983,2.74974974974975,0.0112308173225654,14.001,5.999,2.334,0.2999499999999999,0.1542899873724086,0.0062422432144142,0.1764369747899159,0.1766684891685417,0.3600442842611104
graph_0118_mu_0_2_node_82,19,0.239766081871345,0.0015359183718794,0.3648648648648648,2.740740740740741,0.0071046331964351,11.0,8.0,1.375,0.4210526315789473,0.4990714285714285,0.0081307432489773,0.2666666666666666,0.2669753086419754,0.6862232142857142
graph_0118_mu_0_2_node_41,29,0.3399014778325123,0.0018999703700359,0.3881118881118881,2.5765765765765765,0.0288602089063526,19.013,9.987,1.9041888888888885,0.3443793103448277,0.2890411798572617,0.0103499835100157,0.2080127551020408,0.208398264773567,0.5497473646858271
graph_0118_mu_0_2_node_982,22,0.5411255411255411,0.000668133923182,0.3702742772424018,2.700700700700701,0.0497059000186291,19.0,3.0,6.333333333333332,0.1363636363636363,0.0708421206212404,0.0031334365696875,0.073170731707317,0.073286566295525,0.4486667639345231
graph_0118_mu_0_2_node_60,23,0.2809523809523809,0.00174707732956,0.369179600886918,2.7087087087087087,0.0103719355435094,14.001,8.999,1.5558750000000006,0.3912608695652174,0.5988337568058075,0.0091368516912431,0.2432105263157895,0.2435577769785798,0.8650663843516841
graph_0118_mu_0_2_node_652,51,0.3027450980392157,0.00493232206541,0.4193954659949622,2.3843843843843846,0.0960468270646404,35.01,15.99,2.189716071428571,0.3135294117647058,0.3776700352789685,0.0167009662182881,0.1859111139461981,0.1865289662141847,0.826600327636432
graph_0118_mu_0_2_node_301,38,0.2460881934566145,0.0038174728970774,0.4052738336713996,2.4674674674674675,0.0414078705490818,23.011,14.989,1.5353794871794877,0.3944473684210526,0.399208408785446,0.0155815024351289,0.2456818681641527,0.2462605276775378,0.6124347140004966
graph_0118_mu_0_2_node_529,16,0.3916666666666666,0.0007544810189184,0.3532531824611032,2.830830830830831,0.0061988613126406,11.0,5.0,2.2,0.3125,0.1787189440993788,0.0051441780154715,0.1851851851851851,0.1853781087488692,0.3931816770186336
graph_0118_mu_0_2_node_872,40,0.3157894736842105,0.0036408553683976,0.398961661341853,2.5065065065065064,0.0305752723788258,27.012,12.988,2.08004662004662,0.3247,0.4200293186019649,0.0134175882465458,0.1938196485602677,0.1943212519455273,0.8406074530939223
graph_0118_mu_0_2_node_413,19,0.2058823529411764,0.0012881133537054,0.3724832214765101,2.684684684684685,0.0153680940349296,10.0,9.0,1.1111111111111112,0.4736842105263158,0.321694099378882,0.0092595204278487,0.3103448275862069,0.3106920096253226,0.321694099378882
graph_0118_mu_0_2_node_821,24,0.3722943722943723,0.0014175553600386,0.374578177727784,2.66966966966967,0.0165443252771435,16.003,7.997,2.001428571428572,0.3332083333333333,0.532270014115749,0.0081193933731275,0.1999135888501742,0.2002222342457874,0.998171042548901
graph_0118_mu_0_2_node_562,25,0.2166666666666666,0.0019166342634154,0.3823191733639495,2.6156156156156154,0.0182179345947167,13.002,11.998,1.0837121212121217,0.4799200000000002,0.3991923873165619,0.0123705103419785,0.3157219973009447,0.3161848832016618,0.4324922737596088
graph_0118_mu_0_2_node_239,21,0.2339181286549707,0.0011559699617151,0.3705489614243323,2.6986986986986987,0.0155883815759733,13.002,7.998,1.62575,0.3808571428571429,0.4438101010101011,0.008145161046994,0.2352235294117647,0.2355321419144969,0.6658060606060605
graph_0118_mu_0_2_node_211,24,0.4202898550724637,0.0011053077598892,0.3791271347248577,2.6376376376376376,0.0500367656310998,18.005,5.995,3.004,0.2497916666666667,0.1416168182332388,0.0062614698645972,0.1427242524916943,0.1429556840426378,0.4251079516147337
graph_0118_mu_0_2_node_447,21,0.2809523809523809,0.001517547858429,0.3759879563417388,2.65965965965966,0.013619469916202,13.006,7.994,1.62725,0.3806666666666667,0.4195263157894736,0.0081498556072687,0.2350823529411765,0.2353908112241841,0.6821052631578948
graph_0118_mu_0_2_node_4,23,0.2523809523809524,0.0017698338398563,0.369589345172031,2.705705705705706,0.0118095126600305,14.0,9.0,1.555555555555556,0.3913043478260869,0.321694099378882,0.0092595204278487,0.2432432432432432,0.2435905324579837,0.4646692546583851
graph_0118_mu_0_2_node_901,26,0.2,0.0026229584783165,0.3779795686719637,2.645645645645646,0.0146779359956816,14.0,12.0,1.1666666666666667,0.4615384615384616,0.3079832236728788,0.0124871025716345,0.2999999999999999,0.3004629986881704,0.3593137609516919
graph_0118_mu_0_2_node_161,22,0.5021645021645021,0.0005860359905223,0.3658000732332478,2.7337337337337337,0.0186060196215426,18.007,3.993,4.512833333333333,0.1815,0.1232397793292585,0.0041284894014218,0.0998121951219512,0.0999663531959427,0.5553290069816634
graph_0118_mu_0_2_node_648,25,0.42,0.0010088360095214,0.3759879563417388,2.65965965965966,0.0220681057194446,19.008,5.992,3.173333333333333,0.2396800000000001,0.1849681201338871,0.0061951583868415,0.1361616161616161,0.1363929498282589,0.5861395556787122
graph_0118_mu_0_2_node_216,19,0.3099415204678362,0.0012320517883876,0.3670095518001469,2.724724724724725,0.0107012670040305,12.0,7.0,1.7142857142857142,0.3684210526315788,0.411764705882353,0.0071210579857578,0.2258064516129031,0.2260765446020608,0.7058823529411762
graph_0118_mu_0_2_node_691,21,0.2982456140350877,0.0012094092365503,0.369589345172031,2.705705705705706,0.01492415163167,14.0,7.0,2.0,0.3333333333333332,0.4366875,0.0071144003428552,0.2,0.200270134681434,0.8109910714285714
graph_0118_mu_0_2_node_898,30,0.2354497354497354,0.0022424509524102,0.3861615771163509,2.5895895895895897,0.0194229744725059,19.001,10.999,1.727545454545454,0.3666333333333332,0.5232124887690925,0.0112355250628555,0.224465306122449,0.2248898632366699,0.8562156334231806
graph_0118_mu_0_2_node_707,18,0.3416666666666667,0.0007788088632245,0.3536283185840708,2.827827827827828,0.0061318872542562,13.0,5.0,2.600000000000001,0.2777777777777778,0.2622932330827067,0.0050975741595534,0.1612903225806451,0.1614832759245265,0.6295037593984963
graph_0118_mu_0_2_node_878,17,0.3088235294117647,0.001040436501288,0.3610408384531984,2.76976976976977,0.0104321286330342,10.998,6.002,1.832523809523809,0.3530588235294116,0.2146055900621118,0.0061750420161317,0.2143756613756613,0.2146072378236779,0.3930388198757765
graph_0118_mu_0_2_node_550,22,0.3789473684210526,0.0011798699708596,0.3639344262295082,2.747747747747748,0.0092838863293812,16.0,6.0,2.666666666666666,0.2727272727272726,0.2855462184873948,0.0061288964998369,0.1578947368421052,0.1581263255405767,0.7138655462184872
graph_0118_mu_0_2_node_877,27,0.4533333333333333,0.0011324417866635,0.3727611940298507,2.6826826826826826,0.0190888477674128,21.007,5.993,3.5062999999999995,0.221962962962963,0.2558685566148915,0.006140479407188,0.1248392857142857,0.1250706937015757,0.8533180197665335
graph_0118_mu_0_2_node_592,43,0.2702104097452935,0.0037078818084143,0.4092585006145022,2.443443443443444,0.0868580347801644,31.016,11.984,2.588936363636364,0.2786976744186046,0.2375605893334918,0.0126245775144674,0.1619166808914178,0.1623796703448135,0.6144668459133421
graph_0118_mu_0_2_node_151,26,0.2065217391304347,0.0017503379123556,0.3775510204081632,2.6486486486486487,0.0162266682590294,18.002,7.998,2.250928571428572,0.3076153846153845,0.3806448540706605,0.0081700857825483,0.1817656565656565,0.1820743881962221,0.8089711213517666
graph_0118_mu_0_2_node_24,21,0.3619047619047619,0.0012902790339895,0.3607800650054171,2.771771771771772,0.0085492942069442,14.0,7.0,2.0,0.3333333333333332,0.3672105263157894,0.0071366038233748,0.2,0.200270134681434,0.7344210526315788
graph_0118_mu_0_2_node_446,26,0.3007246376811594,0.0019175146297172,0.3761295180722891,2.6586586586586587,0.014667515720461,17.0,9.0,1.8888888888888888,0.3461538461538461,0.4283193277310925,0.0091933447497554,0.2093023255813953,0.2096496952212887,0.7614565826330534
graph_0118_mu_0_2_node_382,36,0.374331550802139,0.0021577179300371,0.3891702376314764,2.5695695695695697,0.0266955507840024,27.004,8.996,3.0022857142857142,0.2498888888888888,0.2993552279874213,0.0092752118163129,0.1427868131868131,0.1431342967993657,0.8650470475192177
graph_0118_mu_0_2_node_991,22,0.329004329004329,0.0014638039791902,0.3698630136986301,2.703703703703704,0.012507042491694,15.004,6.996,2.145371428571428,0.318,0.1795879149586045,0.0072798968822857,0.189067221067221,0.1893372223144193,0.38504799510834
graph_0118_mu_0_2_node_295,30,0.225287356321839,0.0026531192929356,0.4015273311897106,2.4904904904904903,0.0520183775094968,16.01,13.99,1.1445329670329665,0.4663333333333334,0.3304556796317046,0.0146119322248881,0.3040714616096208,0.3046112831414597,0.3779655265807001
graph_0118_mu_0_2_node_917,38,0.3031746031746031,0.003010539187043,0.4034733441033926,2.4784784784784786,0.033463587599976,25.016,12.984,1.9269743589743589,0.3416842105263158,0.4007707814681371,0.0134243171279714,0.2060476190476191,0.2065489907217332,0.7406047860231564
graph_0118_mu_0_2_node_28,31,0.4064516129032258,0.0012020031092214,0.3861615771163509,2.5895895895895897,0.0405317997860357,23.022,7.978,2.892160714285714,0.2573548387096773,0.2126942372733912,0.0082926533774888,0.1477018460466736,0.1480099250424097,0.6126347580231183
graph_0118_mu_0_2_node_66,28,0.4126984126984127,0.0014760833448501,0.383199079401611,2.6096096096096097,0.0283017940695673,21.003,6.997,3.002,0.2498928571428571,0.2024247156113756,0.0072515048588465,0.1427885714285714,0.1430587363803172,0.6074824801674601
graph_0118_mu_0_2_node_758,23,0.2569169960474308,0.0017990771803458,0.3716517857142857,2.690690690690691,0.012321000346264,15.0,8.0,1.875,0.3478260869565216,0.3805318957771789,0.0081720589302287,0.2105263157894736,0.2108350530540615,0.7134973045822101
graph_0118_mu_0_2_node_660,21,0.419047619047619,0.0006185100272133,0.3613019891500904,2.767767767767768,0.0106944419720795,18.0,3.0,6.0,0.1428571428571428,0.1197197674418605,0.0030772782997935,0.0769230769230769,0.0770389025668744,0.7183186046511628
graph_0118_mu_0_2_node_597,23,0.3666666666666666,0.0012574051836908,0.3639344262295082,2.747747747747748,0.0087118241132591,17.995,5.005,3.5961666666666674,0.217608695652174,0.1287918727419411,0.0052079363630925,0.1220914634146342,0.1222846841429629,0.4369920025255184
graph_0118_mu_0_2_node_554,33,0.2708333333333333,0.0025662575514714,0.396271320904403,2.523523523523524,0.0385676606043636,19.028,13.972,1.3626510989010991,0.4233939393939392,0.3723256849491528,0.014523735737668,0.2685726011933559,0.2691118539495437,0.5062503423019699
graph_0118_mu_0_2_node_477,20,0.4473684210526316,0.0011481036052343,0.3636694575900983,2.74974974974975,0.0112579411381296,14.0,6.0,2.333333333333333,0.2999999999999999,0.3992454930429522,0.0060919210382404,0.176470588235294,0.176702141183735,0.931572817100222
graph_0118_mu_0_2_node_173,29,0.2241379310344827,0.0028023548560787,0.3954869358669833,2.5285285285285286,0.0269060265496396,16.005,12.995,1.231732517482517,0.4481034482758618,0.4009578599714934,0.0134360274167191,0.2887499845821769,0.2892514318797007,0.4936338010351961
graph_0118_mu_0_2_node_602,42,0.3756410256410256,0.0027243742258919,0.3951740506329114,2.5305305305305303,0.0422415240807907,33.006,8.994,3.670499999999999,0.2141428571428571,0.2395041312840741,0.0093497053117408,0.1199123444976077,0.1202599120325624,0.8520600237855029
graph_0118_mu_0_2_node_414,23,0.3571428571428571,0.00136043666055,0.369589345172031,2.705705705705706,0.0100830666386299,17.0,6.0,2.833333333333333,0.2608695652173912,0.3328848484848484,0.0061104580868328,0.1499999999999999,0.1502316065776268,0.8876929292929296
graph_0118_mu_0_2_node_928,20,0.331578947368421,0.0014363654714501,0.3682270549207519,2.715715715715716,0.0084169259182694,13.0,7.0,1.8571428571428577,0.3499999999999999,0.3883656565656566,0.0071288677679716,0.212121212121212,0.2123913259548992,0.7212505050505048
graph_0118_mu_0_2_node_429,21,0.3625730994152046,0.0008156677425763,0.37,2.702702702702702,0.0174253213724063,15.002,5.998,2.5014000000000003,0.2856190476190475,0.1995805686582809,0.0061841867949208,0.1666036036036035,0.1668350972800986,0.4657921602026555
graph_0118_mu_0_2_node_415,23,0.3478260869565217,0.0014406447845017,0.3663366336633663,2.72972972972973,0.0087973960490297,16.0,7.0,2.2857142857142847,0.3043478260869565,0.3883656565656566,0.0071288677679716,0.1794871794871794,0.1797573558737633,0.8876929292929296
graph_0118_mu_0_2_node_46,44,0.3960511033681765,0.0028927434141618,0.3973747016706443,2.5165165165165164,0.0409904095728756,34.006,9.994,3.4029333333333325,0.2271363636363635,0.2891515544363863,0.0103574599998511,0.1281194417396949,0.1285056686009313,0.9546344962239688
graph_0118_mu_0_2_node_347,45,0.3222591362126246,0.003549743514136,0.4052738336713996,2.4674674674674675,0.0483879644733913,32.022,12.978,2.468576923076923,0.2883999999999999,0.3457820008502765,0.0134906714745437,0.168505994005994,0.1690074052730008,0.8256527021512211
graph_0118_mu_0_2_node_913,31,0.2315270935960591,0.0024270560654794,0.3976910828025478,2.5145145145145147,0.0609383260047785,20.004,10.996,1.81930909090909,0.3547096774193548,0.217903860019224,0.0115840753664109,0.2155927601809955,0.2160172343995959,0.376533885501823
graph_0118_mu_0_2_node_436,35,0.3798319327731092,0.0022651376588451,0.395017793594306,2.5315315315315314,0.0730455595176343,26.002,8.998,2.8899999999999992,0.2570857142857143,0.2125000460742477,0.0093981452068981,0.1475045537340619,0.1478520876888169,0.6139913611735576
graph_0118_mu_0_2_node_727,38,0.3385490753911807,0.0032634488676982,0.4015273311897106,2.4904904904904903,0.0742518169207739,26.007,11.993,2.1687969696969702,0.3156052631578948,0.283263482909374,0.0125262458697743,0.1873732226107226,0.1878363804256247,0.6140103301646627
graph_0118_mu_0_2_node_837,28,0.2989417989417989,0.0017756077288921,0.3875096974398759,2.5805805805805804,0.0600246592126871,20.0,8.0,2.5,0.2857142857142856,0.1585167321389458,0.0084279136043761,0.1666666666666666,0.1669755231256273,0.3962918303473647
graph_0118_mu_0_2_node_363,15,0.2666666666666666,0.0007457212169771,0.3639344262295082,2.747747747747748,0.0100289909439508,9.0,6.0,1.5,0.4000000000000001,0.151657894736842,0.0062486620795107,0.25,0.2502314636216342,0.2274868421052632
graph_0118_mu_0_2_node_15,24,0.3116883116883117,0.0012672728351926,0.3706864564007421,2.6976976976976976,0.0177779921833723,16.0,8.0,2.0,0.3333333333333332,0.4705882352941177,0.0081383519837232,0.2,0.2003087610961018,0.8823529411764709
graph_0118_mu_0_2_node_998,21,0.4093567251461988,0.001034047838105,0.3635371179039301,2.750750750750751,0.0112197432879876,15.002,5.998,2.5014000000000003,0.2856190476190475,0.1947818902093944,0.0061894669579959,0.1666036036036035,0.1668350972800986,0.454608036219581
graph_0118_mu_0_2_node_894,17,0.2720588235294117,0.0007585479003481,0.3666055045871559,2.727727727727728,0.0168463196712588,10.0,7.0,1.4285714285714282,0.411764705882353,0.1769342105263157,0.0072901057594291,0.2592592592592592,0.2595293105690079,0.2527631578947368
graph_0118_mu_0_2_node_902,37,0.3858858858858859,0.0023146403088516,0.3954869358669833,2.5285285285285286,0.0734597389289642,28.005,8.995,3.113680555555556,0.2431081081081081,0.2124480174294347,0.0093949652977146,0.1383752913752913,0.1387227632583241,0.6612392121680147
graph_0118_mu_0_2_node_820,23,0.4857142857142857,0.0009684434941758,0.3619565217391304,2.7627627627627627,0.0087455017517675,18.0,5.0,3.600000000000001,0.2173913043478261,0.2941176470588235,0.005086469989827,0.1219512195121951,0.1221442473468088,1.0
graph_0118_mu_0_2_node_50,16,0.4065934065934066,0.0005285554639498,0.3493006993006993,2.8628628628628627,0.0084457686516576,12.0,4.0,3.0,0.25,0.142975155279503,0.0041153424123772,0.1428571428571428,0.143011499575519,0.3931816770186336
graph_0118_mu_0_2_node_752,39,0.2375168690958164,0.0037032635890562,0.4057676685621446,2.4644644644644647,0.0758679304540755,25.004,13.996,1.786571428571428,0.3588717948717947,0.277356676820551,0.0147444794203671,0.218675,0.2192154280648825,0.4953783014477193
graph_0118_mu_0_2_node_690,21,0.2982456140350877,0.0013196072786304,0.36,2.7777777777777777,0.0073320700213567,13.995,7.005,1.998125,0.3335714285714285,0.2504145962732919,0.007207022273314,0.2001764705882353,0.2004467980443251,0.4644611801242236
graph_0118_mu_0_2_node_801,27,0.3333333333333333,0.0014281367425949,0.3848228043143297,2.5985985985985987,0.0365755521767785,18.026,8.974,2.0110357142857143,0.3323703703703703,0.2392582972812864,0.0093279520307247,0.1993350601295097,0.1996814538189258,0.479564438984045
graph_0118_mu_0_2_node_305,29,0.3988603988603988,0.0012150180447705,0.3861615771163509,2.5895895895895897,0.0693427383489452,22.006,6.994,3.147276190476191,0.2411724137931033,0.1386251244342674,0.0073679090937912,0.1371245055351603,0.1373945755795388,0.4161834380520431
graph_0118_mu_0_2_node_631,21,0.3619047619047619,0.0010670353767326,0.3598703170028818,2.7787787787787788,0.0085769999565564,15.997,5.003,3.1982500000000003,0.2382380952380952,0.1284333367781643,0.0052060794229129,0.1352313892840208,0.1354245030248785,0.3850244841365532
graph_0118_mu_0_2_node_711,36,0.3048128342245989,0.0027946212643563,0.3945497630331753,2.5345345345345347,0.0354247075987602,24.006,11.994,2.0017454545454547,0.3331666666666666,0.3470110795848631,0.012430184400147,0.1998832363828662,0.2003463612258421,0.6653729151386815
graph_0118_mu_0_2_node_952,24,0.3804347826086957,0.0013333948420025,0.3829053277117669,2.6116116116116115,0.0270238526467874,16.008,7.992,2.003571428571429,0.3329999999999999,0.2312727310422954,0.0082825391384951,0.1997672473867596,0.2000756999631122,0.4628632613295387
graph_0118_mu_0_2_node_333,25,0.3162055335968379,0.0017213581861349,0.3701370878103001,2.701701701701701,0.0107918012805087,17.006,7.994,2.1276785714285715,0.31976,0.4195263157894736,0.0081498556072687,0.1903100775193799,0.190618631049715,0.8394812030075186
graph_0118_mu_0_2_node_993,25,0.3133333333333333,0.0016823060932582,0.3747186796699174,2.6686686686686687,0.013389413683712,17.0,8.0,2.125,0.32,0.2053221491152526,0.0083247350477563,0.1904761904761905,0.1907849754074857,0.4363095668699118
graph_0118_mu_0_2_node_981,24,0.2683982683982684,0.0015057910350932,0.3660681568340051,2.731731731731732,0.009188438094708,16.0,8.0,2.0,0.3333333333333332,0.2022105263157895,0.0083315494393476,0.2,0.2003087610961018,0.3791447368421053
graph_0118_mu_0_2_node_932,33,0.3827956989247312,0.0017909609497124,0.3830521472392638,2.6106106106106104,0.023798149704839,25.002,7.998,3.1261785714285715,0.2423636363636362,0.2661178415443745,0.00824629464394,0.1378924605493863,0.1382013591135107,0.7984785246331239
graph_0118_mu_0_2_node_152,19,0.1985294117647058,0.001056753246029,0.37,2.702702702702702,0.0124519781548038,13.0,6.0,2.166666666666667,0.3157894736842105,0.2855078341013824,0.0061291634840327,0.1875,0.1877315350775643,0.5710156682027648
graph_0118_mu_0_2_node_735,22,0.2813852813852814,0.0017355591605092,0.367820324005891,2.7187187187187187,0.0094502748224847,14.0,8.0,1.75,0.3636363636363636,0.2022105263157895,0.0083315494393476,0.2222222222222223,0.2225309356589746,0.3538684210526315
graph_0118_mu_0_2_node_274,39,0.3049932523616734,0.0029062273670843,0.4065934065934066,2.45945945945946,0.0839410000196123,28.013,10.987,2.5500636363636366,0.2817179487179487,0.2177945022463272,0.0115742664982639,0.1639565408252853,0.1643809301437626,0.5549335452592075
graph_0118_mu_0_2_node_666,43,0.3353658536585366,0.0034874929225656,0.3976910828025478,2.5145145145145147,0.0342217897009447,31.012,11.988,2.58750303030303,0.2787906976744186,0.3699245341701721,0.0123948610599404,0.1619778473210052,0.1624409911308705,0.9256909748739988
graph_0118_mu_0_2_node_925,37,0.4050420168067227,0.0023153384878256,0.3899297423887587,2.5645645645645647,0.033155078322886,28.017,8.983,3.121902777777778,0.2427837837837838,0.290661406841836,0.0092797478597598,0.1381743863979158,0.1385213950502481,0.8730033054928288
graph_0118_mu_0_2_node_162,27,0.339031339031339,0.001835847416113,0.383935434281322,2.6046046046046047,0.0192587244957842,18.002,8.998,2.000857142857143,0.3332592592592592,0.428280112044818,0.0091912372681958,0.1999489361702127,0.2002962554901479,0.8566778711484594
graph_0118_mu_0_2_node_569,21,0.2761904761904762,0.0013863925855687,0.3735976065818998,2.6766766766766765,0.015494757610083,13.001,7.999,1.625375,0.3809047619047619,0.2661305730258561,0.0082473743136244,0.2352588235294118,0.2355674745870751,0.4324922737596088
graph_0118_mu_0_2_node_658,28,0.4369230769230769,0.00156655982058,0.3708240534521158,2.6966966966966965,0.0158934880579209,21.014,6.986,3.0104,0.2495,0.2983024798549391,0.0071580604052628,0.1425407282913164,0.1428104687756975,0.8535451186950024
graph_0118_mu_0_2_node_892,34,0.3707664884135472,0.0024280977988246,0.3994402239104358,2.503503503503504,0.0349411234104094,24.032,9.968,2.413033333333333,0.2931764705882352,0.322786591096623,0.0102966658779635,0.1717845314630821,0.1721694569748603,0.7762300816638937
graph_0118_mu_0_2_node_911,22,0.4052631578947368,0.0007459512299406,0.3567857142857142,2.8028028028028027,0.0093138344481959,17.001,4.999,3.401099999999999,0.2272272727272726,0.1283036159243056,0.0052019133797431,0.128176923076923,0.128369897424087,0.4106670255032325
graph_0118_mu_0_2_node_818,53,0.3278431372549019,0.0039427008960948,0.4150394682176984,2.4094094094094096,0.1169973726136474,42.006,10.994,3.8211797979798,0.207433962264151,0.2178880983975897,0.0115818199888913,0.1157199764876107,0.1161450956527358,0.8124706605055586
graph_0118_mu_0_2_node_535,35,0.2773109243697479,0.0027501110008544,0.4056029232643118,2.4654654654654653,0.0745964716633762,23.017,11.983,1.9211742424242428,0.3423714285714285,0.2375625743439232,0.0126233663486162,0.2065488018702513,0.2070114667993147,0.455906023500807
graph_0118_mu_0_2_node_45,18,0.3,0.0008833793636127,0.36,2.7777777777777777,0.0068173659896944,12.0,6.0,2.0,0.3333333333333332,0.3328848484848484,0.0061104580868328,0.2,0.2002315172094459,0.6102888888888888
graph_0118_mu_0_2_node_39,37,0.3753753753753753,0.0018130432545227,0.3986432561851556,2.5085085085085086,0.0868973044258448,30.007,6.993,4.291880952380953,0.189,0.1386112487577718,0.0073668366332979,0.1043639157155399,0.1046341141185769,0.5945000659562812
graph_0118_mu_0_2_node_762,16,0.2307692307692307,0.0008133225044856,0.3596112311015119,2.780780780780781,0.0089202852137708,10.0,6.0,1.666666666666667,0.375,0.4277928571428572,0.0060856641858994,0.2307692307692308,0.2310007122507121,0.6416892857142859
graph_0118_mu_0_2_node_989,23,0.3201581027667984,0.0012971051942206,0.3830521472392638,2.6106106106106104,0.0508342203981306,15.004,7.996,1.876642857142857,0.3476521739130433,0.1584624520749097,0.0084235938285161,0.2104021592442644,0.2107107422653402,0.2972188727605234
graph_0118_mu_0_2_node_965,36,0.3279857397504456,0.0024785882852293,0.3970588235294117,2.5185185185185186,0.0389548918283633,26.019,9.981,2.6076000000000006,0.27725,0.2659343959887869,0.0103753045765338,0.1609400921658985,0.1613255787955667,0.6658886632169494
graph_0118_mu_0_2_node_927,21,0.4736842105263157,0.0007741924438105,0.3593525179856115,2.7827827827827827,0.0086975234219401,17.0,4.0,4.25,0.1904761904761905,0.1903641456582633,0.0040859309998912,0.1052631578947368,0.1054175742010987,0.7614565826330534
graph_0118_mu_0_2_node_851,42,0.2948717948717949,0.0033112951279094,0.4070904645476773,2.4564564564564564,0.0883178978637596,30.026,11.974,2.508909090909091,0.285095238095238,0.2374510795759036,0.0126135585557617,0.1662554609403924,0.1667180287698652,0.574947172636194
graph_0118_mu_0_2_node_703,16,0.2,0.0009405754362977,0.3610408384531984,2.76976976976977,0.0087550138039189,9.0,7.0,1.2857142857142858,0.4375,0.3330924731182795,0.0071506907313716,0.2800000000000001,0.2802700304748678,0.4282617511520737
graph_0118_mu_0_2_node_702,29,0.3669950738916256,0.0017876551594126,0.381588999236058,2.6206206206206204,0.0265184521372346,19.028,9.972,1.9128888888888884,0.3438620689655173,0.4261944980401367,0.0102166195232684,0.2076770015698587,0.2080619325068156,0.810975144846837
