,Degree,Clustering Coefficient,Betweenness,Closeness,Shortest Path,Eigenvector,E In,E Out,E In Over E Out,ODF,Expansion,Cut Ratio,Conductance,Normalised Cut,Triangle Participation
graph_047_mu_0_3_node_0,25,0.12333333333333334,0.0009119762221782709,0.42080876158382474,2.3763763763763763,0.01771412943371098,12.0,13.0,0.9230769230769232,0.5199999999999998,0.27659574468085113,0.013641133263378801,0.3513513513513515,0.35178467024072185,0.2553191489361702
graph_047_mu_0_3_node_1,30,0.10344827586206896,0.0012911653509438603,0.43719912472647704,2.2872872872872874,0.025281208614257457,17.0,13.0,1.3076923076923077,0.43333333333333346,0.12149532710280368,0.01455767077267637,0.27659574468085113,0.27702920805319614,0.1588785046728972
graph_047_mu_0_3_node_2,28,0.09846153846153846,0.0007594230438630658,0.4020120724346076,2.4874874874874875,0.018060937055227256,15.0,13.0,1.1538461538461535,0.4642857142857144,0.16883116883116883,0.014084507042253523,0.3023255813953489,0.30275898696294334,0.18181818181818182
graph_047_mu_0_3_node_3,30,0.2160919540229885,0.0007708524568166819,0.4178168130489335,2.3933933933933935,0.02439414454250622,22.0,8.0,2.75,0.2666666666666666,0.0747663551401869,0.008958566629339306,0.1538461538461538,0.15411303401695717,0.20560747663551393
graph_047_mu_0_3_node_4,45,0.10707070707070707,0.002021867096816585,0.4300473525613431,2.325325325325325,0.029922926070851646,29.0,16.0,1.8125,0.3555555555555554,0.1495327102803738,0.01791713325867861,0.21621621621621626,0.21675008341675014,0.27102803738317754
graph_047_mu_0_3_node_5,24,0.17316017316017315,0.0004848105793066411,0.4150394682176984,2.4094094094094096,0.023328201068499574,17.0,7.0,2.4285714285714284,0.2916666666666667,0.06542056074766354,0.007838745800671894,0.17073170731707318,0.17096515737543563,0.1495327102803738
graph_047_mu_0_3_node_6,33,0.14772727272727273,0.0010975602117670059,0.4320934256055363,2.314314314314314,0.044008813367592,24.0,9.0,2.666666666666666,0.2727272727272726,0.0514285714285714,0.010909090909090913,0.15789473684210528,0.15819500708532416,0.13714285714285718
graph_047_mu_0_3_node_7,52,0.1244343891402715,0.003135444971284817,0.43719912472647704,2.2872872872872874,0.026934171171058497,31.0,21.0,1.4761904761904756,0.40384615384615397,0.45652173913043465,0.0220125786163522,0.25301204819277107,0.2537127255141818,0.6739130434782611
graph_047_mu_0_3_node_8,105,0.08166761850371217,0.012556737697571428,0.4992503748125937,2.003003003003003,0.062234456546541916,67.0,38.0,1.7631578947368423,0.36190476190476173,0.49350649350649356,0.041170097508125676,0.22093023255813948,0.22220045585002351,0.8571428571428571
graph_047_mu_0_3_node_9,30,0.07126436781609195,0.0012890478069838012,0.4070904645476773,2.4564564564564564,0.01688360751489654,13.0,17.0,0.7647058823529413,0.5666666666666665,0.4047619047619049,0.017745302713987474,0.3953488372093022,0.3959154472149685,0.3095238095238094
graph_047_mu_0_3_node_10,30,0.18850574712643678,0.0009121256855544311,0.4070904645476773,2.4564564564564564,0.017567313673065896,18.0,12.0,1.5,0.4000000000000001,0.34285714285714275,0.012435233160621758,0.25,0.2504001600640256,0.5142857142857142
graph_047_mu_0_3_node_11,27,0.14245014245014245,0.0008932653213780926,0.3996,2.5025025025025025,0.013972111852757357,16.0,11.0,1.4545454545454546,0.4074074074074074,0.23404255319148948,0.011542497376705143,0.2558139534883721,0.2561807301880487,0.3404255319148935
graph_047_mu_0_3_node_12,36,0.1619047619047619,0.0011404654694998474,0.451831750339213,2.2132132132132134,0.05033473404427311,26.0,10.0,2.600000000000001,0.2777777777777778,0.057142857142857155,0.012121212121212118,0.16129032258064516,0.16162398958097884,0.14857142857142855
graph_047_mu_0_3_node_13,33,0.13636363636363635,0.0012525283350671333,0.408923454768727,2.4454454454454453,0.017085261902864083,19.0,14.0,1.3571428571428577,0.42424242424242414,0.3043478260869565,0.014675052410901472,0.2692307692307692,0.2696976226387991,0.4130434782608694
graph_047_mu_0_3_node_14,26,0.16923076923076924,0.0009535909758947197,0.43681679055531264,2.289289289289289,0.032122209845018394,15.0,11.0,1.3636363636363635,0.4230769230769231,0.07482993197278913,0.012895662368112544,0.26829268292682934,0.2686594351690191,0.10204081632653059
graph_047_mu_0_3_node_15,31,0.13118279569892474,0.0011202208865306496,0.4514234071396295,2.215215215215215,0.032339192139220124,19.0,12.0,1.583333333333333,0.3870967741935483,0.06417112299465244,0.014760147601476013,0.2400000000000001,0.24040018675381838,0.10160427807486629
graph_047_mu_0_3_node_16,33,0.11182795698924732,0.001570733415751204,0.4215189873417722,2.3723723723723724,0.01841289903781579,14.0,19.0,0.7368421052631577,0.5757575757575759,1.2666666666666662,0.01928934010152284,0.404255319148936,0.40488858915526893,0.8666666666666669
graph_047_mu_0_3_node_17,33,0.07386363636363637,0.0013122426901057177,0.4227676682183665,2.3653653653653652,0.024007678586677288,17.0,16.0,1.0625,0.48484848484848464,0.10884353741496594,0.018757327080890975,0.32,0.3205334400213377,0.11564625850340132
graph_047_mu_0_3_node_18,83,0.1037037037037037,0.0056461263031853375,0.48660496833901606,2.055055055055055,0.09239387808813769,60.0,23.0,2.6086956521739135,0.2771084337349397,0.13142857142857145,0.027878787878787885,0.16083916083916086,0.16160800590016705,0.3371428571428572
graph_047_mu_0_3_node_19,20,0.09803921568627451,0.0006503062687611407,0.39611419508326723,2.5245245245245247,0.013239350845339722,10.0,10.0,1.0,0.5,0.7692307692307695,0.010131712259371834,0.33333333333333326,0.333666644445926,0.6923076923076923
graph_047_mu_0_3_node_20,20,0.09803921568627451,0.00045313094332660313,0.4247448979591837,2.354354354354354,0.019008461039028007,10.0,10.0,1.0,0.5,0.053475935828877004,0.012300123001230012,0.33333333333333326,0.333666644445926,0.04812834224598929
graph_047_mu_0_3_node_21,21,0.10476190476190476,0.0006231607916928489,0.39377217185652347,2.5395395395395397,0.014351321773174941,7.0,14.0,0.5,0.6666666666666665,0.9333333333333335,0.01421319796954315,0.5,0.500466480074637,0.46666666666666673
graph_047_mu_0_3_node_22,18,0.2,0.0002987034945230134,0.3702742772424018,2.700700700700701,0.007729133937385025,11.0,7.0,1.5714285714285718,0.388888888888889,0.46666666666666673,0.007106598984771575,0.2413793103448275,0.24161266701382778,0.6666666666666665
graph_047_mu_0_3_node_23,42,0.11149825783972125,0.0018538999982127932,0.4455842997323818,2.244244244244244,0.0487970729948964,26.0,16.0,1.625,0.3809523809523811,0.09142857142857143,0.019393939393939397,0.23529411764705885,0.23582787798866536,0.14857142857142855
graph_047_mu_0_3_node_24,24,0.07971014492753623,0.0008682213247683688,0.41263940520446096,2.4234234234234235,0.021106573678998986,11.0,13.0,0.8461538461538461,0.5416666666666667,0.3095238095238094,0.013569937369519834,0.37142857142857155,0.37186186143290445,0.2380952380952381
graph_047_mu_0_3_node_25,24,0.07971014492753623,0.0009060642187298151,0.399919935948759,2.5005005005005003,0.013314426236854068,10.0,14.0,0.7142857142857141,0.5833333333333334,0.297872340425532,0.014690451206715636,0.41176470588235303,0.4122312792343494,0.2127659574468086
graph_047_mu_0_3_node_26,32,0.1350806451612903,0.0010690267297400805,0.41400745959386653,2.4154154154154153,0.023859241026954085,21.0,11.0,1.9090909090909096,0.34375,0.10280373831775697,0.012318029115341547,0.20754716981132082,0.20791406884737684,0.19626168224299068
graph_047_mu_0_3_node_27,38,0.11095305832147938,0.001553190009318213,0.42893945899527697,2.3313313313313313,0.02718506167611167,24.0,14.0,1.7142857142857142,0.36842105263157887,0.1308411214953271,0.01567749160134379,0.2258064516129031,0.22627346075293925,0.22429906542056074
graph_047_mu_0_3_node_28,34,0.0873440285204991,0.0014279926866814572,0.4190436241610738,2.3863863863863863,0.021522895168799995,19.0,15.0,1.2666666666666662,0.44117647058823545,0.15625,0.016592920353982302,0.2830188679245283,0.2835190513251086,0.19791666666666663
graph_047_mu_0_3_node_29,26,0.11076923076923077,0.0010500607324617892,0.4052738336713996,2.4674674674674675,0.013851674133018223,15.0,11.0,1.3636363636363635,0.4230769230769231,0.23913043478260876,0.011530398322851156,0.26829268292682934,0.2686594351690191,0.3043478260869565
graph_047_mu_0_3_node_30,47,0.1,0.00275428378492965,0.44979738856371004,2.2232232232232234,0.028484425733344445,28.0,19.0,1.4736842105263155,0.404255319148936,0.4130434782608694,0.019916142557652002,0.25333333333333335,0.2539671948846261,0.5869565217391305
graph_047_mu_0_3_node_31,33,0.14623655913978495,0.0011707935868377295,0.4307891332470893,2.3213213213213213,0.023753931565725726,18.0,15.0,1.1999999999999995,0.45454545454545436,0.1948051948051948,0.016251354279523293,0.29411764705882354,0.294617797103837,0.22077922077922085
graph_047_mu_0_3_node_32,33,0.06439393939393939,0.0012734484287185062,0.4375821287779238,2.285285285285285,0.02469707899472324,15.0,18.0,0.8333333333333335,0.5454545454545452,0.09625668449197858,0.022140221402214017,0.375,0.3756000000000001,0.07486631016042779
graph_047_mu_0_3_node_33,18,0.05228758169934641,0.0004248158214048896,0.3958003169572108,2.5265265265265264,0.012648029421760475,10.0,8.0,1.25,0.4444444444444446,0.04278074866310159,0.009840098400984012,0.2857142857142856,0.28598095238095234,0.04278074866310159
graph_047_mu_0_3_node_34,19,0.12280701754385964,0.0004244233526624277,0.3784090909090909,2.6426426426426426,0.008602231548913276,11.0,8.0,1.375,0.4210526315789473,0.1739130434782608,0.008385744234800842,0.2666666666666666,0.2669333511122963,0.23913043478260876
graph_047_mu_0_3_node_35,41,0.12560975609756098,0.00202790972457726,0.4434087882822903,2.255255255255255,0.029499599929426062,25.0,16.0,1.5625,0.39024390243902446,0.2077922077922078,0.01733477789815818,0.24242424242424232,0.24295796715571208,0.3246753246753248
graph_047_mu_0_3_node_36,29,0.08374384236453201,0.0010536867600545654,0.41799163179916315,2.3923923923923924,0.02439997027030286,14.0,15.0,0.9333333333333335,0.5172413793103449,0.10204081632653059,0.017584994138335284,0.34883720930232553,0.34933722596954797,0.09523809523809527
graph_047_mu_0_3_node_37,46,0.08502415458937199,0.002708135891358714,0.41816659690246966,2.3913913913913913,0.019375199421088785,27.0,19.0,1.4210526315789476,0.4130434782608694,0.404255319148936,0.019937040923399783,0.26027397260273977,0.2609077918641734,0.5744680851063831
graph_047_mu_0_3_node_38,26,0.10461538461538461,0.0007330823001245091,0.41590341382181517,2.4044044044044046,0.02187617789359661,15.0,11.0,1.3636363636363635,0.4230769230769231,0.07482993197278913,0.012895662368112544,0.26829268292682934,0.2686594351690191,0.10204081632653059
graph_047_mu_0_3_node_39,34,0.06951871657754011,0.0015934883718769991,0.4475806451612903,2.234234234234234,0.026931171124278206,16.0,18.0,0.8888888888888892,0.5294117647058824,0.09625668449197858,0.022140221402214017,0.36,0.36060004000266677,0.08556149732620318
graph_047_mu_0_3_node_40,29,0.14532019704433496,0.0010468004507664483,0.4245643858903527,2.3553553553553552,0.02736422780696475,17.0,12.0,1.4166666666666667,0.41379310344827586,0.08163265306122448,0.014067995310668234,0.26086956521739124,0.26126969859518384,0.11564625850340132
graph_047_mu_0_3_node_41,28,0.15343915343915343,0.0007231657817121604,0.4258312020460358,2.3483483483483485,0.030859152952229747,18.0,10.0,1.8000000000000005,0.35714285714285704,0.06802721088435373,0.011723329425556862,0.2173913043478261,0.21772479330934139,0.12244897959183672
graph_047_mu_0_3_node_42,27,0.11666666666666667,0.0006713269715843469,0.4201009251471825,2.3803803803803802,0.025469450012487974,17.0,10.0,1.6999999999999995,0.37037037037037035,0.06802721088435373,0.011723329425556862,0.22727272727272718,0.2276061939927487,0.10884353741496594
graph_047_mu_0_3_node_43,31,0.11612903225806452,0.0010418679649227772,0.4104354971240756,2.4364364364364364,0.021858067833534365,19.0,12.0,1.583333333333333,0.3870967741935483,0.11214953271028037,0.013437849944008958,0.2400000000000001,0.24040018675381838,0.17757009345794386
graph_047_mu_0_3_node_44,37,0.1066066066066066,0.001662677303685338,0.44419742107603377,2.2512512512512513,0.03146507061386586,22.0,15.0,1.4666666666666663,0.4054054054054053,0.14018691588785043,0.016797312430011195,0.2542372881355933,0.25473757162957306,0.20560747663551393
graph_047_mu_0_3_node_45,24,0.07608695652173914,0.0009291686266558907,0.4122988031366075,2.4254254254254253,0.014027494171049988,10.0,14.0,0.7142857142857141,0.5833333333333334,0.297872340425532,0.014690451206715636,0.41176470588235303,0.4122312792343494,0.2127659574468086
graph_047_mu_0_3_node_46,28,0.06878306878306878,0.0009820878696273948,0.398961661341853,2.5065065065065064,0.015131391705619399,16.0,12.0,1.333333333333333,0.42857142857142855,0.125,0.013274336283185835,0.2727272727272726,0.2731273794223914,0.15625
graph_047_mu_0_3_node_47,36,0.1492063492063492,0.0011890308765928061,0.4526506570004531,2.209209209209209,0.04784508294871396,24.0,12.0,2.0,0.33333333333333326,0.06857142857142859,0.01454545454545455,0.20000000000000004,0.2004003202562049,0.13714285714285718
graph_047_mu_0_3_node_48,33,0.14393939393939395,0.0012988177264124207,0.428204029147021,2.335335335335335,0.023135851509698976,20.0,13.0,1.538461538461539,0.39393939393939387,0.16883116883116883,0.014084507042253523,0.24528301886792456,0.24571656897631208,0.25974025974025977
graph_047_mu_0_3_node_49,40,0.1423076923076923,0.0018858377190939153,0.4532667876588022,2.206206206206206,0.03544907530376189,24.0,16.0,1.5,0.4000000000000001,0.2077922077922078,0.01733477789815818,0.25,0.25053368912608404,0.31168831168831174
graph_047_mu_0_3_node_50,222,0.06782897467828974,0.04062427494354377,0.558412520961431,1.7907907907907907,0.22337352448991088,152.0,70.0,2.1714285714285717,0.31531531531531526,0.4000000000000001,0.08484848484848487,0.1871657754010695,0.18951650412697457,0.8628571428571429
graph_047_mu_0_3_node_51,14,0.04395604395604396,0.00031694045750874837,0.3682270549207519,2.715715715715716,0.006095882511624104,5.0,9.0,0.5555555555555556,0.6428571428571429,0.6923076923076923,0.009118541033434652,0.4736842105263158,0.4739841005666341,0.38461538461538475
graph_047_mu_0_3_node_52,53,0.12941176470588237,0.0026190740716535875,0.44858554108666365,2.229229229229229,0.03797587283580731,36.0,17.0,2.1176470588235294,0.3207547169811321,0.1588785046728972,0.019036954087346018,0.19101123595505612,0.19157871600980134,0.32710280373831774
graph_047_mu_0_3_node_53,27,0.05698005698005698,0.0011361591378306227,0.4171189979123173,2.3973973973973974,0.01695973039417275,9.0,18.0,0.5,0.6666666666666665,0.38297872340425526,0.01888772298006296,0.5,0.5005997600959616,0.19148936170212763
graph_047_mu_0_3_node_54,17,0.09558823529411764,0.00046996469817409364,0.3984842441164739,2.5095095095095097,0.011116101831017066,9.0,8.0,1.125,0.4705882352941177,0.17021276595744675,0.00839454354669465,0.3076923076923076,0.3079589565823816,0.19148936170212763
graph_047_mu_0_3_node_55,29,0.09359605911330049,0.0007615214764610972,0.4102669404517454,2.4374374374374375,0.022607214932566243,18.0,11.0,1.6363636363636365,0.3793103448275863,0.10280373831775697,0.012318029115341547,0.23404255319148948,0.23440937881592658,0.1682242990654205
graph_047_mu_0_3_node_56,25,0.11666666666666667,0.0009204368892657463,0.41469489414694893,2.4114114114114114,0.017918191449950622,14.0,11.0,1.272727272727273,0.4400000000000001,0.1145833333333333,0.012168141592920354,0.282051282051282,0.2824180098392467,0.13541666666666669
graph_047_mu_0_3_node_57,28,0.15079365079365079,0.0007271136358361635,0.4104354971240756,2.4364364364364364,0.01957631460585658,20.0,8.0,2.5,0.2857142857142856,0.08333333333333331,0.008849557522123894,0.16666666666666663,0.16693351122970865,0.20833333333333337
graph_047_mu_0_3_node_58,53,0.12191582002902758,0.0030631485846054863,0.45491803278688525,2.1981981981981984,0.03935653761131614,35.0,18.0,1.944444444444444,0.33962264150943405,0.1875,0.019911504424778754,0.20454545454545456,0.20514625561354538,0.36458333333333326
graph_047_mu_0_3_node_59,23,0.1,0.0008472568083379204,0.42402376910016976,2.3583583583583585,0.018635326049096176,9.0,14.0,0.6428571428571429,0.608695652173913,1.0769230769230769,0.014184397163120564,0.4375,0.4379665422553984,0.6153846153846152
graph_047_mu_0_3_node_60,28,0.10582010582010581,0.000957724692320934,0.43529411764705883,2.2972972972972974,0.025834371581642764,13.0,15.0,0.8666666666666669,0.5357142857142857,0.14018691588785043,0.016797312430011195,0.36585365853658547,0.36635364187047426,0.12149532710280368
graph_047_mu_0_3_node_61,55,0.0936026936026936,0.002980463823507321,0.44301552106430153,2.2572572572572573,0.035962981354889165,34.0,21.0,1.6190476190476195,0.38181818181818183,0.19626168224299068,0.02351623740201568,0.23595505617977522,0.23665587380033248,0.3177570093457944
graph_047_mu_0_3_node_62,20,0.08421052631578947,0.0005662325687754859,0.38992974238875877,2.5645645645645647,0.010262493854365926,10.0,10.0,1.0,0.5,0.2127659574468086,0.010493179433368307,0.33333333333333326,0.333666644445926,0.2127659574468086
graph_047_mu_0_3_node_63,49,0.09523809523809523,0.0025936921056143886,0.4489887640449438,2.2272272272272273,0.038345087250577316,32.0,17.0,1.8823529411764708,0.34693877551020413,0.11564625850340132,0.01992966002344666,0.20987654320987656,0.21044387175985155,0.21768707482993188
graph_047_mu_0_3_node_64,20,0.15789473684210525,0.00038058122804194287,0.38796116504854367,2.5775775775775776,0.014221004716735899,12.0,8.0,1.5,0.4000000000000001,0.1038961038961039,0.00866738894907909,0.25,0.2502667022269636,0.15584415584415587
graph_047_mu_0_3_node_65,25,0.1,0.0007937329839889783,0.4099302421009438,2.4394394394394396,0.019282459921275384,13.0,12.0,1.0833333333333335,0.4800000000000002,0.2553191489361702,0.012591815320041971,0.31578947368421056,0.31618950035265503,0.27659574468085113
graph_047_mu_0_3_node_66,29,0.13054187192118227,0.0010593866510884842,0.4293081220455522,2.329329329329329,0.023977795609061537,15.0,14.0,1.0714285714285714,0.482758620689655,0.14583333333333334,0.01548672566371681,0.31818181818181823,0.31864854707900453,0.15625
graph_047_mu_0_3_node_67,38,0.12091038406827881,0.0014444057913281174,0.42258883248730966,2.3663663663663663,0.026188384248252965,23.0,15.0,1.5333333333333337,0.3947368421052631,0.15625,0.016592920353982302,0.24590163934426232,0.24640195621161165,0.2395833333333334
graph_047_mu_0_3_node_68,32,0.10483870967741936,0.0011730321051439132,0.43453675511091777,2.3013013013013013,0.02634429028106297,14.0,18.0,0.777777777777778,0.5625,0.1875,0.019911504424778754,0.3913043478260869,0.3919043078287535,0.14583333333333334
graph_047_mu_0_3_node_69,24,0.17028985507246377,0.0006196054579741264,0.3981666002391391,2.5115115115115114,0.014890636619713602,14.0,10.0,1.3999999999999997,0.41666666666666674,0.2173913043478261,0.010482180293501045,0.2631578947368421,0.2634912947501781,0.3043478260869565
graph_047_mu_0_3_node_70,27,0.14814814814814814,0.0008188022651004766,0.43796580447172295,2.2832832832832834,0.03087202128926355,14.0,13.0,1.0769230769230769,0.4814814814814816,0.08843537414965989,0.015240328253223913,0.3170731707317073,0.3175065474027078,0.09523809523809527
graph_047_mu_0_3_node_71,18,0.2679738562091503,0.00023658844844773975,0.3855654187572366,2.5935935935935936,0.013488525129067957,14.0,4.0,3.5,0.2222222222222223,0.04166666666666666,0.004424778761061947,0.125,0.1251333866880085,0.14583333333333334
graph_047_mu_0_3_node_72,41,0.11463414634146342,0.001534183770194091,0.43491510666086197,2.299299299299299,0.03546348212084622,29.0,12.0,2.4166666666666665,0.2926829268292682,0.08163265306122448,0.014067995310668234,0.17142857142857137,0.17182902527626545,0.19727891156462585
graph_047_mu_0_3_node_73,24,0.09782608695652174,0.0005725387645452908,0.4013660104459622,2.4914914914914914,0.016205984056007754,15.0,9.0,1.666666666666667,0.375,0.11688311688311685,0.009750812567713976,0.2307692307692308,0.23106932079623896,0.1948051948051948
graph_047_mu_0_3_node_74,25,0.11666666666666667,0.0006942087438811604,0.41332230037236245,2.4194194194194196,0.021495544720867038,12.0,13.0,0.9230769230769232,0.5199999999999998,0.13541666666666669,0.014380530973451324,0.3513513513513515,0.35178467024072185,0.125
graph_047_mu_0_3_node_75,56,0.10454545454545454,0.003336221613317561,0.45491803278688525,2.1981981981981984,0.03927814906683782,35.0,21.0,1.666666666666667,0.375,0.2727272727272726,0.022751895991332607,0.2307692307692308,0.23147009516865677,0.45454545454545436
graph_047_mu_0_3_node_76,21,0.08095238095238096,0.0006159958786713971,0.40396279822078446,2.4754754754754753,0.014498960902469217,10.0,11.0,0.9090909090909087,0.5238095238095238,0.1428571428571428,0.011917659804983743,0.3548387096774193,0.3552053396810857,0.12987012987012989
graph_047_mu_0_3_node_77,23,0.28095238095238095,0.00048213343061294687,0.38735944164404806,2.5815815815815815,0.011862233873440448,17.0,6.0,2.8333333333333335,0.26086956521739124,0.17142857142857137,0.006217616580310879,0.14999999999999994,0.15020010672358589,0.45714285714285724
graph_047_mu_0_3_node_78,34,0.11229946524064172,0.0014964192752166614,0.4251063829787234,2.3523523523523524,0.021335203752937876,16.0,18.0,0.8888888888888892,0.5294117647058824,0.5142857142857142,0.01865284974093264,0.36,0.36060004000266677,0.45714285714285724
graph_047_mu_0_3_node_79,20,0.18421052631578946,0.000433432021465663,0.4016887816646562,2.4894894894894897,0.016290494398447184,11.0,9.0,1.2222222222222217,0.4500000000000001,0.11688311688311685,0.009750812567713976,0.29032258064516125,0.2906225906454947,0.1428571428571428
graph_047_mu_0_3_node_80,24,0.15579710144927536,0.000666980366659815,0.3925343811394892,2.5475475475475475,0.012593187598052242,15.0,9.0,1.666666666666667,0.375,0.19565217391304346,0.009433962264150943,0.2307692307692308,0.23106932079623896,0.3260869565217392
graph_047_mu_0_3_node_81,34,0.1875,0.001163515133432955,0.4065934065934066,2.4594594594594597,0.018959468247605034,21.0,13.0,1.6153846153846159,0.3823529411764707,0.37142857142857155,0.013471502590673581,0.2363636363636364,0.23679721539175227,0.5714285714285712
graph_047_mu_0_3_node_82,34,0.12299465240641712,0.0012916187214894361,0.43434782608695655,2.3023023023023024,0.031180874284337443,22.0,12.0,1.8333333333333328,0.3529411764705881,0.08163265306122448,0.014067995310668234,0.21428571428571427,0.21468598113027726,0.14965986394557826
graph_047_mu_0_3_node_83,28,0.10052910052910052,0.0008947903923731812,0.41729323308270677,2.3963963963963963,0.021748846656741462,16.0,12.0,1.333333333333333,0.42857142857142855,0.125,0.013274336283185835,0.2727272727272726,0.2731273794223914,0.16666666666666663
graph_047_mu_0_3_node_84,30,0.059770114942528735,0.0012027901067125828,0.43873517786561267,2.279279279279279,0.023540704086188503,13.0,17.0,0.7647058823529413,0.5666666666666665,0.09090909090909091,0.020910209102091015,0.3953488372093022,0.3959154472149685,0.05882352941176471
graph_047_mu_0_3_node_85,30,0.09885057471264368,0.0009128449236332778,0.41400745959386653,2.4154154154154153,0.021827875009862725,18.0,12.0,1.5,0.4000000000000001,0.11214953271028037,0.013437849944008958,0.25,0.2504001600640256,0.1682242990654205
graph_047_mu_0_3_node_86,27,0.13105413105413105,0.0010033959066364547,0.43491510666086197,2.299299299299299,0.027091174966347092,14.0,13.0,1.0769230769230769,0.4814814814814816,0.13541666666666669,0.014380530973451324,0.3170731707317073,0.3175065474027078,0.14583333333333334
graph_047_mu_0_3_node_87,36,0.08571428571428572,0.001540786781619852,0.44818304172274565,2.2312312312312312,0.030017062112143014,21.0,15.0,1.3999999999999997,0.41666666666666674,0.08021390374331552,0.01845018450184502,0.2631578947368421,0.2636581448619046,0.11229946524064173
graph_047_mu_0_3_node_88,34,0.1408199643493761,0.0012389416293550313,0.43529411764705883,2.2972972972972974,0.03170879499728913,22.0,12.0,1.8333333333333328,0.3529411764705881,0.08163265306122448,0.014067995310668234,0.21428571428571427,0.21468598113027726,0.14965986394557826
graph_047_mu_0_3_node_89,50,0.08979591836734693,0.0031214084985692362,0.4595216191352346,2.176176176176176,0.034706402754515385,28.0,22.0,1.272727272727273,0.4400000000000001,0.2857142857142856,0.023835319609967487,0.282051282051282,0.28278515355705297,0.36363636363636365
graph_047_mu_0_3_node_90,32,0.1310483870967742,0.0011768294370130624,0.43548387096774194,2.2962962962962963,0.040594696293140935,21.0,11.0,1.9090909090909096,0.34375,0.06285714285714285,0.013333333333333334,0.20754716981132082,0.20791406884737684,0.12000000000000005
graph_047_mu_0_3_node_91,20,0.06315789473684211,0.0005636379704811316,0.40808823529411764,2.4504504504504503,0.015938798668229406,9.0,11.0,0.8181818181818182,0.5499999999999999,0.05882352941176471,0.013530135301353018,0.3793103448275863,0.3796769503933251,0.03208556149732622
graph_047_mu_0_3_node_92,24,0.07246376811594203,0.0011498184420937582,0.4164235097957482,2.4014014014014013,0.016326828483142156,7.0,17.0,0.41176470588235303,0.7083333333333334,0.3617021276595746,0.01783840503672613,0.5483870967741937,0.5489534802491229,0.148936170212766
graph_047_mu_0_3_node_93,49,0.13690476190476192,0.0023157705320893365,0.4576271186440678,2.185185185185185,0.060803861852859846,33.0,16.0,2.0625,0.32653061224489793,0.09142857142857143,0.019393939393939397,0.19512195121951223,0.19565596096519006,0.18857142857142858
graph_047_mu_0_3_node_94,25,0.17,0.0006737785772352704,0.4121287128712871,2.4264264264264264,0.02137560630033615,16.0,9.0,1.7777777777777783,0.36,0.09375,0.009955752212389377,0.21951219512195133,0.21981230516229944,0.16666666666666663
graph_047_mu_0_3_node_95,37,0.10756302521008404,0.0015669399631618368,0.42258883248730966,2.3663663663663663,0.02430726458037406,23.0,14.0,1.6428571428571423,0.3783783783783784,0.1308411214953271,0.01567749160134379,0.23333333333333336,0.23380031131865697,0.20560747663551393
graph_047_mu_0_3_node_96,25,0.15333333333333332,0.0007572018924436425,0.40445344129554656,2.4724724724724725,0.014977452516176864,14.0,11.0,1.272727272727273,0.4400000000000001,0.3142857142857142,0.011398963730569948,0.282051282051282,0.2824180098392467,0.4000000000000001
graph_047_mu_0_3_node_97,24,0.11594202898550725,0.0007425402953879843,0.4377738825591586,2.284284284284284,0.026855945952622057,12.0,12.0,1.0,0.5,0.125,0.013274336283185835,0.33333333333333326,0.33373333333333327,0.125
graph_047_mu_0_3_node_98,108,0.06954177897574124,0.01319199795468231,0.5065922920892495,1.973973973973974,0.06772777426554766,66.0,42.0,1.5714285714285718,0.388888888888889,0.4375,0.046460176991150445,0.2413793103448275,0.2427829598334981,0.6770833333333334
graph_047_mu_0_3_node_99,22,0.1038961038961039,0.0005670744588229875,0.42169691853102576,2.3713713713713713,0.023063242311365813,8.0,14.0,0.5714285714285712,0.6363636363636365,0.18181818181818182,0.015167930660888403,0.46666666666666673,0.4671331778296121,0.1038961038961039
graph_047_mu_0_3_node_100,23,0.1383399209486166,0.0005419798446876534,0.42802056555269924,2.3363363363363363,0.0244672210993416,9.0,14.0,0.6428571428571429,0.608695652173913,0.18181818181818182,0.015167930660888403,0.4375,0.4379665422553984,0.11688311688311685
graph_047_mu_0_3_node_101,37,0.12162162162162163,0.0015668889706380812,0.4465802413947251,2.239239239239239,0.03244957050678374,23.0,14.0,1.6428571428571423,0.3783783783783784,0.1308411214953271,0.01567749160134379,0.23333333333333336,0.23380031131865697,0.2149532710280373
graph_047_mu_0_3_node_102,39,0.08906882591093117,0.001806974909376399,0.4402820625826355,2.2712712712712713,0.0301391589575799,20.0,19.0,1.0526315789473684,0.48717948717948717,0.17757009345794386,0.021276595744680844,0.3220338983050847,0.3226674216954351,0.1869158878504673
graph_047_mu_0_3_node_103,17,0.08823529411764706,0.0004705439599016128,0.3920722135007849,2.5505505505505504,0.009947373411883766,5.0,12.0,0.41666666666666674,0.7058823529411762,0.2553191489361702,0.012591815320041971,0.5454545454545452,0.5458543588749494,0.1063829787234043
graph_047_mu_0_3_node_104,41,0.15,0.001459601021529918,0.44223107569721115,2.2612612612612613,0.05361056111960553,29.0,12.0,2.4166666666666665,0.2926829268292682,0.06857142857142859,0.01454545454545455,0.17142857142857137,0.17182902527626545,0.16571428571428568
graph_047_mu_0_3_node_105,26,0.12615384615384614,0.0007053946453213503,0.4141791044776119,2.4144144144144146,0.02310767301226828,15.0,11.0,1.3636363636363635,0.4230769230769231,0.10280373831775697,0.012318029115341547,0.26829268292682934,0.2686594351690191,0.14018691588785043
graph_047_mu_0_3_node_106,22,0.09090909090909091,0.0006258910125558237,0.43719912472647704,2.2872872872872874,0.022183018296465483,10.0,12.0,0.8333333333333335,0.5454545454545452,0.06417112299465244,0.014760147601476013,0.375,0.3753999466737768,0.053475935828877004
graph_047_mu_0_3_node_107,17,0.08088235294117647,0.0004086028663893811,0.4036363636363636,2.4774774774774775,0.014637296766669281,5.0,12.0,0.41666666666666674,0.7058823529411762,0.15584415584415587,0.013001083423618635,0.5454545454545452,0.5458543588749494,0.06493506493506494
graph_047_mu_0_3_node_108,36,0.1365079365079365,0.0012031280678041674,0.44125441696113077,2.2662662662662663,0.047637371808838265,23.0,13.0,1.76923076923077,0.361111111111111,0.07428571428571427,0.015757575757575755,0.22033898305084743,0.22077261992999628,0.13142857142857145
graph_047_mu_0_3_node_109,25,0.09,0.0007394586283616997,0.41060419235511714,2.4354354354354353,0.020320299936543267,11.0,14.0,0.7857142857142859,0.5600000000000003,0.14583333333333334,0.01548672566371681,0.388888888888889,0.3893554933416286,0.1145833333333333
graph_047_mu_0_3_node_110,34,0.14795008912655971,0.001111467782381695,0.43567378979502835,2.295295295295295,0.04390644895477486,23.0,11.0,2.09090909090909,0.3235294117647059,0.06285714285714285,0.013333333333333334,0.1929824561403509,0.19334940413381257,0.13142857142857145
graph_047_mu_0_3_node_111,37,0.14285714285714285,0.001534854941723354,0.4059325477448192,2.4634634634634636,0.01749204125229419,22.0,15.0,1.4666666666666663,0.4054054054054053,0.42857142857142855,0.0155440414507772,0.2542372881355933,0.25473757162957306,0.5999999999999998
graph_047_mu_0_3_node_112,21,0.08095238095238096,0.0006620444186640494,0.3929976396538159,2.5445445445445447,0.013479059690155828,7.0,14.0,0.5,0.6666666666666665,0.3043478260869565,0.014675052410901472,0.5,0.500466480074637,0.15217391304347824
graph_047_mu_0_3_node_113,46,0.10531400966183575,0.002086090449648976,0.43567378979502835,2.295295295295295,0.03164099225764181,30.0,16.0,1.875,0.3478260869565216,0.1495327102803738,0.01791713325867861,0.21052631578947364,0.2110602186191586,0.28037383177570085
graph_047_mu_0_3_node_114,29,0.1477832512315271,0.0009994843645428546,0.42893945899527697,2.3313313313313313,0.022706893491240415,17.0,12.0,1.4166666666666667,0.41379310344827586,0.125,0.013274336283185835,0.26086956521739124,0.26126969859518384,0.17708333333333334
graph_047_mu_0_3_node_115,21,0.03333333333333333,0.0006659646834696643,0.3875096974398759,2.5805805805805804,0.010820547020282645,5.0,16.0,0.3125,0.7619047619047622,0.3809523809523811,0.016701461377870565,0.6153846153846152,0.6159176289098338,0.11904761904761905
graph_047_mu_0_3_node_116,24,0.10869565217391304,0.0008352969241460553,0.404126213592233,2.4744744744744747,0.015359606571518853,11.0,13.0,0.8461538461538461,0.5416666666666667,0.2826086956521739,0.013626834381551357,0.37142857142857155,0.37186186143290445,0.23913043478260876
graph_047_mu_0_3_node_117,29,0.16748768472906403,0.0007730448945423006,0.43265482893027285,2.3113113113113113,0.0395854148542779,20.0,9.0,2.2222222222222223,0.31034482758620696,0.0514285714285714,0.010909090909090913,0.1836734693877551,0.1839736595081648,0.11428571428571431
graph_047_mu_0_3_node_118,34,0.15524193548387097,0.0013723699442419527,0.41799163179916315,2.3923923923923924,0.019952204407235594,20.0,14.0,1.4285714285714282,0.41176470588235303,0.4000000000000001,0.014507772020725394,0.2592592592592592,0.2597261438053807,0.5428571428571429
graph_047_mu_0_3_node_119,19,0.017543859649122806,0.0004532963032741193,0.40875613747954176,2.4464464464464464,0.014962923197910335,8.0,11.0,0.7272727272727273,0.5789473684210529,0.05882352941176471,0.013530135301353018,0.4074074074074074,0.40777398853847663,0.026737967914438502
graph_047_mu_0_3_node_120,25,0.05333333333333334,0.0007696730128570964,0.41555740432612315,2.4064064064064064,0.017231876137140358,10.0,15.0,0.6666666666666665,0.5999999999999998,0.08021390374331552,0.01845018450184502,0.42857142857142855,0.4290713119319776,0.04812834224598929
graph_047_mu_0_3_node_121,17,0.04411764705882353,0.0004046650496403318,0.39454976303317535,2.5345345345345347,0.01293828188232946,4.0,13.0,0.3076923076923076,0.7647058823529413,0.3095238095238094,0.013569937369519834,0.6190476190476188,0.6194807069644662,0.0714285714285714
graph_047_mu_0_3_node_122,58,0.10223835450695705,0.0035448906434772795,0.44419742107603377,2.2512512512512513,0.034502665280218864,39.0,19.0,2.052631578947369,0.32758620689655166,0.19791666666666663,0.02101769911504425,0.19587628865979387,0.19651061577227,0.40625
graph_047_mu_0_3_node_123,48,0.07535460992907801,0.0027074964727707416,0.4631432545201669,2.159159159159159,0.03849817783092032,30.0,18.0,1.666666666666667,0.375,0.09625668449197858,0.022140221402214017,0.2307692307692308,0.23136983136983144,0.16042780748663105
graph_047_mu_0_3_node_124,32,0.11895161290322581,0.0010586716702245791,0.4109419991772933,2.4334334334334335,0.021885089331614503,21.0,11.0,1.9090909090909096,0.34375,0.10280373831775697,0.012318029115341547,0.20754716981132082,0.20791406884737684,0.19626168224299068
graph_047_mu_0_3_node_125,31,0.05806451612903226,0.0013671123358971022,0.41659716430358634,2.4004004004004003,0.017590243084256066,14.0,17.0,0.8235294117647061,0.5483870967741937,0.4047619047619049,0.017745302713987474,0.3777777777777778,0.3783444255561852,0.33333333333333326
graph_047_mu_0_3_node_126,18,0.1111111111111111,0.00043983255097881127,0.4178168130489335,2.3933933933933935,0.01993494396015613,7.0,11.0,0.6363636363636365,0.6111111111111108,0.1145833333333333,0.012168141592920354,0.4400000000000001,0.44036655669965685,0.0625
graph_047_mu_0_3_node_127,52,0.09577677224736049,0.003125997115624559,0.4646511627906977,2.1521521521521523,0.04493260500552137,27.0,25.0,1.08,0.4807692307692308,0.23364485981308417,0.02799552071668532,0.3164556962025316,0.31728950202583156,0.2523364485981308
graph_047_mu_0_3_node_128,42,0.12195121951219512,0.0018091509908700818,0.4483842010771993,2.23023023023023,0.03727019053638315,26.0,16.0,1.625,0.3809523809523811,0.10884353741496594,0.018757327080890975,0.23529411764705885,0.23582787798866536,0.17687074829931979
graph_047_mu_0_3_node_129,19,0.07602339181286549,0.0004794314587681489,0.38992974238875877,2.5645645645645647,0.012685061322347145,9.0,10.0,0.9000000000000002,0.5263157894736842,0.10416666666666669,0.011061946902654865,0.35714285714285704,0.35747614603767114,0.08333333333333331
graph_047_mu_0_3_node_130,20,0.07368421052631578,0.0005075115671634516,0.3943939992104224,2.5355355355355353,0.013026493119331526,12.0,8.0,1.5,0.4000000000000001,0.08333333333333331,0.008849557522123894,0.25,0.2502667022269636,0.10416666666666669
graph_047_mu_0_3_node_131,16,0.1,0.00040311738605051895,0.41659716430358634,2.4004004004004003,0.01604854036717985,4.0,12.0,0.33333333333333326,0.75,0.2857142857142856,0.012526096033402925,0.5999999999999998,0.6003997867803839,0.09523809523809527
graph_047_mu_0_3_node_132,24,0.08695652173913043,0.0009442501523914569,0.42402376910016976,2.3583583583583585,0.018494270558251244,10.0,14.0,0.7142857142857141,0.5833333333333334,0.14583333333333334,0.01548672566371681,0.41176470588235303,0.4122312792343494,0.10416666666666669
graph_047_mu_0_3_node_133,26,0.1076923076923077,0.0007459969900035063,0.40314769975786924,2.4804804804804803,0.01703406001694891,17.0,9.0,1.8888888888888888,0.34615384615384615,0.08411214953271025,0.01007838745800672,0.2093023255813953,0.20960245563775315,0.1588785046728972
graph_047_mu_0_3_node_134,24,0.10822510822510822,0.0006375180622040696,0.4018503620273532,2.4884884884884886,0.014415411380120995,13.0,11.0,1.1818181818181819,0.4583333333333332,0.23913043478260876,0.011530398322851156,0.29729729729729737,0.2976640006342976,0.26086956521739124
graph_047_mu_0_3_node_135,24,0.14130434782608695,0.00067841482071541,0.3893219017926734,2.5685685685685686,0.01133990272642194,15.0,9.0,1.666666666666667,0.375,0.19565217391304346,0.009433962264150943,0.2307692307692308,0.23106932079623896,0.3260869565217392
graph_047_mu_0_3_node_136,27,0.10256410256410256,0.0009154055696618602,0.4141791044776119,2.4144144144144146,0.01732808532410067,13.0,14.0,0.9285714285714288,0.5185185185185184,0.3043478260869565,0.014675052410901472,0.3499999999999999,0.35046666666666665,0.2826086956521739
graph_047_mu_0_3_node_137,24,0.13768115942028986,0.0006534829541597671,0.3986432561851556,2.5085085085085086,0.01721220539237015,14.0,10.0,1.3999999999999997,0.41666666666666674,0.10416666666666669,0.011061946902654865,0.2631578947368421,0.2634912947501781,0.14583333333333334
graph_047_mu_0_3_node_138,30,0.10804597701149425,0.0010980439655325685,0.43434782608695655,2.3023023023023024,0.027056930069800672,11.0,19.0,0.5789473684210529,0.6333333333333331,0.24675324675324678,0.020585048754062838,0.46341463414634165,0.4640477775366578,0.1428571428571428
graph_047_mu_0_3_node_139,22,0.08658008658008658,0.0005806495156734485,0.4004008016032064,2.4974974974974975,0.015383793204376413,9.0,13.0,0.6923076923076923,0.5909090909090909,0.16883116883116883,0.014084507042253523,0.4193548387096773,0.41978807095548665,0.11688311688311685
graph_047_mu_0_3_node_140,50,0.1126530612244898,0.0025201088223250462,0.4530612244897959,2.2072072072072073,0.05737025322906502,33.0,17.0,1.941176470588235,0.3399999999999999,0.09714285714285717,0.02060606060606061,0.20481927710843364,0.20538664352701674,0.18857142857142858
graph_047_mu_0_3_node_141,29,0.11330049261083744,0.0011128086349598775,0.42223161453930685,2.3683683683683685,0.020100162055307864,13.0,16.0,0.8125,0.5517241379310346,0.2077922077922078,0.01733477789815818,0.3809523809523811,0.381485678732529,0.16883116883116883
graph_047_mu_0_3_node_142,53,0.1269956458635704,0.002508389400782058,0.471671388101983,2.12012012012012,0.06593500197833702,35.0,18.0,1.944444444444444,0.33962264150943405,0.1028571428571428,0.021818181818181827,0.20454545454545456,0.20514625561354538,0.20000000000000004
graph_047_mu_0_3_node_143,20,0.10526315789473684,0.000405947647238479,0.4020120724346076,2.4874874874874875,0.015384567087386605,14.0,6.0,2.3333333333333335,0.2999999999999999,0.03208556149732622,0.007380073800738006,0.17647058823529405,0.17667065492419048,0.06951871657754015
graph_047_mu_0_3_node_144,16,0.225,0.0002259028246307609,0.37151357381926364,2.6916916916916915,0.008416899090175747,11.0,5.0,2.1999999999999997,0.3125,0.1428571428571428,0.005181347150259068,0.18518518518518517,0.18535187963426,0.3142857142857142
graph_047_mu_0_3_node_145,20,0.06842105263157895,0.0005580126357248097,0.4057676685621446,2.4644644644644647,0.016506846991762907,6.0,14.0,0.42857142857142855,0.6999999999999998,0.33333333333333326,0.014613778705636741,0.5384615384615384,0.5389279874520093,0.11904761904761905
graph_047_mu_0_3_node_146,15,0.07692307692307693,0.0002757298980590154,0.37,2.7027027027027026,0.007323528237913595,6.0,9.0,0.6666666666666665,0.5999999999999998,0.6923076923076923,0.009118541033434652,0.42857142857142855,0.4288713385984204,0.38461538461538475
graph_047_mu_0_3_node_147,19,0.0935672514619883,0.00039840046268041214,0.40428976123027116,2.4734734734734736,0.014495528532807011,12.0,7.0,1.7142857142857142,0.36842105263157887,0.037433155080213894,0.008610086100861008,0.2258064516129031,0.22603982384160795,0.04812834224598929
graph_047_mu_0_3_node_148,31,0.1032258064516129,0.0014730563639592101,0.43434782608695655,2.3023023023023024,0.022183323156885298,13.0,18.0,0.722222222222222,0.5806451612903225,0.1875,0.019911504424778754,0.4090909090909091,0.4096908291015743,0.13541666666666669
graph_047_mu_0_3_node_149,36,0.12380952380952381,0.001275491081858341,0.43246753246753245,2.3123123123123124,0.0417621414174386,24.0,12.0,2.0,0.33333333333333326,0.06857142857142859,0.01454545454545455,0.20000000000000004,0.2004003202562049,0.13714285714285718
graph_047_mu_0_3_node_150,22,0.1736842105263158,0.00030927273634069705,0.4206315789473684,2.3773773773773774,0.031793786720265886,15.0,7.0,2.142857142857143,0.31818181818181823,0.04,0.008484848484848486,0.1891891891891892,0.18942260810946,0.08
graph_047_mu_0_3_node_151,47,0.0971322849213691,0.002246471595954064,0.451831750339213,2.2132132132132134,0.0375362722362568,29.0,18.0,1.6111111111111112,0.38297872340425526,0.1682242990654205,0.02015677491601344,0.2368421052631579,0.23744266578631287,0.27102803738317754
graph_047_mu_0_3_node_152,25,0.04666666666666667,0.0009929414118017925,0.4293081220455522,2.329329329329329,0.018208138909346003,12.0,13.0,0.9230769230769232,0.5199999999999998,0.06951871657754015,0.015990159901599018,0.3513513513513515,0.35178467024072185,0.053475935828877004
graph_047_mu_0_3_node_153,32,0.11693548387096774,0.0010915140157396251,0.4201009251471825,2.3803803803803802,0.022885413272920083,20.0,12.0,1.666666666666667,0.375,0.11214953271028037,0.013437849944008958,0.2307692307692308,0.2311694442164027,0.1869158878504673
graph_047_mu_0_3_node_154,19,0.20588235294117646,0.0003324830692014283,0.36849870896348214,2.7137137137137137,0.007276688412567572,11.0,8.0,1.375,0.4210526315789473,0.5333333333333332,0.008121827411167511,0.2666666666666666,0.2669333511122963,0.6666666666666665
graph_047_mu_0_3_node_155,30,0.09195402298850575,0.0009605417887227472,0.42893945899527697,2.3313313313313313,0.024550068433099304,17.0,13.0,1.3076923076923077,0.43333333333333346,0.06951871657754015,0.015990159901599018,0.27659574468085113,0.27702920805319614,0.09090909090909091
graph_047_mu_0_3_node_156,46,0.026427061310782242,0.002788796542224911,0.43434782608695655,2.3023023023023024,0.023887671084788883,30.0,16.0,1.875,0.3478260869565216,0.08556149732620318,0.019680196801968024,0.21052631578947364,0.2110602186191586,0.1550802139037433
graph_047_mu_0_3_node_157,24,0.11231884057971014,0.0007639916482064455,0.40808823529411764,2.4504504504504503,0.019386870724739862,10.0,14.0,0.7142857142857141,0.5833333333333334,0.4000000000000001,0.014507772020725394,0.41176470588235303,0.4122312792343494,0.2857142857142856
graph_047_mu_0_3_node_158,118,0.0848575712143928,0.013775443406078863,0.5010030090270813,1.995995995995996,0.07069408366749319,77.0,41.0,1.8780487804878052,0.34745762711864414,0.42708333333333326,0.04535398230088495,0.2102564102564103,0.21162769357692257,0.7916666666666665
graph_047_mu_0_3_node_159,22,0.09090909090909091,0.0007850579636961453,0.4278372591006424,2.3373373373373374,0.01851279440759864,9.0,13.0,0.6923076923076923,0.5909090909090909,0.27659574468085113,0.013641133263378801,0.4193548387096773,0.41978807095548665,0.19148936170212763
graph_047_mu_0_3_node_160,41,0.09146341463414634,0.0019025128931481358,0.43228039809606233,2.3133133133133135,0.026640482282991554,23.0,18.0,1.2777777777777783,0.43902439024390266,0.1682242990654205,0.02015677491601344,0.28125,0.28185032017075773,0.2149532710280373
graph_047_mu_0_3_node_161,17,0.058823529411764705,0.0004164888910714038,0.37898330804248864,2.6386386386386387,0.008407354513950856,8.0,9.0,0.8888888888888892,0.5294117647058824,0.19565217391304346,0.009433962264150943,0.36,0.3602999500083319,0.15217391304347824
graph_047_mu_0_3_node_162,47,0.09805735430157261,0.002535653587347881,0.4528558476881233,2.2082082082082084,0.04071672837123216,25.0,22.0,1.1363636363636365,0.46808510638297895,0.14965986394557826,0.02579132473622509,0.3055555555555554,0.3062892802087039,0.17006802721088438
graph_047_mu_0_3_node_163,43,0.14839424141749724,0.00173797908670282,0.44223107569721115,2.2612612612612613,0.03459805109001306,27.0,16.0,1.6875,0.37209302325581384,0.1495327102803738,0.01791713325867861,0.22857142857142862,0.22910522452792426,0.2523364485981308
graph_047_mu_0_3_node_164,18,0.1437908496732026,0.0004519268123135402,0.4034733441033926,2.4784784784784786,0.014511464639503929,10.0,8.0,1.25,0.4444444444444446,0.08333333333333331,0.008849557522123894,0.2857142857142856,0.28598095238095234,0.10416666666666669
graph_047_mu_0_3_node_165,45,0.06060606060606061,0.0028031610224825347,0.45867768595041325,2.18018018018018,0.03279309493592642,23.0,22.0,1.045454545454545,0.4888888888888889,0.11764705882352942,0.027060270602706035,0.3235294117647059,0.32426303854875277,0.12299465240641715
graph_047_mu_0_3_node_166,34,0.1443850267379679,0.0010289764863624356,0.4334056399132321,2.3073073073073074,0.04406288770382204,21.0,13.0,1.6153846153846159,0.3823529411764707,0.07428571428571427,0.015757575757575755,0.2363636363636364,0.23679721539175227,0.12000000000000005
graph_047_mu_0_3_node_167,21,0.14285714285714285,0.000583264482350343,0.42912371134020616,2.33033033033033,0.02582273397322492,8.0,13.0,0.6153846153846152,0.6190476190476188,0.13541666666666669,0.014380530973451324,0.44827586206896536,0.44870906544128714,0.08333333333333331
graph_047_mu_0_3_node_168,27,0.12535612535612536,0.0009403782295349263,0.4026602176541717,2.4834834834834836,0.017559423366550697,15.0,12.0,1.25,0.4444444444444446,0.125,0.013274336283185835,0.2857142857142856,0.28611436573028903,0.15625
graph_047_mu_0_3_node_169,30,0.17471264367816092,0.0007286935275943846,0.4317199654278306,2.3163163163163163,0.042483335054996664,21.0,9.0,2.3333333333333335,0.2999999999999999,0.0514285714285714,0.010909090909090913,0.17647058823529405,0.1767707983823971,0.12000000000000005
graph_047_mu_0_3_node_170,20,0.05789473684210526,0.0006846790496847341,0.41799163179916315,2.3923923923923924,0.017526982964983576,2.0,18.0,0.11111111111111115,0.9000000000000002,0.42857142857142855,0.018789144050104383,0.8181818181818182,0.8187812986320947,0.04761904761904764
graph_047_mu_0_3_node_171,41,0.08780487804878048,0.0018877985577054083,0.4506089309878214,2.219219219219219,0.03793008656280689,24.0,17.0,1.4117647058823524,0.41463414634146356,0.11564625850340132,0.01992966002344666,0.26153846153846155,0.26210548732145744,0.15646258503401358
graph_047_mu_0_3_node_172,24,0.057971014492753624,0.0008130621468763066,0.4227676682183665,2.3653653653653652,0.017837741123478006,12.0,12.0,1.0,0.5,0.06417112299465244,0.014760147601476013,0.33333333333333326,0.33373333333333327,0.04812834224598929
graph_047_mu_0_3_node_173,23,0.11428571428571428,0.0006956821557892443,0.42402376910016976,2.3583583583583585,0.018677695208093766,10.0,13.0,0.7692307692307695,0.5652173913043478,1.0,0.013171225937183386,0.39393939393939387,0.39437265506254,0.6923076923076923
graph_047_mu_0_3_node_174,19,0.12280701754385964,0.0004620333960682377,0.4085889570552147,2.4474474474474475,0.016054317269681373,12.0,7.0,1.7142857142857142,0.36842105263157887,0.037433155080213894,0.008610086100861008,0.2258064516129031,0.22603982384160795,0.06417112299465244
graph_047_mu_0_3_node_175,27,0.1452991452991453,0.0007456262711978292,0.44203539823008847,2.2622622622622623,0.030924687653594053,17.0,10.0,1.6999999999999995,0.37037037037037035,0.06802721088435373,0.011723329425556862,0.22727272727272718,0.2276061939927487,0.10884353741496594
graph_047_mu_0_3_node_176,28,0.09538461538461539,0.0008302689356654775,0.413151364764268,2.4204204204204203,0.018769342218510177,14.0,14.0,1.0,0.5,0.297872340425532,0.014690451206715636,0.33333333333333326,0.3338000311131853,0.27659574468085113
graph_047_mu_0_3_node_177,53,0.11465892597968069,0.0025451246700509376,0.46143187066974595,2.1671671671671673,0.062082044184638585,35.0,18.0,1.944444444444444,0.33962264150943405,0.1028571428571428,0.021818181818181827,0.20454545454545456,0.20514625561354538,0.20000000000000004
graph_047_mu_0_3_node_178,18,0.058823529411764705,0.00037584705093796577,0.411619283065513,2.4294294294294296,0.016447077326024847,5.0,13.0,0.38461538461538475,0.722222222222222,0.06951871657754015,0.015990159901599018,0.5652173913043478,0.5656505080792937,0.021390374331550794
graph_047_mu_0_3_node_179,69,0.10699062233589088,0.004556880248286801,0.48028846153846155,2.0820820820820822,0.080562910318231,44.0,25.0,1.7600000000000005,0.3623188405797101,0.1428571428571428,0.03030303030303029,0.22123893805309747,0.22207369046553183,0.2514285714285714
graph_047_mu_0_3_node_180,17,0.014705882352941176,0.00040961984305192944,0.37726586102719034,2.650650650650651,0.008161236006302712,8.0,9.0,0.8888888888888892,0.5294117647058824,0.21428571428571427,0.009394572025052192,0.36,0.3602999500083319,0.09523809523809527
graph_047_mu_0_3_node_181,51,0.13647058823529412,0.0024825678691283277,0.4593103448275862,2.1771771771771773,0.062053752536079296,35.0,16.0,2.1875,0.3137254901960783,0.09142857142857143,0.019393939393939397,0.18604651162790692,0.1865805926747059,0.20000000000000004
graph_047_mu_0_3_node_182,64,0.09573412698412699,0.004292623608875679,0.46901408450704224,2.1321321321321323,0.05146688299778216,43.0,21.0,2.0476190476190474,0.328125,0.1428571428571428,0.024618991793669394,0.19626168224299068,0.19696292109830169,0.29251700680272114
graph_047_mu_0_3_node_183,18,0.0392156862745098,0.00036097507761082335,0.40379951495553756,2.4764764764764764,0.015144721376213631,8.0,10.0,0.8000000000000002,0.5555555555555556,0.053475935828877004,0.012300123001230012,0.38461538461538475,0.3849486512953819,0.026737967914438502
graph_047_mu_0_3_node_184,25,0.056666666666666664,0.000750151985068835,0.42420382165605097,2.3573573573573574,0.020836222621945337,12.0,13.0,0.9230769230769232,0.5199999999999998,0.08843537414965989,0.015240328253223913,0.3513513513513515,0.35178467024072185,0.08163265306122448
graph_047_mu_0_3_node_185,30,0.19310344827586207,0.0007830585477167233,0.4283876500857633,2.334334334334334,0.04331534771798583,22.0,8.0,2.75,0.2666666666666666,0.045714285714285714,0.009696969696969699,0.1538461538461538,0.15411303401695717,0.1257142857142857
graph_047_mu_0_3_node_186,22,0.09523809523809523,0.0006208388175535079,0.4034733441033926,2.4784784784784786,0.01780625905617424,13.0,9.0,1.444444444444444,0.4090909090909091,0.06122448979591836,0.01055099648300117,0.2571428571428571,0.2574429071511918,0.08843537414965989
graph_047_mu_0_3_node_187,25,0.14,0.0006295098158380392,0.4150394682176984,2.4094094094094096,0.02051184693129941,15.0,10.0,1.5,0.4000000000000001,0.10416666666666669,0.011061946902654865,0.25,0.2503334222459323,0.15625
graph_047_mu_0_3_node_188,23,0.16205533596837945,0.0006831834880188767,0.4188679245283019,2.3873873873873874,0.02262338478379007,14.0,9.0,1.555555555555556,0.3913043478260869,0.06122448979591836,0.01055099648300117,0.24324324324324328,0.24354331325958037,0.09523809523809527
graph_047_mu_0_3_node_189,20,0.1631578947368421,0.00044931308996041446,0.4104354971240756,2.4364364364364364,0.015921098861332732,13.0,7.0,1.8571428571428577,0.3499999999999999,0.037433155080213894,0.008610086100861008,0.21212121212121207,0.21235459991169664,0.06951871657754015
graph_047_mu_0_3_node_190,30,0.04367816091954023,0.0015033018715852715,0.4102669404517454,2.4374374374374375,0.016306161945059076,10.0,20.0,0.5,0.6666666666666665,0.4761904761904762,0.0208768267223382,0.5,0.500666400106624,0.2380952380952381
graph_047_mu_0_3_node_191,40,0.09102564102564102,0.0018104955647470088,0.4391208791208791,2.2772772772772774,0.031451267366909806,23.0,17.0,1.352941176470588,0.4249999999999999,0.11564625850340132,0.01992966002344666,0.2698412698412698,0.27040825780111366,0.15646258503401358
graph_047_mu_0_3_node_192,19,0.023391812865497075,0.0005704716546413782,0.39928057553956836,2.5045045045045047,0.012597187536211075,6.0,13.0,0.4615384615384616,0.6842105263157895,0.06951871657754015,0.015990159901599018,0.5199999999999998,0.5204331456368907,0.01604278074866311
graph_047_mu_0_3_node_193,22,0.12554112554112554,0.0005977978160813237,0.4141791044776119,2.4144144144144146,0.027936368171629186,13.0,9.0,1.444444444444444,0.4090909090909091,0.0514285714285714,0.010909090909090913,0.2571428571428571,0.2574429071511918,0.07428571428571427
graph_047_mu_0_3_node_194,35,0.10984848484848485,0.0014065049633619263,0.427105600684053,2.3413413413413413,0.023455869224065406,22.0,13.0,1.6923076923076923,0.37142857142857155,0.13541666666666669,0.014380530973451324,0.22807017543859642,0.22850378339029923,0.21875
graph_047_mu_0_3_node_195,51,0.12670068027210885,0.002541896699431192,0.46357308584686774,2.1571571571571573,0.0497939849346438,35.0,16.0,2.1875,0.3137254901960783,0.10884353741496594,0.018757327080890975,0.18604651162790692,0.1865805926747059,0.23129251700680264
graph_047_mu_0_3_node_196,24,0.14492753623188406,0.0006061687228928577,0.43023255813953487,2.324324324324324,0.025848059758068205,12.0,12.0,1.0,0.5,0.11214953271028037,0.013437849944008958,0.33333333333333326,0.33373333333333327,0.11214953271028037
graph_047_mu_0_3_node_197,29,0.1354679802955665,0.0008150809304859405,0.42912371134020616,2.33033033033033,0.02984854319439805,16.0,13.0,1.2307692307692304,0.44827586206896536,0.08843537414965989,0.015240328253223913,0.2888888888888888,0.2893223233569314,0.10884353741496594
graph_047_mu_0_3_node_198,44,0.09513742071881606,0.0018872158241879198,0.44498886414253896,2.2472472472472473,0.04791061845747498,26.0,18.0,1.444444444444444,0.4090909090909091,0.1028571428571428,0.021818181818181827,0.2571428571428571,0.2577432974657606,0.14857142857142855
graph_047_mu_0_3_node_199,25,0.08333333333333333,0.0008377586272737579,0.4167709637046308,2.3993993993993996,0.018295302380909668,14.0,11.0,1.272727272727273,0.4400000000000001,0.05882352941176471,0.013530135301353018,0.282051282051282,0.2824180098392467,0.07486631016042779
graph_047_mu_0_3_node_200,33,0.1935483870967742,0.0009656112174597773,0.43228039809606233,2.3133133133133135,0.045338004723792485,24.0,9.0,2.666666666666666,0.2727272727272726,0.0514285714285714,0.010909090909090913,0.15789473684210528,0.15819500708532416,0.13142857142857145
graph_047_mu_0_3_node_201,36,0.1111111111111111,0.0013288713078790557,0.4366258741258741,2.29029029029029,0.033412491137968264,20.0,16.0,1.25,0.4444444444444446,0.10884353741496594,0.018757327080890975,0.2857142857142856,0.2862478324663199,0.13605442176870747
graph_047_mu_0_3_node_202,27,0.13675213675213677,0.0008032461457703575,0.4243840271877655,2.3563563563563563,0.0349756159513336,17.0,10.0,1.6999999999999995,0.37037037037037035,0.057142857142857155,0.012121212121212118,0.22727272727272718,0.2276061939927487,0.09714285714285717
graph_047_mu_0_3_node_203,168,0.06980649872216137,0.02643163184162422,0.5368081676518001,1.862862862862863,0.12649136370993858,115.0,53.0,2.1698113207547176,0.3154761904761906,0.36054421768707484,0.06213364595545135,0.18727915194346292,0.18905558901401764,0.7755102040816323
graph_047_mu_0_3_node_204,23,0.13043478260869565,0.0007624135942034904,0.4293081220455522,2.329329329329329,0.02634894875145518,12.0,11.0,1.0909090909090904,0.4782608695652175,0.07482993197278913,0.012895662368112544,0.3142857142857142,0.3146523931750105,0.08163265306122448
graph_047_mu_0_3_node_205,29,0.11330049261083744,0.0009071416049447839,0.43228039809606233,2.3133133133133135,0.03504010113440896,17.0,12.0,1.4166666666666667,0.41379310344827586,0.06857142857142859,0.01454545454545455,0.26086956521739124,0.26126969859518384,0.09714285714285717
graph_047_mu_0_3_node_206,26,0.19692307692307692,0.0006643803662377491,0.42875536480686693,2.3323323323323324,0.03995121203884515,17.0,9.0,1.8888888888888888,0.34615384615384615,0.0514285714285714,0.010909090909090913,0.2093023255813953,0.20960245563775315,0.09714285714285717
graph_047_mu_0_3_node_207,56,0.09415584415584416,0.0034485994291271337,0.4666043904717422,2.1431431431431434,0.04825005247576082,33.0,23.0,1.4347826086956523,0.4107142857142856,0.15646258503401358,0.02696365767878078,0.2584269662921348,0.2591944260005002,0.22448979591836735
graph_047_mu_0_3_node_208,37,0.16470588235294117,0.0012802153876283388,0.41764214046822745,2.3943943943943946,0.021411731943629133,22.0,15.0,1.4666666666666663,0.4054054054054053,0.3260869565217392,0.015723270440251572,0.2542372881355933,0.25473757162957306,0.45652173913043465
graph_047_mu_0_3_node_209,40,0.08205128205128205,0.0016457798005544402,0.4375821287779238,2.285285285285285,0.03244997873137587,23.0,17.0,1.352941176470588,0.4249999999999999,0.11564625850340132,0.01992966002344666,0.2698412698412698,0.27040825780111366,0.15646258503401358
graph_047_mu_0_3_node_210,31,0.1032258064516129,0.0009295879029435118,0.42366412213740456,2.3603603603603602,0.024707324210630176,16.0,15.0,1.0666666666666664,0.4838709677419357,0.15625,0.016592920353982302,0.3191489361702127,0.3196490195174374,0.16666666666666663
graph_047_mu_0_3_node_211,18,0.0457516339869281,0.0003902462903814563,0.4052738336713996,2.4674674674674675,0.013546228061912554,7.0,11.0,0.6363636363636365,0.6111111111111108,0.05882352941176471,0.013530135301353018,0.4400000000000001,0.44036655669965685,0.03208556149732622
graph_047_mu_0_3_node_212,30,0.07816091954022988,0.000957783044180574,0.42857142857142855,2.3333333333333335,0.023146272789084286,18.0,12.0,1.5,0.4000000000000001,0.06417112299465244,0.014760147601476013,0.25,0.2504001600640256,0.09625668449197858
graph_047_mu_0_3_node_213,19,0.05263157894736842,0.0005769409064913226,0.4122988031366075,2.4254254254254253,0.01622496347731624,9.0,10.0,0.9000000000000002,0.5263157894736842,0.053475935828877004,0.012300123001230012,0.35714285714285704,0.35747614603767114,0.037433155080213894
graph_047_mu_0_3_node_214,25,0.08,0.0008490135893309962,0.43491510666086197,2.299299299299299,0.0224679944815427,14.0,11.0,1.272727272727273,0.4400000000000001,0.05882352941176471,0.013530135301353018,0.282051282051282,0.2824180098392467,0.07486631016042779
graph_047_mu_0_3_node_215,23,0.09881422924901186,0.0006539213282700008,0.4085889570552147,2.4474474474474475,0.01588357867830275,10.0,13.0,0.7692307692307695,0.5652173913043478,0.2826086956521739,0.013626834381551357,0.39393939393939387,0.39437265506254,0.2173913043478261
graph_047_mu_0_3_node_216,20,0.07368421052631578,0.0005461076235523971,0.4134933774834437,2.4184184184184185,0.016667303856519294,9.0,11.0,0.8181818181818182,0.5499999999999999,0.05882352941176471,0.013530135301353018,0.3793103448275863,0.3796769503933251,0.04812834224598929
graph_047_mu_0_3_node_217,40,0.08974358974358974,0.0016205249340849827,0.4428191489361702,2.2582582582582584,0.04334123709055372,24.0,16.0,1.5,0.4000000000000001,0.09142857142857143,0.019393939393939397,0.25,0.25053368912608404,0.13714285714285718
graph_047_mu_0_3_node_218,21,0.09523809523809523,0.0006314999194778682,0.41366459627329194,2.4174174174174174,0.015785835912398433,12.0,9.0,1.333333333333333,0.42857142857142855,0.04812834224598929,0.011070110701107009,0.2727272727272726,0.2730273027302728,0.053475935828877004
graph_047_mu_0_3_node_219,27,0.15384615384615385,0.0007351345531493034,0.4072564207093355,2.4554554554554553,0.018547325672810464,17.0,10.0,1.6999999999999995,0.37037037037037035,0.12987012987012989,0.010834236186348859,0.22727272727272718,0.2276061939927487,0.22077922077922085
graph_047_mu_0_3_node_220,21,0.10476190476190476,0.0006350671374503299,0.4167709637046308,2.3993993993993996,0.01714639431803582,11.0,10.0,1.0999999999999999,0.4761904761904762,0.053475935828877004,0.012300123001230012,0.3125,0.31283333333333335,0.04812834224598929
graph_047_mu_0_3_node_221,25,0.08,0.0008095486051896215,0.41332230037236245,2.4194194194194196,0.017448493461068925,13.0,12.0,1.0833333333333335,0.4800000000000002,0.11214953271028037,0.013437849944008958,0.31578947368421056,0.31618950035265503,0.12149532710280368
graph_047_mu_0_3_node_222,26,0.15384615384615385,0.0008081814112057508,0.4334056399132321,2.3073073073073074,0.023171694213724517,14.0,12.0,1.1666666666666667,0.4615384615384616,0.15584415584415587,0.013001083423618635,0.2999999999999999,0.3004000533404455,0.18181818181818182
graph_047_mu_0_3_node_223,19,0.07017543859649122,0.0006069365294323677,0.3976910828025478,2.5145145145145147,0.012715292300498929,8.0,11.0,0.7272727272727273,0.5789473684210529,0.05882352941176471,0.013530135301353018,0.4074074074074074,0.40777398853847663,0.04278074866310159
graph_047_mu_0_3_node_224,21,0.04285714285714286,0.0005154137310470747,0.39737470167064437,2.5165165165165164,0.014675839843068899,12.0,9.0,1.333333333333333,0.42857142857142855,0.04812834224598929,0.011070110701107009,0.2727272727272726,0.2730273027302728,0.04278074866310159
graph_047_mu_0_3_node_225,29,0.10837438423645321,0.0009807902075124426,0.43190661478599224,2.315315315315315,0.027081237252785592,14.0,15.0,0.9333333333333335,0.5172413793103449,0.10204081632653059,0.017584994138335284,0.34883720930232553,0.34933722596954797,0.09523809523809527
graph_047_mu_0_3_node_226,26,0.09230769230769231,0.0008235375345648844,0.43359375,2.3063063063063063,0.02957892290032509,11.0,15.0,0.7333333333333332,0.5769230769230768,0.10204081632653059,0.017584994138335284,0.4054054054054053,0.4059053220859586,0.07482993197278913
graph_047_mu_0_3_node_227,22,0.08225108225108226,0.000648740884292554,0.3925343811394892,2.5475475475475475,0.012781428753642844,7.0,15.0,0.46666666666666673,0.6818181818181818,0.3260869565217392,0.015723270440251572,0.5172413793103449,0.5177411627375265,0.15217391304347824
graph_047_mu_0_3_node_228,29,0.07635467980295567,0.0011040499734940117,0.4193954659949622,2.3843843843843846,0.019300815300297862,11.0,18.0,0.6111111111111108,0.6206896551724139,0.3913043478260869,0.018867924528301886,0.4500000000000001,0.4505998400426554,0.23913043478260876
graph_047_mu_0_3_node_229,53,0.09216255442670537,0.0025434540275437595,0.46682242990654205,2.1421421421421423,0.06016123169421887,31.0,22.0,1.4090909090909096,0.41509433962264164,0.1257142857142857,0.02666666666666667,0.2619047619047619,0.26263878032195137,0.17714285714285707
graph_047_mu_0_3_node_230,27,0.06552706552706553,0.001064117739739901,0.41729323308270677,2.3963963963963963,0.017860735265773642,17.0,10.0,1.6999999999999995,0.37037037037037035,0.053475935828877004,0.012300123001230012,0.22727272727272718,0.2276061939927487,0.08556149732620318
graph_047_mu_0_3_node_231,23,0.11904761904761904,0.0005919347066858329,0.38977760436987907,2.5655655655655654,0.01290235253936638,11.0,12.0,0.9166666666666664,0.5217391304347825,0.9230769230769232,0.0121580547112462,0.3529411764705881,0.35334114980569914,0.7692307692307695
graph_047_mu_0_3_node_232,37,0.13213213213213212,0.0012785106597814,0.43681679055531264,2.289289289289289,0.04597089518366068,26.0,11.0,2.3636363636363638,0.29729729729729737,0.06285714285714285,0.013333333333333334,0.17460317460317454,0.17497019605724692,0.14857142857142855
graph_047_mu_0_3_node_233,27,0.1794871794871795,0.0008325881689084655,0.43491510666086197,2.299299299299299,0.042089294075394856,16.0,11.0,1.4545454545454546,0.4074074074074074,0.06285714285714285,0.013333333333333334,0.2558139534883721,0.2561807301880487,0.09142857142857143
graph_047_mu_0_3_node_234,29,0.17980295566502463,0.0008557768628618773,0.4443950177935943,2.25025025025025,0.043009667600659426,18.0,11.0,1.6363636363636365,0.3793103448275863,0.06285714285714285,0.013333333333333334,0.23404255319148948,0.23440937881592658,0.1028571428571428
graph_047_mu_0_3_node_235,83,0.08110490743461651,0.006037697767717693,0.4868421052631579,2.054054054054054,0.08523687994082138,57.0,26.0,2.192307692307693,0.3132530120481928,0.14857142857142855,0.03151515151515151,0.18571428571428578,0.18658315351270846,0.3257142857142857
graph_047_mu_0_3_node_236,19,0.08771929824561403,0.0004722886908036376,0.4049452776651804,2.4694694694694697,0.015123744687851508,9.0,10.0,0.9000000000000002,0.5263157894736842,0.12987012987012989,0.010834236186348859,0.35714285714285704,0.35747614603767114,0.11688311688311685
graph_047_mu_0_3_node_237,65,0.09134615384615384,0.004720396772760241,0.4718941898913557,2.119119119119119,0.04512054987269675,38.0,27.0,1.4074074074074079,0.41538461538461546,0.28125,0.02986725663716815,0.262135922330097,0.2630370337007877,0.39583333333333326
graph_047_mu_0_3_node_238,18,0.13725490196078433,0.00034557064266679,0.40875613747954176,2.4464464464464464,0.01555572342248549,12.0,6.0,2.0,0.33333333333333326,0.03208556149732622,0.007380073800738006,0.20000000000000004,0.20020004000800154,0.06417112299465244
graph_047_mu_0_3_node_239,19,0.08187134502923976,0.0005445370775233402,0.4197478991596639,2.3823823823823824,0.01719495816655444,8.0,11.0,0.7272727272727273,0.5789473684210529,0.05882352941176471,0.013530135301353018,0.4074074074074074,0.40777398853847663,0.04278074866310159
graph_047_mu_0_3_node_240,26,0.07076923076923076,0.0009054111930175682,0.43116098403107467,2.319319319319319,0.02176567082499058,11.0,15.0,0.7333333333333332,0.5769230769230768,0.08021390374331552,0.01845018450184502,0.4054054054054053,0.4059053220859586,0.053475935828877004
graph_047_mu_0_3_node_241,38,0.10810810810810811,0.0016770891466947103,0.4504057709648332,2.22022022022022,0.04582150115291058,20.0,18.0,1.1111111111111112,0.4736842105263158,0.1028571428571428,0.021818181818181827,0.31034482758620696,0.31094502765289567,0.11428571428571431
graph_047_mu_0_3_node_242,98,0.08771929824561403,0.008880995085971033,0.5025150905432596,1.98998998998999,0.10587536265282901,63.0,35.0,1.8000000000000005,0.35714285714285704,0.20000000000000004,0.042424242424242434,0.2173913043478261,0.21856105134826054,0.35428571428571415
graph_047_mu_0_3_node_243,17,0.11764705882352941,0.0002842894405157645,0.38766006984866125,2.5795795795795797,0.013384583135342635,9.0,8.0,1.125,0.4705882352941177,0.05442176870748297,0.009378663540445488,0.3076923076923076,0.3079589565823816,0.06122448979591836
graph_047_mu_0_3_node_244,24,0.17391304347826086,0.0006110602831907486,0.4278372591006424,2.3373373373373374,0.026379555491039944,15.0,9.0,1.666666666666667,0.375,0.06122448979591836,0.01055099648300117,0.2307692307692308,0.23106932079623896,0.10204081632653059
graph_047_mu_0_3_node_245,27,0.09116809116809117,0.0009551775521479138,0.4249255635899617,2.3533533533533535,0.03108719730439228,15.0,12.0,1.25,0.4444444444444446,0.06857142857142859,0.01454545454545455,0.2857142857142856,0.28611436573028903,0.08571428571428569
graph_047_mu_0_3_node_246,26,0.07076923076923076,0.0007599237983988668,0.4300473525613431,2.325325325325325,0.029303585879745117,13.0,13.0,1.0,0.5,0.07428571428571427,0.015757575757575755,0.33333333333333326,0.33376668111159263,0.07428571428571427
graph_047_mu_0_3_node_247,29,0.09359605911330049,0.0009958561722949665,0.41607663473552686,2.4034034034034035,0.024547701774352598,16.0,13.0,1.2307692307692304,0.44827586206896536,0.08843537414965989,0.015240328253223913,0.2888888888888888,0.2893223233569314,0.10204081632653059
graph_047_mu_0_3_node_248,23,0.1383399209486166,0.000573211539916699,0.4192194712547209,2.3853853853853852,0.029153873199853284,13.0,10.0,1.3000000000000005,0.4347826086956522,0.057142857142857155,0.012121212121212118,0.2777777777777778,0.27811115556148236,0.07428571428571427
graph_047_mu_0_3_node_249,45,0.08181818181818182,0.002178628161789574,0.4453856442264824,2.245245245245245,0.036896967525969535,24.0,21.0,1.1428571428571423,0.46666666666666673,0.1428571428571428,0.024618991793669394,0.3043478260869565,0.30504817626204417,0.16326530612244897
graph_047_mu_0_3_node_250,25,0.12666666666666668,0.0005841414577926566,0.41764214046822745,2.3943943943943946,0.03142717694827765,15.0,10.0,1.5,0.4000000000000001,0.057142857142857155,0.012121212121212118,0.25,0.2503334222459323,0.08571428571428569
graph_047_mu_0_3_node_251,28,0.12962962962962962,0.0009665136694177213,0.43529411764705883,2.2972972972972974,0.031221720618439915,14.0,14.0,1.0,0.5,0.09523809523809527,0.016412661195779606,0.33333333333333326,0.3338000311131853,0.09523809523809527
graph_047_mu_0_3_node_252,20,0.08947368421052632,0.0005601627178241149,0.41332230037236245,2.4194194194194196,0.016009611153970957,8.0,12.0,0.6666666666666665,0.5999999999999998,0.06417112299465244,0.014760147601476013,0.42857142857142855,0.4289713219331989,0.037433155080213894
graph_047_mu_0_3_node_253,13,0.01282051282051282,0.00025200169071138654,0.37151357381926364,2.6916916916916915,0.006306788961576,5.0,8.0,0.625,0.6153846153846152,0.04278074866310159,0.009840098400984012,0.4444444444444446,0.44471102225184195,0.0
graph_047_mu_0_3_node_254,141,0.07771023302938196,0.017677122280204665,0.518961038961039,1.926926926926927,0.10882028511714328,95.0,46.0,2.065217391304348,0.32624113475177297,0.31292517006802717,0.05392731535756156,0.1949152542372881,0.19645536405381417,0.6462585034013607
graph_047_mu_0_3_node_255,26,0.13538461538461538,0.0006076808390570495,0.43228039809606233,2.3133133133133135,0.03447637828135748,15.0,11.0,1.3636363636363635,0.4230769230769231,0.06285714285714285,0.013333333333333334,0.26829268292682934,0.2686594351690191,0.08571428571428569
graph_047_mu_0_3_node_256,19,0.22807017543859648,0.0003547668442206266,0.4122988031366075,2.4254254254254253,0.03179772312901269,13.0,6.0,2.166666666666667,0.31578947368421056,0.034285714285714294,0.007272727272727275,0.1875,0.1877000533475593,0.07428571428571427
graph_047_mu_0_3_node_257,14,0.13186813186813187,0.00021765176514433813,0.3821729150726855,2.6166166166166165,0.011153277128535711,6.0,8.0,0.75,0.5714285714285712,0.1038961038961039,0.00866738894907909,0.4000000000000001,0.4002665955745135,0.07792207792207793
graph_047_mu_0_3_node_258,29,0.0812807881773399,0.0009638011829120668,0.42241014799154336,2.3673673673673674,0.022637619113889455,15.0,14.0,1.0714285714285714,0.482758620689655,0.09523809523809527,0.016412661195779606,0.31818181818181823,0.31864854707900453,0.10204081632653059
graph_047_mu_0_3_node_259,34,0.1265597147950089,0.0010486965633935876,0.43624454148471614,2.2922922922922924,0.040733778055790204,21.0,13.0,1.6153846153846159,0.3823529411764707,0.07428571428571427,0.015757575757575755,0.2363636363636364,0.23679721539175227,0.12000000000000005
graph_047_mu_0_3_node_260,22,0.1038961038961039,0.0005514369861247898,0.4138359569179785,2.4164164164164164,0.022676871037122532,9.0,13.0,0.6923076923076923,0.5909090909090909,0.08843537414965989,0.015240328253223913,0.4193548387096773,0.41978807095548665,0.06122448979591836
graph_047_mu_0_3_node_261,96,0.07824296499656828,0.008745049643581599,0.49750996015936255,2.01001001001001,0.0809793880960876,61.0,35.0,1.7428571428571435,0.36458333333333326,0.2380952380952381,0.041031652989449004,0.22292993630573255,0.22409952694900737,0.40816326530612235
graph_047_mu_0_3_node_262,91,0.08248212461695607,0.008349486723842118,0.4947994056463596,2.021021021021021,0.06342457684907966,55.0,36.0,1.5277777777777783,0.3956043956043957,0.336448598130841,0.04031354983202688,0.2465753424657535,0.24777782760170106,0.5046728971962616
graph_047_mu_0_3_node_263,39,0.14439946018893388,0.001540944883502631,0.4538845979100409,2.2032032032032034,0.05292892627265899,26.0,13.0,2.0,0.33333333333333326,0.07428571428571427,0.015757575757575755,0.20000000000000004,0.2004337236846495,0.1428571428571428
graph_047_mu_0_3_node_264,27,0.07977207977207977,0.0009494287467419199,0.4004008016032064,2.4974974974974975,0.015300298348361198,13.0,14.0,0.9285714285714288,0.5185185185185184,0.297872340425532,0.014690451206715636,0.3499999999999999,0.35046666666666665,0.27659574468085113
graph_047_mu_0_3_node_265,22,0.06060606060606061,0.0005635150103081475,0.4069246435845214,2.4574574574574575,0.015393284316101388,12.0,10.0,1.1999999999999995,0.45454545454545436,0.053475935828877004,0.012300123001230012,0.29411764705882354,0.2944510026158607,0.037433155080213894
graph_047_mu_0_3_node_266,19,0.10526315789473684,0.000504772614848525,0.4153846153846154,2.4074074074074074,0.018065301144491862,8.0,11.0,0.7272727272727273,0.5789473684210529,0.07482993197278913,0.012895662368112544,0.4074074074074074,0.40777398853847663,0.05442176870748297
graph_047_mu_0_3_node_267,74,0.10773787486116253,0.005237801356584172,0.46769662921348315,2.1381381381381384,0.04752300543371687,48.0,26.0,1.8461538461538465,0.3513513513513515,0.27083333333333337,0.028761061946902648,0.21311475409836064,0.21398309956626524,0.5
graph_047_mu_0_3_node_268,27,0.15384615384615385,0.000704451987767824,0.41799163179916315,2.3923923923923924,0.03470711984416191,18.0,9.0,2.0,0.33333333333333326,0.0514285714285714,0.010909090909090913,0.20000000000000004,0.2003001500750376,0.1028571428571428
graph_047_mu_0_3_node_269,19,0.1286549707602339,0.0004823415456095438,0.391304347826087,2.5555555555555554,0.01260058882092302,11.0,8.0,1.375,0.4210526315789473,0.19047619047619055,0.008350730688935283,0.2666666666666666,0.2669333511122963,0.2380952380952381
graph_047_mu_0_3_node_270,91,0.07301587301587302,0.008954158242270084,0.500501002004008,1.997997997997998,0.07317086182685749,58.0,33.0,1.7575757575757576,0.3626373626373625,0.22448979591836735,0.038686987104337635,0.22147651006711408,0.22257911957628582,0.3945578231292517
graph_047_mu_0_3_node_271,32,0.04435483870967742,0.001103213795664752,0.42601279317697227,2.3473473473473474,0.02490360793857673,17.0,15.0,1.133333333333333,0.46875,0.10204081632653059,0.017584994138335284,0.3061224489795918,0.3066225656734871,0.09523809523809527
graph_047_mu_0_3_node_272,26,0.06769230769230769,0.0010249356484969036,0.4247448979591837,2.354354354354354,0.01871710877867487,11.0,15.0,0.7333333333333332,0.5769230769230768,0.08021390374331552,0.01845018450184502,0.4054054054054053,0.4059053220859586,0.053475935828877004
graph_047_mu_0_3_node_273,21,0.18095238095238095,0.0004585915577972208,0.4122988031366075,2.4254254254254253,0.023015018199267264,12.0,9.0,1.333333333333333,0.42857142857142855,0.06122448979591836,0.01055099648300117,0.2727272727272726,0.2730273027302728,0.08163265306122448
graph_047_mu_0_3_node_274,37,0.052552552552552555,0.0019240740507103797,0.4510158013544018,2.2172172172172173,0.029414321065934522,20.0,17.0,1.1764705882352942,0.4594594594594596,0.09090909090909091,0.020910209102091015,0.29824561403508765,0.29881248855574516,0.09090909090909091
graph_047_mu_0_3_node_275,18,0.0718954248366013,0.0004961211744809271,0.41625,2.4024024024024024,0.015332933503958458,10.0,8.0,1.25,0.4444444444444446,0.04278074866310159,0.009840098400984012,0.2857142857142856,0.28598095238095234,0.04278074866310159
graph_047_mu_0_3_node_276,35,0.07954545454545454,0.0016268889716606143,0.42169691853102576,2.3713713713713713,0.02218187770318356,18.0,17.0,1.0588235294117647,0.4857142857142857,0.3617021276595746,0.01783840503672613,0.3207547169811321,0.32132151590088004,0.3617021276595746
graph_047_mu_0_3_node_277,20,0.16842105263157894,0.0005931971444327097,0.3928430987023201,2.5455455455455454,0.01276422158942224,10.0,10.0,1.0,0.5,0.6666666666666665,0.010152284263959394,0.33333333333333326,0.333666644445926,0.6666666666666665
graph_047_mu_0_3_node_278,24,0.10507246376811594,0.000680306835274345,0.3824655436447167,2.6146146146146148,0.01006539809697823,15.0,9.0,1.666666666666667,0.375,0.19148936170212763,0.00944386149003148,0.2307692307692308,0.23106932079623896,0.3191489361702127
graph_047_mu_0_3_node_279,48,0.10106382978723404,0.0024041694611739574,0.4588883785025264,2.179179179179179,0.05398621875667028,27.0,21.0,1.2857142857142858,0.4375,0.12000000000000005,0.025454545454545452,0.28000000000000014,0.28070049034324024,0.15428571428571428
graph_047_mu_0_3_node_280,27,0.09686609686609686,0.0008432756057948771,0.41607663473552686,2.4034034034034035,0.020542272209278487,13.0,14.0,0.9285714285714288,0.5185185185185184,0.07486631016042779,0.017220172201722016,0.3499999999999999,0.35046666666666665,0.06951871657754015
graph_047_mu_0_3_node_281,50,0.10122448979591837,0.0028255097090941705,0.45658135283363804,2.19019019019019,0.04367938552062295,31.0,19.0,1.631578947368421,0.37999999999999995,0.1292517006802721,0.02227432590855804,0.23456790123456794,0.23520188968930444,0.21088435374149664
graph_047_mu_0_3_node_282,32,0.10080645161290322,0.0011245290175463227,0.4233050847457627,2.3623623623623624,0.028640772028403788,18.0,14.0,1.2857142857142858,0.4375,0.09523809523809527,0.016412661195779606,0.28000000000000014,0.2804668222740912,0.12244897959183672
graph_047_mu_0_3_node_283,19,0.15204678362573099,0.00043320487688512985,0.4178168130489335,2.3933933933933935,0.01997176104567129,11.0,8.0,1.375,0.4210526315789473,0.05442176870748297,0.009378663540445488,0.2666666666666666,0.2669333511122963,0.07482993197278913
graph_047_mu_0_3_node_284,22,0.07792207792207792,0.0005533835371276574,0.4197478991596639,2.3823823823823824,0.01996029704596958,13.0,9.0,1.444444444444444,0.4090909090909091,0.04812834224598929,0.011070110701107009,0.2571428571428571,0.2574429071511918,0.06417112299465244
graph_047_mu_0_3_node_285,22,0.05627705627705628,0.0007367028695718436,0.41816659690246966,2.3913913913913913,0.018712063864096035,7.0,15.0,0.46666666666666673,0.6818181818181818,0.3191489361702127,0.01573976915005246,0.5172413793103449,0.5177411627375265,0.148936170212766
graph_047_mu_0_3_node_286,31,0.15268817204301074,0.000974636061220567,0.4276541095890411,2.3383383383383385,0.04073777818134839,21.0,10.0,2.100000000000001,0.3225806451612903,0.057142857142857155,0.012121212121212118,0.19230769230769237,0.1926412480114949,0.12000000000000005
graph_047_mu_0_3_node_287,21,0.07142857142857142,0.0005767842934541709,0.41590341382181517,2.4044044044044046,0.016297974135054547,13.0,8.0,1.625,0.3809523809523811,0.04278074866310159,0.009840098400984012,0.23529411764705885,0.23556083765772765,0.05882352941176471
graph_047_mu_0_3_node_288,21,0.1380952380952381,0.0004824748208147371,0.4102669404517454,2.4374374374374375,0.017514779778929155,10.0,11.0,0.9090909090909087,0.5238095238095238,0.1428571428571428,0.011917659804983743,0.3548387096774193,0.3552053396810857,0.12987012987012989
graph_047_mu_0_3_node_289,25,0.15333333333333332,0.0007526746991064208,0.4049452776651804,2.4694694694694697,0.015611528569766355,14.0,11.0,1.272727272727273,0.4400000000000001,0.23913043478260876,0.011530398322851156,0.282051282051282,0.2824180098392467,0.3043478260869565
graph_047_mu_0_3_node_290,51,0.1003921568627451,0.0030043318255638884,0.4453856442264824,2.245245245245245,0.03247844153685568,30.0,21.0,1.4285714285714282,0.41176470588235303,0.2727272727272726,0.022751895991332607,0.2592592592592592,0.2599598898267699,0.3896103896103896
graph_047_mu_0_3_node_291,18,0.24836601307189543,0.0003061937167271574,0.40478119935170176,2.4704704704704703,0.02128646371083893,12.0,6.0,2.0,0.33333333333333326,0.04081632653061224,0.007033997655334117,0.20000000000000004,0.20020004000800154,0.08163265306122448
graph_047_mu_0_3_node_292,26,0.06461538461538462,0.001047330617951275,0.4263764404609475,2.3453453453453452,0.021037184190734172,11.0,15.0,0.7333333333333332,0.5769230769230768,0.08021390374331552,0.01845018450184502,0.4054054054054053,0.4059053220859586,0.04812834224598929
graph_047_mu_0_3_node_293,29,0.15517241379310345,0.0008549397197680259,0.4553327256153145,2.196196196196196,0.04419012401440049,16.0,13.0,1.2307692307692304,0.44827586206896536,0.07428571428571427,0.015757575757575755,0.2888888888888888,0.2893223233569314,0.09142857142857143
graph_047_mu_0_3_node_294,18,0.16339869281045752,0.000312335643821545,0.3976910828025478,2.5145145145145147,0.018143189696611245,10.0,8.0,1.25,0.4444444444444446,0.05442176870748297,0.009378663540445488,0.2857142857142856,0.28598095238095234,0.06802721088435373
graph_047_mu_0_3_node_295,28,0.10582010582010581,0.0008465673118316139,0.4443950177935943,2.25025025025025,0.02568065725323853,15.0,13.0,1.1538461538461535,0.4642857142857144,0.06951871657754015,0.015990159901599018,0.3023255813953489,0.30275898696294334,0.08021390374331552
graph_047_mu_0_3_node_296,35,0.10227272727272728,0.0011454780296025252,0.43097497842968074,2.32032032032032,0.0279833711192287,22.0,13.0,1.6923076923076923,0.37142857142857155,0.08843537414965989,0.015240328253223913,0.22807017543859642,0.22850378339029923,0.1428571428571428
graph_047_mu_0_3_node_297,23,0.16205533596837945,0.0005789274548229088,0.4197478991596639,2.3823823823823824,0.03265430797242155,12.0,11.0,1.0909090909090904,0.4782608695652175,0.06285714285714285,0.013333333333333334,0.3142857142857142,0.3146523931750105,0.06857142857142859
graph_047_mu_0_3_node_298,19,0.15789473684210525,0.0006235693880755463,0.38482280431432975,2.5985985985985987,0.008900902968628959,9.0,10.0,0.9000000000000002,0.5263157894736842,0.6666666666666665,0.010152284263959394,0.35714285714285704,0.35747614603767114,0.5999999999999998
graph_047_mu_0_3_node_299,19,0.08771929824561403,0.0005032778634789056,0.4109419991772933,2.4334334334334335,0.01805995276507825,8.0,11.0,0.7272727272727273,0.5789473684210529,0.07482993197278913,0.012895662368112544,0.4074074074074074,0.40777398853847663,0.05442176870748297
graph_047_mu_0_3_node_300,15,0.12380952380952381,0.0002440797630326687,0.4258312020460358,2.3483483483483485,0.017460249481540572,5.0,10.0,0.5,0.6666666666666665,0.053475935828877004,0.012300123001230012,0.5,0.500333200053312,0.026737967914438502
graph_047_mu_0_3_node_301,27,0.09116809116809117,0.0008915980403958144,0.4153846153846154,2.4074074074074074,0.02002595283120777,13.0,14.0,0.9285714285714288,0.5185185185185184,0.1308411214953271,0.01567749160134379,0.3499999999999999,0.35046666666666665,0.11214953271028037
graph_047_mu_0_3_node_302,20,0.15789473684210525,0.0004087578732696632,0.4153846153846154,2.4074074074074074,0.023556347389872574,11.0,9.0,1.2222222222222217,0.4500000000000001,0.06122448979591836,0.01055099648300117,0.29032258064516125,0.2906225906454947,0.07482993197278913
graph_047_mu_0_3_node_303,16,0.05,0.00041740171520594354,0.3872093023255814,2.5825825825825826,0.010066520432376226,5.0,11.0,0.45454545454545436,0.6875,0.2619047619047619,0.01148225469728601,0.5238095238095238,0.5241760316561237,0.09523809523809527
graph_047_mu_0_3_node_304,20,0.09473684210526316,0.0006606919526438809,0.4276541095890411,2.3383383383383385,0.018395251062452215,8.0,12.0,0.6666666666666665,0.5999999999999998,0.15584415584415587,0.013001083423618635,0.42857142857142855,0.4289713219331989,0.1038961038961039
graph_047_mu_0_3_node_305,21,0.08571428571428572,0.0005632777068275983,0.39346199291059475,2.5415415415415414,0.012616119721770248,11.0,10.0,1.0999999999999999,0.4761904761904762,0.10416666666666669,0.011061946902654865,0.3125,0.31283333333333335,0.10416666666666669
graph_047_mu_0_3_node_306,16,0.1,0.0002708881013700837,0.4051094890510949,2.4684684684684686,0.0169196694800145,7.0,9.0,0.777777777777778,0.5625,0.04812834224598929,0.011070110701107009,0.3913043478260869,0.3916042778424165,0.037433155080213894
graph_047_mu_0_3_node_307,25,0.08333333333333333,0.0008936168761028572,0.4243840271877655,2.3563563563563563,0.0217611251291139,10.0,15.0,0.6666666666666665,0.5999999999999998,0.10204081632653059,0.017584994138335284,0.42857142857142855,0.4290713119319776,0.06802721088435373
graph_047_mu_0_3_node_308,21,0.18095238095238095,0.00043234629297964885,0.4190436241610738,2.3863863863863863,0.02948023343620635,13.0,8.0,1.625,0.3809523809523811,0.045714285714285714,0.009696969696969699,0.23529411764705885,0.23556083765772765,0.07428571428571427
graph_047_mu_0_3_node_309,20,0.07368421052631578,0.0004998592475443364,0.41957160856782866,2.3833833833833835,0.01737891117942629,11.0,9.0,1.2222222222222217,0.4500000000000001,0.04812834224598929,0.011070110701107009,0.29032258064516125,0.2906225906454947,0.05882352941176471
graph_047_mu_0_3_node_310,55,0.03232323232323232,0.0038250867851435553,0.4534725374489333,2.205205205205205,0.033633053451063655,34.0,21.0,1.6190476190476195,0.38181818181818183,0.11229946524064173,0.025830258302583026,0.23595505617977522,0.23665587380033248,0.14973262032085558
graph_047_mu_0_3_node_311,74,0.0848982785602504,0.005903444219927375,0.48589494163424124,2.058058058058058,0.053888575293094564,43.0,31.0,1.3870967741935483,0.4189189189189191,0.2897196261682243,0.03471444568868981,0.26495726495726496,0.26599208152768256,0.39252336448598135
graph_047_mu_0_3_node_312,29,0.11330049261083744,0.0011788808667689279,0.43397046046915727,2.304304304304304,0.025999889612849644,13.0,16.0,0.8125,0.5517241379310346,0.10884353741496594,0.018757327080890975,0.3809523809523811,0.381485678732529,0.08843537414965989
graph_047_mu_0_3_node_313,20,0.14210526315789473,0.0005776577986323324,0.41799163179916315,2.3923923923923924,0.018762237462357056,7.0,13.0,0.5384615384615384,0.6500000000000002,1.0,0.013171225937183386,0.4814814814814816,0.4819146559841636,0.5384615384615384
graph_047_mu_0_3_node_314,14,0.10989010989010989,0.00039737491365531463,0.41400745959386653,2.4154154154154153,0.01732721703853195,3.0,11.0,0.2727272727272726,0.7857142857142859,0.8461538461538461,0.011144883485309013,0.6470588235294118,0.647425282535975,0.2307692307692308
graph_047_mu_0_3_node_315,28,0.05026455026455026,0.001174229393992925,0.436435124508519,2.2912912912912913,0.023017315465965756,8.0,20.0,0.4000000000000001,0.7142857142857141,0.10695187165775401,0.024600246002460024,0.5555555555555556,0.5562218668561955,0.037433155080213894
graph_047_mu_0_3_node_316,23,0.08695652173913043,0.0007181372814582944,0.4046172539489672,2.4714714714714714,0.016807103191654453,9.0,14.0,0.6428571428571429,0.608695652173913,0.33333333333333326,0.014613778705636741,0.4375,0.4379665422553984,0.21428571428571427
graph_047_mu_0_3_node_317,29,0.1625615763546798,0.0008706824383804468,0.4211635750421585,2.374374374374374,0.027911796316723282,19.0,10.0,1.8999999999999995,0.3448275862068967,0.06802721088435373,0.011723329425556862,0.20833333333333337,0.20866684453930992,0.1292517006802721
graph_047_mu_0_3_node_318,232,0.06876779950636036,0.0437177012300139,0.5593505039193729,1.7877877877877877,0.2281093274141165,162.0,70.0,2.3142857142857145,0.30172413793103453,0.4000000000000001,0.08484848484848487,0.17766497461928935,0.18001728324218066,0.9200000000000002
graph_047_mu_0_3_node_319,17,0.19117647058823528,0.00028327388094857153,0.42728828058169377,2.34034034034034,0.02134770857321598,11.0,6.0,1.8333333333333328,0.3529411764705881,0.03208556149732622,0.007380073800738006,0.21428571428571427,0.21448574095593687,0.05882352941176471
graph_047_mu_0_3_node_320,32,0.12701612903225806,0.0010661894385774774,0.4193954659949622,2.3843843843843846,0.021994877587591288,20.0,12.0,1.666666666666667,0.375,0.125,0.013274336283185835,0.2307692307692308,0.2311694442164027,0.20833333333333337
graph_047_mu_0_3_node_321,37,0.08858858858858859,0.0019139970782891794,0.42893945899527697,2.3313313313313313,0.02221299615731319,20.0,17.0,1.1764705882352942,0.4594594594594596,0.3617021276595746,0.01783840503672613,0.29824561403508765,0.29881248855574516,0.4255319148936172
graph_047_mu_0_3_node_322,40,0.1465149359886202,0.0017218799297007608,0.4493927125506073,2.225225225225225,0.049689819964621566,25.0,15.0,1.666666666666667,0.375,0.08571428571428569,0.018181818181818184,0.2307692307692308,0.23126961439667854,0.13714285714285718
graph_047_mu_0_3_node_323,24,0.11594202898550725,0.0008665578725292266,0.40942622950819674,2.4424424424424425,0.016615336095160412,12.0,12.0,1.0,0.5,0.26086956521739124,0.012578616352201257,0.33333333333333326,0.33373333333333327,0.26086956521739124
graph_047_mu_0_3_node_324,24,0.06884057971014493,0.0009028141258058966,0.40217391304347827,2.4864864864864864,0.012092097104079156,10.0,14.0,0.7142857142857141,0.5833333333333334,0.297872340425532,0.014690451206715636,0.41176470588235303,0.4122312792343494,0.2127659574468086
graph_047_mu_0_3_node_325,20,0.05789473684210526,0.0007378675173578224,0.3851195065535852,2.5965965965965965,0.009243659819255519,6.0,14.0,0.42857142857142855,0.6999999999999998,1.0769230769230769,0.014184397163120564,0.5384615384615384,0.5389279874520093,0.4615384615384616
graph_047_mu_0_3_node_326,17,0.03676470588235294,0.0004188731352553483,0.3755639097744361,2.6626626626626626,0.008470382682790708,5.0,12.0,0.41666666666666674,0.7058823529411762,0.2857142857142856,0.012526096033402925,0.5454545454545452,0.5458543588749494,0.09523809523809527
graph_047_mu_0_3_node_327,38,0.10526315789473684,0.0015408575956054348,0.4278372591006424,2.3373373373373374,0.02839929313513062,26.0,12.0,2.166666666666667,0.31578947368421056,0.08163265306122448,0.014067995310668234,0.1875,0.18790037368210336,0.17687074829931979
graph_047_mu_0_3_node_328,21,0.09047619047619047,0.0005601194476173508,0.4157303370786517,2.4054054054054053,0.019857338872512086,9.0,12.0,0.75,0.5714285714285712,0.08163265306122448,0.014067995310668234,0.4000000000000001,0.40039992001599684,0.06122448979591836
graph_047_mu_0_3_node_329,43,0.1524390243902439,0.002267212348364469,0.45121951219512196,2.2162162162162162,0.02815579411148738,25.0,18.0,1.3888888888888888,0.4186046511627906,0.5142857142857142,0.01865284974093264,0.2647058823529412,0.2653062826197856,0.6857142857142855
graph_047_mu_0_3_node_330,34,0.1140819964349376,0.0014217676745667126,0.43950725912890454,2.275275275275275,0.03391266626726333,19.0,15.0,1.2666666666666662,0.44117647058823545,0.10204081632653059,0.017584994138335284,0.2830188679245283,0.2835190513251086,0.12244897959183672
graph_047_mu_0_3_node_331,27,0.09666666666666666,0.0010287080929366683,0.4178168130489335,2.3933933933933935,0.01900854652629013,11.0,16.0,0.6875,0.5925925925925926,1.2307692307692304,0.016210739614994942,0.4210526315789473,0.42158585826694317,0.7692307692307695
graph_047_mu_0_3_node_332,19,0.1871345029239766,0.0003845747237552061,0.40298507462686567,2.4814814814814814,0.01969926222730526,12.0,7.0,1.7142857142857142,0.36842105263157887,0.04761904761904764,0.008206330597889803,0.2258064516129031,0.22603982384160795,0.08163265306122448
graph_047_mu_0_3_node_333,24,0.15579710144927536,0.0005241438022378477,0.42223161453930685,2.3683683683683685,0.03435472782984807,14.0,10.0,1.3999999999999997,0.41666666666666674,0.057142857142857155,0.012121212121212118,0.2631578947368421,0.2634912947501781,0.08
graph_047_mu_0_3_node_334,26,0.10461538461538461,0.0010028710622777526,0.42875536480686693,2.3323323323323324,0.017997983331505894,13.0,13.0,1.0,0.5,0.27659574468085113,0.013641133263378801,0.33333333333333326,0.33376668111159263,0.27659574468085113
graph_047_mu_0_3_node_335,18,0.0915032679738562,0.00042958259881911053,0.4201009251471825,2.3803803803803802,0.016935846016541835,10.0,8.0,1.25,0.4444444444444446,0.04278074866310159,0.009840098400984012,0.2857142857142856,0.28598095238095234,0.04278074866310159
graph_047_mu_0_3_node_336,22,0.1645021645021645,0.0004648787297617593,0.43265482893027285,2.3113113113113113,0.033733071707361215,12.0,10.0,1.1999999999999995,0.45454545454545436,0.057142857142857155,0.012121212121212118,0.29411764705882354,0.2944510026158607,0.06857142857142859
graph_047_mu_0_3_node_337,27,0.1339031339031339,0.0011156150116744558,0.42420382165605097,2.3573573573573574,0.01767852108687788,14.0,13.0,1.0769230769230769,0.4814814814814816,0.37142857142857155,0.013471502590673581,0.3170731707317073,0.3175065474027078,0.4000000000000001
graph_047_mu_0_3_node_338,19,0.08187134502923976,0.0005078836480888872,0.41659716430358634,2.4004004004004003,0.015631606612882713,8.0,11.0,0.7272727272727273,0.5789473684210529,0.05882352941176471,0.013530135301353018,0.4074074074074074,0.40777398853847663,0.037433155080213894
graph_047_mu_0_3_node_339,27,0.13105413105413105,0.0008479214600445219,0.44125441696113077,2.2662662662662663,0.038353536770941235,14.0,13.0,1.0769230769230769,0.4814814814814816,0.07428571428571427,0.015757575757575755,0.3170731707317073,0.3175065474027078,0.08
graph_047_mu_0_3_node_340,19,0.05263157894736842,0.0004944257842245867,0.4004008016032064,2.4974974974974975,0.014874857779455882,6.0,13.0,0.4615384615384616,0.6842105263157895,0.08843537414965989,0.015240328253223913,0.5199999999999998,0.5204331456368907,0.04081632653061224
graph_047_mu_0_3_node_341,17,0.03676470588235294,0.0003986442056237118,0.41298057048367093,2.4214214214214214,0.015282007895208024,6.0,11.0,0.5454545454545452,0.6470588235294118,0.05882352941176471,0.013530135301353018,0.4782608695652175,0.478627401836718,0.01604278074866311
graph_047_mu_0_3_node_342,18,0.1895424836601307,0.000398753848673404,0.415211970074813,2.4084084084084085,0.02126279486435508,9.0,9.0,1.0,0.5,0.06122448979591836,0.01055099648300117,0.33333333333333326,0.3336333033363329,0.06122448979591836
graph_047_mu_0_3_node_343,25,0.08300395256916997,0.0007203426093331321,0.4074225122349103,2.4544544544544546,0.016240341291909915,8.0,17.0,0.4705882352941177,0.6799999999999998,1.3076923076923077,0.017223910840932114,0.5151515151515154,0.5157179363689874,0.5384615384615384
graph_047_mu_0_3_node_344,19,0.029239766081871343,0.00045029892153947767,0.39315230224321135,2.5435435435435436,0.011270307180037709,11.0,8.0,1.375,0.4210526315789473,0.04278074866310159,0.009840098400984012,0.2666666666666666,0.2669333511122963,0.026737967914438502
graph_047_mu_0_3_node_345,22,0.08658008658008658,0.000871938994529433,0.4227676682183665,2.3653653653653652,0.02622990571646271,9.0,13.0,0.6923076923076923,0.5909090909090909,0.07428571428571427,0.015757575757575755,0.4193548387096773,0.41978807095548665,0.0514285714285714
graph_047_mu_0_3_node_346,20,0.13157894736842105,0.0007172360822124953,0.4267407090986758,2.3433433433433435,0.02315175190268497,8.0,12.0,0.6666666666666665,0.5999999999999998,0.08163265306122448,0.014067995310668234,0.42857142857142855,0.4289713219331989,0.05442176870748297
graph_047_mu_0_3_node_347,20,0.08421052631578947,0.000444889602462553,0.4024979854955681,2.4844844844844847,0.014014850428027052,13.0,7.0,1.8571428571428577,0.3499999999999999,0.037433155080213894,0.008610086100861008,0.21212121212121207,0.21235459991169664,0.06417112299465244
graph_047_mu_0_3_node_348,30,0.14482758620689656,0.0009055592174245009,0.41263940520446096,2.4234234234234235,0.023103330956971726,18.0,12.0,1.5,0.4000000000000001,0.11214953271028037,0.013437849944008958,0.25,0.2504001600640256,0.1682242990654205
graph_047_mu_0_3_node_349,24,0.16666666666666666,0.0006231134200509106,0.42546848381601365,2.3503503503503502,0.0350118254492431,14.0,10.0,1.3999999999999997,0.41666666666666674,0.057142857142857155,0.012121212121212118,0.2631578947368421,0.2634912947501781,0.08
graph_047_mu_0_3_node_350,22,0.16883116883116883,0.000649187357175838,0.4033104561970125,2.4794794794794797,0.016817511068371645,11.0,11.0,1.0,0.5,0.1145833333333333,0.012168141592920354,0.33333333333333326,0.33369998777818505,0.1145833333333333
graph_047_mu_0_3_node_351,26,0.07971014492753623,0.0007005060020709164,0.4150394682176984,2.4094094094094096,0.024070380591213168,11.0,15.0,0.7333333333333332,0.5769230769230768,0.08571428571428569,0.018181818181818184,0.4054054054054053,0.4059053220859586,0.057142857142857155
graph_047_mu_0_3_node_352,44,0.08456659619450317,0.002432641011541802,0.4414494034467521,2.265265265265265,0.02967942448703921,29.0,15.0,1.9333333333333336,0.3409090909090909,0.08021390374331552,0.01845018450184502,0.20547945205479448,0.2059799692559023,0.1550802139037433
graph_047_mu_0_3_node_353,22,0.06060606060606061,0.0006694752033250639,0.39423835832675613,2.5365365365365364,0.014326820003871914,6.0,16.0,0.375,0.7272727272727273,0.45714285714285724,0.01658031088082901,0.5714285714285712,0.5719616204690832,0.17142857142857137
graph_047_mu_0_3_node_354,26,0.08307692307692308,0.0007768514692381698,0.39928057553956836,2.5045045045045047,0.015779130906196044,15.0,11.0,1.3636363636363635,0.4230769230769231,0.1145833333333333,0.012168141592920354,0.26829268292682934,0.2686594351690191,0.15625
graph_047_mu_0_3_node_355,26,0.06461538461538462,0.0009142993637845888,0.4320934256055363,2.314314314314314,0.02018241169669583,15.0,11.0,1.3636363636363635,0.4230769230769231,0.05882352941176471,0.013530135301353018,0.26829268292682934,0.2686594351690191,0.06951871657754015
graph_047_mu_0_3_node_356,25,0.08,0.0007964927470050731,0.43153347732181424,2.3173173173173174,0.023901289111492252,12.0,13.0,0.9230769230769232,0.5199999999999998,0.06951871657754015,0.015990159901599018,0.3513513513513515,0.35178467024072185,0.06417112299465244
graph_047_mu_0_3_node_357,25,0.11,0.0009536632700013224,0.45203619909502263,2.2122122122122123,0.02682084678707437,11.0,14.0,0.7857142857142859,0.5600000000000003,0.07486631016042779,0.017220172201722016,0.388888888888889,0.3893554933416286,0.05882352941176471
graph_047_mu_0_3_node_358,20,0.17894736842105263,0.0003623494227171847,0.42027766091712243,2.3793793793793796,0.01926609192314809,14.0,6.0,2.3333333333333335,0.2999999999999999,0.0625,0.006637168141592918,0.17647058823529405,0.17667065492419048,0.14583333333333334
graph_047_mu_0_3_node_359,24,0.21014492753623187,0.00039825675401811855,0.4164235097957482,2.4014014014014013,0.025341737423900706,18.0,6.0,3.0,0.25,0.04081632653061224,0.007033997655334117,0.1428571428571428,0.14305726292918614,0.12244897959183672
graph_047_mu_0_3_node_360,27,0.06552706552706553,0.0010334730451614618,0.4274711168164313,2.339339339339339,0.021111561831836278,15.0,12.0,1.25,0.4444444444444446,0.06417112299465244,0.014760147601476013,0.2857142857142856,0.28611436573028903,0.06951871657754015
graph_047_mu_0_3_node_361,33,0.17613636363636365,0.0011533190074113793,0.4107730263157895,2.4344344344344346,0.019784602226969462,20.0,13.0,1.538461538461539,0.39393939393939387,0.37142857142857155,0.013471502590673581,0.24528301886792456,0.24571656897631208,0.5714285714285712
graph_047_mu_0_3_node_362,30,0.14022988505747128,0.0009088295961898856,0.42893945899527697,2.3313313313313313,0.039501450585804294,17.0,13.0,1.3076923076923077,0.43333333333333346,0.07428571428571427,0.015757575757575755,0.27659574468085113,0.27702920805319614,0.09714285714285717
graph_047_mu_0_3_node_363,27,0.07407407407407407,0.0010352063187997937,0.4276541095890411,2.3383383383383385,0.022359132392924252,14.0,13.0,1.0769230769230769,0.4814814814814816,0.06951871657754015,0.015990159901599018,0.3170731707317073,0.3175065474027078,0.06951871657754015
graph_047_mu_0_3_node_364,30,0.17011494252873563,0.000865360654322057,0.4389279437609842,2.2782782782782784,0.044242608212036565,18.0,12.0,1.5,0.4000000000000001,0.06857142857142859,0.01454545454545455,0.25,0.2504001600640256,0.1028571428571428
graph_047_mu_0_3_node_365,25,0.18333333333333332,0.0007065640957893578,0.41729323308270677,2.3963963963963963,0.02155192476603018,13.0,12.0,1.0833333333333335,0.4800000000000002,0.34285714285714275,0.012435233160621758,0.31578947368421056,0.31618950035265503,0.37142857142857155
graph_047_mu_0_3_node_366,32,0.11290322580645161,0.0013100586340999893,0.46121883656509693,2.1681681681681684,0.045394294542638755,15.0,17.0,0.8823529411764709,0.53125,0.09714285714285717,0.02060606060606061,0.3617021276595746,0.36226881321575977,0.08571428571428569
graph_047_mu_0_3_node_367,22,0.09523809523809523,0.000703780269376686,0.39690107270560193,2.5195195195195197,0.013082323054119903,9.0,13.0,0.6923076923076923,0.5909090909090909,0.2826086956521739,0.013626834381551357,0.4193548387096773,0.41978807095548665,0.19565217391304346
graph_047_mu_0_3_node_368,25,0.10333333333333333,0.0008000532413333462,0.43719912472647704,2.2872872872872874,0.026290615427059245,12.0,13.0,0.9230769230769232,0.5199999999999998,0.12149532710280368,0.01455767077267637,0.3513513513513515,0.35178467024072185,0.11214953271028037
graph_047_mu_0_3_node_369,18,0.24183006535947713,0.00024015880190201755,0.4245643858903527,2.3553553553553552,0.025979360902951557,12.0,6.0,2.0,0.33333333333333326,0.04081632653061224,0.007033997655334117,0.20000000000000004,0.20020004000800154,0.08163265306122448
graph_047_mu_0_3_node_370,18,0.32679738562091504,0.00021403299899452647,0.4104354971240756,2.4364364364364364,0.03326817853628407,15.0,3.0,5.0,0.16666666666666663,0.017142857142857147,0.0036363636363636377,0.09090909090909091,0.0910091409341034,0.08571428571428569
graph_047_mu_0_3_node_371,18,0.27450980392156865,0.00016865408117259224,0.40445344129554656,2.4724724724724725,0.030449415918513523,16.0,2.0,8.0,0.11111111111111115,0.011428571428571429,0.0024242424242424247,0.05882352941176471,0.0588902361024458,0.09142857142857143
graph_047_mu_0_3_node_372,16,0.075,0.00031185967543258995,0.37898330804248864,2.6386386386386387,0.010884505461734188,6.0,10.0,0.5999999999999998,0.625,0.2380952380952381,0.0104384133611691,0.45454545454545436,0.4548786768047013,0.1428571428571428
graph_047_mu_0_3_node_373,33,0.13257575757575757,0.0011381709000232842,0.42402376910016976,2.3583583583583585,0.02593468282621251,19.0,14.0,1.3571428571428577,0.42424242424242414,0.1308411214953271,0.01567749160134379,0.2692307692307692,0.2696976226387991,0.17757009345794386
graph_047_mu_0_3_node_374,42,0.09175377468060394,0.0022353260895031316,0.4599447513812155,2.174174174174174,0.039217701975780915,20.0,22.0,0.9090909090909087,0.5238095238095238,0.14965986394557826,0.02579132473622509,0.3548387096774193,0.3555721897067586,0.13605442176870747
graph_047_mu_0_3_node_375,17,0.09558823529411764,0.0004096345203666696,0.4095940959409594,2.4414414414414414,0.016184942740567684,8.0,9.0,0.8888888888888892,0.5294117647058824,0.04812834224598929,0.011070110701107009,0.36,0.3602999500083319,0.04278074866310159
graph_047_mu_0_3_node_376,34,0.11942959001782531,0.001428787610610693,0.44979738856371004,2.2232232232232234,0.03273119952911159,17.0,17.0,1.0,0.5,0.1588785046728972,0.019036954087346018,0.33333333333333326,0.3339000944601879,0.1588785046728972
graph_047_mu_0_3_node_377,27,0.10826210826210826,0.0009063321820002058,0.3911511354737666,2.5565565565565564,0.013133292942560718,17.0,10.0,1.6999999999999995,0.37037037037037035,0.2380952380952381,0.0104384133611691,0.22727272727272718,0.2276061939927487,0.4047619047619049
graph_047_mu_0_3_node_378,50,0.05959183673469388,0.0032685077101923484,0.45825688073394494,2.1821821821821823,0.035794438646704826,29.0,21.0,1.3809523809523807,0.42,0.11229946524064173,0.025830258302583026,0.2658227848101266,0.2665233686299765,0.1550802139037433
graph_047_mu_0_3_node_379,30,0.12873563218390804,0.0012269086452784174,0.4393139841688654,2.2762762762762763,0.026170801892076385,16.0,14.0,1.1428571428571423,0.46666666666666673,0.14583333333333334,0.01548672566371681,0.3043478260869565,0.30481458610562695,0.16666666666666663
graph_047_mu_0_3_node_380,65,0.09759615384615385,0.004435126478829876,0.4837772397094431,2.067067067067067,0.07355060741369449,40.0,25.0,1.6000000000000003,0.38461538461538475,0.1428571428571428,0.03030303030303029,0.2380952380952381,0.23892976758751028,0.22857142857142862
graph_047_mu_0_3_node_381,29,0.07692307692307693,0.0009769240612101712,0.4265584970111016,2.344344344344344,0.02326057753743461,13.0,16.0,0.8125,0.5517241379310346,0.1495327102803738,0.01791713325867861,0.3809523809523811,0.381485678732529,0.11214953271028037
graph_047_mu_0_3_node_382,22,0.1645021645021645,0.0006528224922054391,0.41992433795712486,2.3813813813813813,0.019882008217245527,13.0,9.0,1.444444444444444,0.4090909090909091,0.08411214953271025,0.01007838745800672,0.2571428571428571,0.2574429071511918,0.12149532710280368
graph_047_mu_0_3_node_383,22,0.15151515151515152,0.0005875085485645847,0.4211635750421585,2.374374374374374,0.02985976897530004,11.0,11.0,1.0,0.5,0.06285714285714285,0.013333333333333334,0.33333333333333326,0.33369998777818505,0.06285714285714285
graph_047_mu_0_3_node_384,19,0.07602339181286549,0.000542065411515514,0.40875613747954176,2.4464464464464464,0.015785410700934928,5.0,14.0,0.35714285714285704,0.7368421052631577,0.18181818181818182,0.015167930660888403,0.5833333333333334,0.583799751243781,0.06493506493506494
graph_047_mu_0_3_node_385,32,0.15120967741935484,0.0009706545793530913,0.44778126400717166,2.2332332332332334,0.035977495583238955,18.0,14.0,1.2857142857142858,0.4375,0.09523809523809527,0.016412661195779606,0.28000000000000014,0.2804668222740912,0.12244897959183672
graph_047_mu_0_3_node_386,61,0.060655737704918035,0.004841456325148304,0.4793666026871401,2.086086086086086,0.04501523587960585,36.0,25.0,1.44,0.40983606557377067,0.13368983957219258,0.03075030750307504,0.25773195876288657,0.2585662654540263,0.19251336898395716
graph_047_mu_0_3_node_387,21,0.23809523809523808,0.0003892834523094532,0.4304179233089186,2.3233233233233235,0.037888774813433695,14.0,7.0,2.0,0.33333333333333326,0.04,0.008484848484848486,0.20000000000000004,0.2002334033543396,0.08
graph_047_mu_0_3_node_388,24,0.15942028985507245,0.000724879558237691,0.4128099173553719,2.4224224224224224,0.02272908921270794,15.0,9.0,1.666666666666667,0.375,0.06122448979591836,0.01055099648300117,0.2307692307692308,0.23106932079623896,0.10204081632653059
graph_047_mu_0_3_node_389,32,0.0896551724137931,0.0012653741719361354,0.4220532319391635,2.369369369369369,0.019738713531773235,13.0,19.0,0.6842105263157895,0.59375,0.4130434782608694,0.019916142557652002,0.4222222222222223,0.4228554500175897,0.26086956521739124
graph_047_mu_0_3_node_390,17,0.10476190476190476,0.0003449333973978967,0.36958934517203107,2.705705705705706,0.006710121451756844,9.0,8.0,1.125,0.4705882352941177,0.6153846153846152,0.008105369807497471,0.3076923076923076,0.3079589565823816,0.6153846153846152
graph_047_mu_0_3_node_391,30,0.1471264367816092,0.0011615017394049478,0.42402376910016976,2.3583583583583585,0.021018747106369882,16.0,14.0,1.1428571428571423,0.46666666666666673,0.4000000000000001,0.014507772020725394,0.3043478260869565,0.30481458610562695,0.45714285714285724
graph_047_mu_0_3_node_392,16,0.03333333333333333,0.000335283106095592,0.392688679245283,2.5465465465465464,0.012125728040630423,3.0,13.0,0.2307692307692308,0.8125,0.3095238095238094,0.013569937369519834,0.6842105263157895,0.6846435853783832,0.0714285714285714
graph_047_mu_0_3_node_393,22,0.13852813852813853,0.0005324191105023602,0.3994402239104358,2.5035035035035036,0.01767127643337443,11.0,11.0,1.0,0.5,0.10280373831775697,0.012318029115341547,0.33333333333333326,0.33369998777818505,0.10280373831775697
graph_047_mu_0_3_node_394,24,0.10144927536231885,0.0007202236916034232,0.4201009251471825,2.3803803803803802,0.02290231573970486,14.0,10.0,1.3999999999999997,0.41666666666666674,0.06802721088435373,0.011723329425556862,0.2631578947368421,0.2634912947501781,0.08843537414965989
graph_047_mu_0_3_node_395,22,0.042105263157894736,0.0006302107190873559,0.38962558502340094,2.5665665665665665,0.01093343461744661,9.0,13.0,0.6923076923076923,0.5909090909090909,0.3095238095238094,0.013569937369519834,0.4193548387096773,0.41978807095548665,0.19047619047619055
graph_047_mu_0_3_node_396,32,0.09879032258064516,0.0011969617396101408,0.4263764404609475,2.3453453453453452,0.025648934379984,16.0,16.0,1.0,0.5,0.1495327102803738,0.01791713325867861,0.33333333333333326,0.3338667377872605,0.1495327102803738
graph_047_mu_0_3_node_397,29,0.15270935960591134,0.0011358175686066274,0.427105600684053,2.3413413413413413,0.023409088342225395,14.0,15.0,0.9333333333333335,0.5172413793103449,0.3260869565217392,0.015723270440251572,0.34883720930232553,0.34933722596954797,0.3043478260869565
graph_047_mu_0_3_node_398,22,0.15151515151515152,0.00047554969842162096,0.4192194712547209,2.3853853853853852,0.02168923617313892,12.0,10.0,1.1999999999999995,0.45454545454545436,0.09345794392523366,0.011198208286674137,0.29411764705882354,0.2944510026158607,0.11214953271028037
graph_047_mu_0_3_node_399,15,0.2761904761904762,0.0001499120138392509,0.40379951495553756,2.4764764764764764,0.02054324599144642,10.0,5.0,2.0,0.33333333333333326,0.03401360544217687,0.005861664712778431,0.20000000000000004,0.20016668333500007,0.06802721088435373
graph_047_mu_0_3_node_400,17,0.10294117647058823,0.00036643864639523635,0.4114497528830313,2.4304304304304303,0.015728721195623834,10.0,7.0,1.4285714285714282,0.41176470588235303,0.037433155080213894,0.008610086100861008,0.2592592592592592,0.25949260037062954,0.04278074866310159
graph_047_mu_0_3_node_401,36,0.1,0.0016967594452407064,0.4278372591006424,2.3373373373373374,0.02613665438089869,15.0,21.0,0.7142857142857141,0.5833333333333334,0.21875,0.023230088495575223,0.41176470588235303,0.41246463588935217,0.15625
graph_047_mu_0_3_node_402,19,0.18128654970760233,0.0004976574077209063,0.41195876288659794,2.4274274274274275,0.02115197019591991,10.0,9.0,1.1111111111111112,0.4736842105263158,0.06122448979591836,0.01055099648300117,0.31034482758620696,0.3106448175865403,0.06802721088435373
graph_047_mu_0_3_node_403,20,0.08421052631578947,0.0004470265473563972,0.40478119935170176,2.4704704704704703,0.01769434088552885,9.0,11.0,0.8181818181818182,0.5499999999999999,0.10280373831775697,0.012318029115341547,0.3793103448275863,0.3796769503933251,0.08411214953271025
graph_047_mu_0_3_node_404,20,0.15789473684210525,0.0003919850417762646,0.4233050847457627,2.3623623623623624,0.023592065767775817,14.0,6.0,2.3333333333333335,0.2999999999999999,0.04081632653061224,0.007033997655334117,0.17647058823529405,0.17667065492419048,0.08843537414965989
graph_047_mu_0_3_node_405,22,0.12631578947368421,0.0005833024697780291,0.3920722135007849,2.5505505505505504,0.012418189105237072,10.0,12.0,0.8333333333333335,0.5454545454545452,0.8000000000000002,0.01218274111675127,0.375,0.3753999466737768,0.5999999999999998
graph_047_mu_0_3_node_406,56,0.10064935064935066,0.003509204459631323,0.479136690647482,2.0870870870870872,0.059904450515494756,28.0,28.0,1.0,0.5,0.19047619047619055,0.03282532239155921,0.33333333333333326,0.3342671647100675,0.1836734693877551
graph_047_mu_0_3_node_407,28,0.10582010582010581,0.0009968589469207876,0.44223107569721115,2.2612612612612613,0.028793610024759542,9.0,19.0,0.4736842105263158,0.6785714285714288,0.17757009345794386,0.021276595744680844,0.5135135135135133,0.5141465725212767,0.08411214953271025
graph_047_mu_0_3_node_408,19,0.10526315789473684,0.0003980663395467576,0.39330708661417324,2.5425425425425425,0.0153849611546173,11.0,8.0,1.375,0.4210526315789473,0.05442176870748297,0.009378663540445488,0.2666666666666666,0.2669333511122963,0.07482993197278913
graph_047_mu_0_3_node_409,18,0.13071895424836602,0.000635229603103155,0.41195876288659794,2.4274274274274275,0.02143175806068026,5.0,13.0,0.38461538461538475,0.722222222222222,0.8666666666666669,0.013197969543147205,0.5652173913043478,0.5656505080792937,0.33333333333333326
graph_047_mu_0_3_node_410,56,0.11103896103896103,0.0028807948989650763,0.4605809128630705,2.171171171171171,0.06473073214392913,34.0,22.0,1.5454545454545454,0.39285714285714296,0.1257142857142857,0.02666666666666667,0.24444444444444444,0.24517860983188342,0.19428571428571434
graph_047_mu_0_3_node_411,33,0.058712121212121215,0.001578400992113605,0.4453856442264824,2.245245245245245,0.02704034482277365,14.0,19.0,0.7368421052631577,0.5757575757575759,0.10160427807486629,0.023370233702337026,0.404255319148936,0.40488858915526893,0.06417112299465244
graph_047_mu_0_3_node_412,20,0.08421052631578947,0.0005132741534616761,0.39705882352941174,2.5185185185185186,0.015097890643931597,9.0,11.0,0.8181818181818182,0.5499999999999999,0.10280373831775697,0.012318029115341547,0.3793103448275863,0.3796769503933251,0.08411214953271025
graph_047_mu_0_3_node_413,20,0.2,0.00030172770416482617,0.42893945899527697,2.3313313313313313,0.02793597164130568,14.0,6.0,2.3333333333333335,0.2999999999999999,0.04081632653061224,0.007033997655334117,0.17647058823529405,0.17667065492419048,0.09523809523809527
graph_047_mu_0_3_node_414,22,0.10822510822510822,0.0006427749659082618,0.4213412062420919,2.3733733733733735,0.021744028138986786,9.0,13.0,0.6923076923076923,0.5909090909090909,0.16883116883116883,0.014084507042253523,0.4193548387096773,0.41978807095548665,0.11688311688311685
graph_047_mu_0_3_node_415,23,0.16600790513833993,0.0005597475567773314,0.42098609355246525,2.3753753753753752,0.033170435928140514,15.0,8.0,1.875,0.3478260869565216,0.045714285714285714,0.009696969696969699,0.21052631578947364,0.21079307137466868,0.08571428571428569
graph_047_mu_0_3_node_416,22,0.16017316017316016,0.0004909496441011565,0.428204029147021,2.335335335335335,0.028270298073570874,12.0,10.0,1.1999999999999995,0.45454545454545436,0.06802721088435373,0.011723329425556862,0.29411764705882354,0.2944510026158607,0.08163265306122448
graph_047_mu_0_3_node_417,23,0.13438735177865613,0.0005333445269012797,0.42728828058169377,2.34034034034034,0.022840805371831783,11.0,12.0,0.9166666666666664,0.5217391304347825,0.11214953271028037,0.013437849944008958,0.3529411764705881,0.35334114980569914,0.10280373831775697
graph_047_mu_0_3_node_418,32,0.10804597701149425,0.0011726775148421255,0.45825688073394494,2.1821821821821823,0.04374890645959132,17.0,15.0,1.133333333333333,0.46875,0.08571428571428569,0.018181818181818184,0.3061224489795918,0.3066225656734871,0.09142857142857143
graph_047_mu_0_3_node_419,23,0.10276679841897234,0.0006555921175095139,0.42893945899527697,2.3313313313313313,0.021426273746764913,7.0,16.0,0.4375,0.6956521739130432,0.08556149732620318,0.019680196801968024,0.5333333333333332,0.5338664178938718,0.037433155080213894
graph_047_mu_0_3_node_420,23,0.1383399209486166,0.0006666585579639886,0.41957160856782866,2.3833833833833835,0.020614522792689594,13.0,10.0,1.3000000000000005,0.4347826086956522,0.12987012987012989,0.010834236186348859,0.2777777777777778,0.27811115556148236,0.16883116883116883
graph_047_mu_0_3_node_421,20,0.1,0.0004431885010875903,0.42080876158382474,2.3763763763763763,0.022380927063577423,9.0,11.0,0.8181818181818182,0.5499999999999999,0.10280373831775697,0.012318029115341547,0.3793103448275863,0.3796769503933251,0.08411214953271025
graph_047_mu_0_3_node_422,41,0.11219512195121951,0.0016623147252549295,0.44419742107603377,2.2512512512512513,0.0485373030462524,27.0,14.0,1.928571428571428,0.34146341463414637,0.08,0.01696969696969697,0.20588235294117652,0.206349455570297,0.15428571428571428
graph_047_mu_0_3_node_423,47,0.14545454545454545,0.0023610334643792284,0.43302990897269183,2.309309309309309,0.02611233732657503,26.0,21.0,1.2380952380952377,0.44680851063829785,0.5999999999999998,0.02176165803108809,0.28767123287671226,0.2883716764910015,0.7142857142857141
graph_047_mu_0_3_node_424,52,0.12594268476621417,0.0024145513093706498,0.46271421954608616,2.161161161161161,0.06418392890328091,34.0,18.0,1.8888888888888888,0.34615384615384615,0.1028571428571428,0.021818181818181827,0.2093023255813953,0.20990308654528297,0.19428571428571434
graph_047_mu_0_3_node_425,23,0.20948616600790515,0.0003366493512485655,0.42420382165605097,2.3573573573573574,0.03590810298866861,17.0,6.0,2.8333333333333335,0.26086956521739124,0.034285714285714294,0.007272727272727275,0.14999999999999994,0.15020010672358589,0.09714285714285717
graph_047_mu_0_3_node_426,45,0.09292929292929293,0.002802354886524446,0.44778126400717166,2.2332332332332334,0.03233413546000786,25.0,20.0,1.25,0.4444444444444446,0.20833333333333337,0.02212389380530973,0.2857142857142856,0.2863813526210964,0.26041666666666663
graph_047_mu_0_3_node_427,25,0.15333333333333332,0.0006886544843214657,0.41659716430358634,2.4004004004004003,0.02489919108413888,14.0,11.0,1.272727272727273,0.4400000000000001,0.07482993197278913,0.012895662368112544,0.282051282051282,0.2824180098392467,0.09523809523809527
graph_047_mu_0_3_node_428,18,0.032679738562091505,0.0005413758461633583,0.38334612432847276,2.6086086086086087,0.008922858808715128,9.0,9.0,1.0,0.5,0.04812834224598929,0.011070110701107009,0.33333333333333326,0.3336333033363329,0.026737967914438502
graph_047_mu_0_3_node_429,25,0.14,0.0008663066839673794,0.4233050847457627,2.3623623623623624,0.03306266397347127,13.0,12.0,1.0833333333333335,0.4800000000000002,0.06857142857142859,0.01454545454545455,0.31578947368421056,0.31618950035265503,0.07428571428571427
graph_047_mu_0_3_node_430,17,0.22058823529411764,0.00035960925136052944,0.4016887816646562,2.4894894894894897,0.013999032339292885,10.0,7.0,1.4285714285714282,0.41176470588235303,0.09090909090909091,0.007583965330444201,0.2592592592592592,0.25949260037062954,0.12987012987012989
graph_047_mu_0_3_node_431,17,0.16911764705882354,0.0003178256201103775,0.404126213592233,2.4744744744744747,0.022290297016795337,12.0,5.0,2.399999999999999,0.29411764705882354,0.028571428571428577,0.006060606060606059,0.17241379310344834,0.1725804986680801,0.06285714285714285
graph_047_mu_0_3_node_432,43,0.09634146341463415,0.001981758453337976,0.4393139841688654,2.2762762762762763,0.0355309904242413,24.0,19.0,1.2631578947368423,0.44186046511627897,0.1292517006802721,0.02227432590855804,0.2835820895522388,0.28421578197794656,0.15646258503401358
graph_047_mu_0_3_node_433,14,0.16483516483516483,0.00018103999206090676,0.3863109048723898,2.5885885885885886,0.011359637198309468,8.0,6.0,1.333333333333333,0.42857142857142855,0.07792207792207793,0.0065005417118093175,0.2727272727272726,0.2729272593948283,0.1038961038961039
graph_047_mu_0_3_node_434,20,0.0457516339869281,0.00046998528901216996,0.3976910828025478,2.5145145145145147,0.013399445966475191,10.0,10.0,1.0,0.5,0.12987012987012989,0.010834236186348859,0.33333333333333326,0.333666644445926,0.11688311688311685
graph_047_mu_0_3_node_435,30,0.07816091954022988,0.0009872190979781654,0.4243840271877655,2.3563563563563563,0.024990199209758975,16.0,14.0,1.1428571428571423,0.46666666666666673,0.09523809523809527,0.016412661195779606,0.3043478260869565,0.30481458610562695,0.10884353741496594
graph_047_mu_0_3_node_436,20,0.1631578947368421,0.0003844111406410572,0.40675895765472314,2.4584584584584586,0.01860924845563351,12.0,8.0,1.5,0.4000000000000001,0.0747663551401869,0.008958566629339306,0.25,0.2502667022269636,0.11214953271028037
graph_047_mu_0_3_node_437,20,0.05263157894736842,0.0006261526133277816,0.40024038461538464,2.4984984984984986,0.012288266214496234,8.0,12.0,0.6666666666666665,0.5999999999999998,0.2553191489361702,0.012591815320041971,0.42857142857142855,0.4289713219331989,0.17021276595744675
graph_047_mu_0_3_node_438,95,0.07659574468085106,0.008650976395714457,0.500501002004008,1.997997997997998,0.09769596119871969,59.0,36.0,1.6388888888888888,0.3789473684210527,0.2057142857142856,0.043636363636363654,0.2337662337662337,0.2349690403148471,0.3371428571428572
graph_047_mu_0_3_node_439,20,0.06315789473684211,0.0005805843081791655,0.4192194712547209,2.3853853853853852,0.01611384452628159,10.0,10.0,1.0,0.5,0.053475935828877004,0.012300123001230012,0.33333333333333326,0.333666644445926,0.04812834224598929
graph_047_mu_0_3_node_440,22,0.18614718614718614,0.00048150092464489623,0.391304347826087,2.5555555555555554,0.012947767285164802,13.0,9.0,1.444444444444444,0.4090909090909091,0.19565217391304346,0.009433962264150943,0.2571428571428571,0.2574429071511918,0.2826086956521739
graph_047_mu_0_3_node_441,18,0.10457516339869281,0.0004413077514045624,0.39832535885167464,2.5105105105105103,0.013235404294565158,8.0,10.0,0.8000000000000002,0.5555555555555556,0.12987012987012989,0.010834236186348859,0.38461538461538475,0.3849486512953819,0.1038961038961039
graph_047_mu_0_3_node_442,15,0.09523809523809523,0.0002568743485323997,0.3821729150726855,2.6166166166166165,0.010456990008114347,7.0,8.0,0.875,0.5333333333333332,0.1038961038961039,0.00866738894907909,0.36363636363636365,0.36390297698036167,0.09090909090909091
graph_047_mu_0_3_node_443,16,0.025,0.00036765923094158817,0.3914576802507837,2.5545545545545547,0.012947632195010878,5.0,11.0,0.45454545454545436,0.6875,0.07482993197278913,0.012895662368112544,0.5238095238095238,0.5241760316561237,0.02040816326530612
graph_047_mu_0_3_node_444,17,0.051470588235294115,0.0003373735498924522,0.3903868698710434,2.5615615615615615,0.011635169717425132,9.0,8.0,1.125,0.4705882352941177,0.04278074866310159,0.009840098400984012,0.3076923076923076,0.3079589565823816,0.026737967914438502
graph_047_mu_0_3_node_445,17,0.25735294117647056,0.00023522671903401945,0.42027766091712243,2.3793793793793796,0.033214057753526635,13.0,4.0,3.25,0.23529411764705885,0.022857142857142857,0.004848484848484849,0.1333333333333333,0.13346671112593086,0.07428571428571427
graph_047_mu_0_3_node_446,18,0.0784313725490196,0.00043979492999047376,0.41366459627329194,2.4174174174174174,0.018640587057290103,7.0,11.0,0.6363636363636365,0.6111111111111108,0.05882352941176471,0.013530135301353018,0.4400000000000001,0.44036655669965685,0.03208556149732622
graph_047_mu_0_3_node_447,16,0.175,0.00027167346285929484,0.3967434471803018,2.5205205205205203,0.013203623048227238,10.0,6.0,1.666666666666667,0.375,0.03208556149732622,0.007380073800738006,0.2307692307692308,0.23096924410345301,0.04812834224598929
graph_047_mu_0_3_node_448,23,0.05714285714285714,0.0007780896938644626,0.3914576802507837,2.5545545545545547,0.010784617908776014,8.0,15.0,0.5333333333333332,0.6521739130434784,1.1538461538461535,0.01519756838905775,0.4838709677419357,0.48437078447579984,0.5384615384615384
graph_047_mu_0_3_node_449,47,0.08585858585858586,0.0023705502857103277,0.4381578947368421,2.2822822822822824,0.03057932854460215,25.0,22.0,1.1363636363636365,0.46808510638297895,0.2291666666666666,0.024336283185840708,0.3055555555555554,0.3062892802087039,0.25
graph_047_mu_0_3_node_450,30,0.15862068965517243,0.0009025244590984729,0.4233050847457627,2.3623623623623624,0.025420146845964265,21.0,9.0,2.3333333333333335,0.2999999999999999,0.08411214953271025,0.01007838745800672,0.17647058823529405,0.1767707983823971,0.19626168224299068
graph_047_mu_0_3_node_451,19,0.13450292397660818,0.00039445262520784133,0.40478119935170176,2.4704704704704703,0.016365360617178755,7.0,12.0,0.5833333333333334,0.6315789473684211,0.15584415584415587,0.013001083423618635,0.4615384615384616,0.46193832824955805,0.09090909090909091
graph_047_mu_0_3_node_452,28,0.1111111111111111,0.0009685258090794863,0.43246753246753245,2.3123123123123124,0.023909380888062104,16.0,12.0,1.333333333333333,0.42857142857142855,0.125,0.013274336283185835,0.2727272727272726,0.2731273794223914,0.15625
graph_047_mu_0_3_node_453,69,0.08397271952259165,0.005840528047818862,0.47776183644189385,2.093093093093093,0.04838200659794119,39.0,30.0,1.3000000000000005,0.4347826086956522,0.3896103896103896,0.032502708559046585,0.2777777777777778,0.2787789792195077,0.5064935064935064
graph_047_mu_0_3_node_454,17,0.13970588235294118,0.0003666578732403797,0.38571428571428573,2.5925925925925926,0.012657404445611867,9.0,8.0,1.125,0.4705882352941177,0.0747663551401869,0.008958566629339306,0.3076923076923076,0.3079589565823816,0.08411214953271025
graph_047_mu_0_3_node_455,15,0.21904761904761905,0.00020353465237685648,0.3851195065535852,2.5965965965965965,0.012195399251794367,11.0,4.0,2.75,0.2666666666666666,0.04166666666666666,0.004424778761061947,0.1538461538461538,0.15397951385148825,0.1145833333333333
graph_047_mu_0_3_node_456,15,0.37142857142857144,0.00013898314802302414,0.3837879369957741,2.6056056056056054,0.01186725442532937,11.0,4.0,2.75,0.2666666666666666,0.05194805194805195,0.004333694474539545,0.1538461538461538,0.15397951385148825,0.1428571428571428
graph_047_mu_0_3_node_457,22,0.1645021645021645,0.000582071732355471,0.41555740432612315,2.4064064064064064,0.02064210126758979,10.0,12.0,0.8333333333333335,0.5454545454545452,0.125,0.013274336283185835,0.375,0.3753999466737768,0.09375
graph_047_mu_0_3_node_458,86,0.08864569083447332,0.007185693058235886,0.4913920314805706,2.035035035035035,0.08932493154203204,59.0,27.0,2.1851851851851842,0.313953488372093,0.15428571428571428,0.03272727272727272,0.18620689655172418,0.1871092728092022,0.3371428571428572
graph_047_mu_0_3_node_459,128,0.06815944881889764,0.01744592061954871,0.5213987473903967,1.917917917917918,0.09620845534320899,81.0,47.0,1.723404255319149,0.3671875,0.31972789115646266,0.05509964830011724,0.2248803827751197,0.2264524468618173,0.5510204081632653
graph_047_mu_0_3_node_460,14,0.08791208791208792,0.0003485818441385986,0.3976910828025478,2.5145145145145147,0.011654920158255115,7.0,7.0,1.0,0.5,0.037433155080213894,0.008610086100861008,0.33333333333333326,0.33356662778425805,0.03208556149732622
graph_047_mu_0_3_node_461,21,0.14285714285714285,0.0005786945189099518,0.4104354971240756,2.4364364364364364,0.019981865254912683,11.0,10.0,1.0999999999999999,0.4761904761904762,0.10416666666666669,0.011061946902654865,0.3125,0.31283333333333335,0.1145833333333333
graph_047_mu_0_3_node_462,58,0.12038717483363581,0.0032967041017986348,0.47368421052631576,2.111111111111111,0.06863028083075567,39.0,19.0,2.052631578947369,0.32758620689655166,0.10857142857142855,0.023030303030303026,0.19587628865979387,0.19651061577227,0.2228571428571429
graph_047_mu_0_3_node_463,15,0.13333333333333333,0.0002522210642489667,0.3940828402366864,2.5375375375375375,0.012469715797891754,8.0,7.0,1.1428571428571423,0.46666666666666673,0.06542056074766354,0.007838745800671894,0.3043478260869565,0.3045811360892897,0.0747663551401869
graph_047_mu_0_3_node_464,16,0.14285714285714285,0.00026087336707320414,0.3858632676709154,2.5915915915915915,0.010145864129875599,10.0,6.0,1.666666666666667,0.375,0.056074766355140186,0.006718924972004479,0.2307692307692308,0.23096924410345301,0.08411214953271025
graph_047_mu_0_3_node_465,27,0.11965811965811966,0.0008820598912102536,0.4320934256055363,2.314314314314314,0.02663315977478091,13.0,14.0,0.9285714285714288,0.5185185185185184,0.09523809523809527,0.016412661195779606,0.3499999999999999,0.35046666666666665,0.08843537414965989
graph_047_mu_0_3_node_466,18,0.0784313725490196,0.0004387545074381964,0.40976210008203445,2.4404404404404403,0.015580535981266906,10.0,8.0,1.25,0.4444444444444446,0.04278074866310159,0.009840098400984012,0.2857142857142856,0.28598095238095234,0.053475935828877004
graph_047_mu_0_3_node_467,36,0.10476190476190476,0.0014944007676137262,0.4391208791208791,2.2772772772772774,0.02558646395521027,19.0,17.0,1.1176470588235292,0.4722222222222222,0.17708333333333334,0.018805309734513272,0.309090909090909,0.309657745808591,0.19791666666666663
graph_047_mu_0_3_node_468,17,0.20588235294117646,0.0002475201200752058,0.4059325477448192,2.4634634634634636,0.016552621015220478,11.0,6.0,1.8333333333333328,0.3529411764705881,0.056074766355140186,0.006718924972004479,0.21428571428571427,0.21448574095593687,0.10280373831775697
graph_047_mu_0_3_node_469,15,0.13333333333333333,0.00027878392080161535,0.3994402239104358,2.5035035035035036,0.012874861079868537,6.0,9.0,0.6666666666666665,0.5999999999999998,0.04812834224598929,0.011070110701107009,0.42857142857142855,0.4288713385984204,0.03208556149732622
graph_047_mu_0_3_node_470,20,0.22105263157894736,0.0003107484637506595,0.3996,2.5025025025025025,0.018170418524036166,14.0,6.0,2.3333333333333335,0.2999999999999999,0.056074766355140186,0.006718924972004479,0.17647058823529405,0.17667065492419048,0.1308411214953271
graph_047_mu_0_3_node_471,17,0.22058823529411764,0.0001528595379552228,0.4024979854955681,2.4844844844844847,0.02660922584547783,14.0,3.0,4.666666666666667,0.17647058823529405,0.017142857142857147,0.0036363636363636377,0.09677419354838708,0.09687423690050638,0.08
graph_047_mu_0_3_node_472,18,0.0457516339869281,0.0005094012730266278,0.38086160884483417,2.625625625625626,0.009469909056044924,5.0,13.0,0.38461538461538475,0.722222222222222,0.8666666666666669,0.013197969543147205,0.5652173913043478,0.5656505080792937,0.33333333333333326
graph_047_mu_0_3_node_473,17,0.08088235294117647,0.0004941742157376434,0.39564356435643566,2.5275275275275275,0.012018983638647637,5.0,12.0,0.41666666666666674,0.7058823529411762,0.15584415584415587,0.013001083423618635,0.5454545454545452,0.5458543588749494,0.06493506493506494
graph_047_mu_0_3_node_474,16,0.09166666666666666,0.00041778035298913166,0.3994402239104358,2.5035035035035036,0.011784487600385094,8.0,8.0,1.0,0.5,0.04278074866310159,0.009840098400984012,0.33333333333333326,0.33359996444918466,0.04278074866310159
graph_047_mu_0_3_node_475,22,0.12121212121212122,0.0005612211737232389,0.4013660104459622,2.4914914914914914,0.01551574712331789,12.0,10.0,1.1999999999999995,0.45454545454545436,0.10416666666666669,0.011061946902654865,0.29411764705882354,0.2944510026158607,0.125
graph_047_mu_0_3_node_476,34,0.16042780748663102,0.0012594834423575322,0.411619283065513,2.4294294294294296,0.019470850136385307,19.0,15.0,1.2666666666666662,0.44117647058823545,0.42857142857142855,0.0155440414507772,0.2830188679245283,0.2835190513251086,0.5428571428571429
graph_047_mu_0_3_node_477,20,0.05789473684210526,0.0005737292255050108,0.392226148409894,2.5495495495495497,0.012460696613585872,6.0,14.0,0.42857142857142855,0.6999999999999998,0.33333333333333326,0.014613778705636741,0.5384615384615384,0.5389279874520093,0.0714285714285714
graph_047_mu_0_3_node_478,49,0.13350340136054423,0.0021637770033922396,0.47503566333808844,2.105105105105105,0.06595713242224167,29.0,20.0,1.4499999999999995,0.40816326530612235,0.11428571428571431,0.024242424242424235,0.2564102564102564,0.2570775013558758,0.16571428571428568
graph_047_mu_0_3_node_479,18,0.11764705882352941,0.0004367691994028891,0.39753282928770395,2.5155155155155153,0.015188035446836867,9.0,9.0,1.0,0.5,0.06122448979591836,0.01055099648300117,0.33333333333333326,0.3336333033363329,0.06122448979591836
graph_047_mu_0_3_node_480,18,0.08496732026143791,0.0005808712147577162,0.4057676685621446,2.4644644644644647,0.015480873334963665,7.0,11.0,0.6363636363636365,0.6111111111111108,0.07482993197278913,0.012895662368112544,0.4400000000000001,0.44036655669965685,0.04761904761904764
graph_047_mu_0_3_node_481,27,0.1396011396011396,0.0007927740523430466,0.4410596026490066,2.2672672672672673,0.028289303996968794,12.0,15.0,0.8000000000000002,0.5555555555555556,0.1948051948051948,0.016251354279523293,0.38461538461538475,0.38511533462038405,0.15584415584415587
graph_047_mu_0_3_node_482,24,0.08333333333333333,0.0007948099969784541,0.4233050847457627,2.3623623623623624,0.019068823077663864,11.0,13.0,0.8461538461538461,0.5416666666666667,0.13541666666666669,0.014380530973451324,0.37142857142857155,0.37186186143290445,0.1145833333333333
graph_047_mu_0_3_node_483,17,0.09558823529411764,0.0003128768167281732,0.4015273311897106,2.4904904904904903,0.016129747946857533,8.0,9.0,0.8888888888888892,0.5294117647058824,0.06122448979591836,0.01055099648300117,0.36,0.3602999500083319,0.04081632653061224
graph_047_mu_0_3_node_484,21,0.1619047619047619,0.00041987971800462864,0.4016887816646562,2.4894894894894897,0.018402168090148226,13.0,8.0,1.625,0.3809523809523811,0.0747663551401869,0.008958566629339306,0.23529411764705885,0.23556083765772765,0.11214953271028037
graph_047_mu_0_3_node_485,16,0.18333333333333332,0.00027134363835480354,0.4183417085427136,2.3903903903903903,0.01958555273502638,8.0,8.0,1.0,0.5,0.04278074866310159,0.009840098400984012,0.33333333333333326,0.33359996444918466,0.04278074866310159
graph_047_mu_0_3_node_486,19,0.19883040935672514,0.000542738508696588,0.4145228215767635,2.4124124124124124,0.01784042801732124,9.0,10.0,0.9000000000000002,0.5263157894736842,0.10416666666666669,0.011061946902654865,0.35714285714285704,0.35747614603767114,0.09375
graph_047_mu_0_3_node_487,25,0.09666666666666666,0.0006935906259301469,0.408923454768727,2.4454454454454453,0.01934727040786303,13.0,12.0,1.0833333333333335,0.4800000000000002,0.11214953271028037,0.013437849944008958,0.31578947368421056,0.31618950035265503,0.12149532710280368
graph_047_mu_0_3_node_488,34,0.08912655971479501,0.001583960440907655,0.4567901234567901,2.189189189189189,0.0337318536046366,12.0,22.0,0.5454545454545452,0.6470588235294118,0.20560747663551393,0.024636058230683093,0.4782608695652175,0.4789939585355605,0.11214953271028037
graph_047_mu_0_3_node_489,22,0.13852813852813853,0.0006236792120822935,0.4070904645476773,2.4564564564564564,0.018117107883236647,11.0,11.0,1.0,0.5,0.10280373831775697,0.012318029115341547,0.33333333333333326,0.33369998777818505,0.10280373831775697
graph_047_mu_0_3_node_490,26,0.09230769230769231,0.0008123266333687726,0.43796580447172295,2.2832832832832834,0.03372633273601433,13.0,13.0,1.0,0.5,0.07428571428571427,0.015757575757575755,0.33333333333333326,0.33376668111159263,0.07428571428571427
graph_047_mu_0_3_node_491,20,0.1736842105263158,0.00046034714677688134,0.4124690338563171,2.4244244244244246,0.018708913941937348,13.0,7.0,1.8571428571428577,0.3499999999999999,0.07291666666666667,0.007743362831858405,0.21212121212121207,0.21235459991169664,0.125
graph_047_mu_0_3_node_492,22,0.12987012987012986,0.0005873417868099409,0.3943939992104224,2.5355355355355353,0.014457103352538367,9.0,13.0,0.6923076923076923,0.5909090909090909,0.2826086956521739,0.013626834381551357,0.4193548387096773,0.41978807095548665,0.19565217391304346
graph_047_mu_0_3_node_493,25,0.1422924901185771,0.0006059064120705345,0.43359375,2.3063063063063063,0.022358216168695922,13.0,12.0,1.0833333333333335,0.4800000000000002,0.15584415584415587,0.013001083423618635,0.31578947368421056,0.31618950035265503,0.15584415584415587
graph_047_mu_0_3_node_494,27,0.14814814814814814,0.0009436243912079787,0.427105600684053,2.3413413413413413,0.03583007841068497,14.0,13.0,1.0769230769230769,0.4814814814814816,0.07428571428571427,0.015757575757575755,0.3170731707317073,0.3175065474027078,0.08
graph_047_mu_0_3_node_495,26,0.12923076923076923,0.0007851226437937238,0.39832535885167464,2.5105105105105103,0.01620144216622273,11.0,15.0,0.7333333333333332,0.5769230769230768,0.42857142857142855,0.0155440414507772,0.4054054054054053,0.4059053220859586,0.3142857142857142
graph_047_mu_0_3_node_496,18,0.06535947712418301,0.0004972299856989027,0.40396279822078446,2.4754754754754753,0.014747292874570326,4.0,14.0,0.2857142857142856,0.777777777777778,0.18181818181818182,0.015167930660888403,0.6363636363636365,0.6368300231982023,0.05194805194805195
graph_047_mu_0_3_node_497,25,0.08333333333333333,0.000765956609248339,0.40942622950819674,2.4424424424424425,0.017135745491187855,14.0,11.0,1.272727272727273,0.4400000000000001,0.05882352941176471,0.013530135301353018,0.282051282051282,0.2824180098392467,0.06951871657754015
graph_047_mu_0_3_node_498,31,0.06451612903225806,0.0013016573051128897,0.4366258741258741,2.29029029029029,0.023953496188030034,16.0,15.0,1.0666666666666664,0.4838709677419357,0.08021390374331552,0.01845018450184502,0.3191489361702127,0.3196490195174374,0.08021390374331552
graph_047_mu_0_3_node_499,21,0.18095238095238095,0.0005289065501418098,0.41060419235511714,2.4354354354354353,0.03003920008788128,13.0,8.0,1.625,0.3809523809523811,0.045714285714285714,0.009696969696969699,0.23529411764705885,0.23556083765772765,0.07428571428571427
graph_047_mu_0_3_node_500,15,0.09523809523809523,0.0002570511656909939,0.38901869158878505,2.5705705705705704,0.011489588051505536,12.0,3.0,4.0,0.20000000000000004,0.01604278074866311,0.003690036900369003,0.11111111111111115,0.11121114112011378,0.053475935828877004
graph_047_mu_0_3_node_501,15,0.11428571428571428,0.00034451421353351696,0.4148671096345515,2.4104104104104103,0.018250135100242013,6.0,9.0,0.6666666666666665,0.5999999999999998,0.04812834224598929,0.011070110701107009,0.42857142857142855,0.4288713385984204,0.026737967914438502
graph_047_mu_0_3_node_502,18,0.032679738562091505,0.0005182814206111211,0.40298507462686567,2.4814814814814814,0.01336466367848274,3.0,15.0,0.20000000000000004,0.8333333333333335,0.15625,0.016592920353982302,0.7142857142857141,0.7147853645305429,0.0
graph_047_mu_0_3_node_503,16,0.2916666666666667,0.0001900860896313493,0.4054383116883117,2.4664664664664664,0.029305485226001973,13.0,3.0,4.333333333333334,0.1875,0.017142857142857147,0.0036363636363636377,0.10344827586206896,0.10354831254218502,0.07428571428571427
graph_047_mu_0_3_node_504,18,0.0392156862745098,0.0005412254845364327,0.3978494623655914,2.5135135135135136,0.012536187392107722,3.0,15.0,0.20000000000000004,0.8333333333333335,0.35714285714285704,0.015657620041753646,0.7142857142857141,0.7147853645305429,0.04761904761904764
graph_047_mu_0_3_node_505,24,0.10507246376811594,0.0008912053766814823,0.4150394682176984,2.4094094094094096,0.017080803425033934,10.0,14.0,0.7142857142857141,0.5833333333333334,0.18181818181818182,0.015167930660888403,0.41176470588235303,0.4122312792343494,0.12987012987012989
graph_047_mu_0_3_node_506,18,0.08496732026143791,0.0004384705921670375,0.41263940520446096,2.4234234234234235,0.015210525542864797,9.0,9.0,1.0,0.5,0.04812834224598929,0.011070110701107009,0.33333333333333326,0.3336333033363329,0.04812834224598929
graph_047_mu_0_3_node_507,18,0.1503267973856209,0.0003385112975311074,0.3951740506329114,2.5305305305305303,0.014999353078313163,9.0,9.0,1.0,0.5,0.09375,0.009955752212389377,0.33333333333333326,0.3336333033363329,0.09375
graph_047_mu_0_3_node_508,21,0.18571428571428572,0.0005513199775422805,0.4186923721709975,2.3883883883883885,0.023219532746427345,13.0,8.0,1.625,0.3809523809523811,0.05442176870748297,0.009378663540445488,0.23529411764705885,0.23556083765772765,0.08843537414965989
graph_047_mu_0_3_node_509,21,0.08571428571428572,0.0005441054568957987,0.4062627084180561,2.4614614614614614,0.015999656300052068,9.0,12.0,0.75,0.5714285714285712,0.11214953271028037,0.013437849944008958,0.4000000000000001,0.40039992001599684,0.08411214953271025
graph_047_mu_0_3_node_510,24,0.25,0.0003600736395411533,0.43116098403107467,2.319319319319319,0.04288320522247186,18.0,6.0,3.0,0.25,0.034285714285714294,0.007272727272727275,0.1428571428571428,0.14305726292918614,0.1028571428571428
graph_047_mu_0_3_node_511,21,0.10952380952380952,0.0005575308014135923,0.4157303370786517,2.4054054054054053,0.018696859581495345,11.0,10.0,1.0999999999999999,0.4761904761904762,0.12987012987012989,0.010834236186348859,0.3125,0.31283333333333335,0.1428571428571428
graph_047_mu_0_3_node_512,24,0.06884057971014493,0.0009466136657341263,0.428204029147021,2.335335335335335,0.01836617889089905,8.0,16.0,0.5,0.6666666666666665,0.08556149732620318,0.019680196801968024,0.5,0.5005331200852992,0.026737967914438502
graph_047_mu_0_3_node_513,29,0.16995073891625614,0.0009484829563826436,0.42223161453930685,2.3683683683683685,0.023193607122508512,19.0,10.0,1.8999999999999995,0.3448275862068967,0.09345794392523366,0.011198208286674137,0.20833333333333337,0.20866684453930992,0.17757009345794386
graph_047_mu_0_3_node_514,31,0.08172043010752689,0.0013788721185414368,0.43586387434554974,2.294294294294294,0.022253506727260005,20.0,11.0,1.8181818181818175,0.3548387096774193,0.05882352941176471,0.013530135301353018,0.21568627450980402,0.21605314907205597,0.09090909090909091
graph_047_mu_0_3_node_515,48,0.0700354609929078,0.0030208555968825376,0.4661689220718619,2.145145145145145,0.04036370555512413,28.0,20.0,1.3999999999999997,0.41666666666666674,0.10695187165775401,0.024600246002460024,0.2631578947368421,0.2638250951638504,0.14973262032085558
graph_047_mu_0_3_node_516,25,0.14666666666666667,0.0007056146188522084,0.42312579415501905,2.3633633633633635,0.020355189755491394,15.0,10.0,1.5,0.4000000000000001,0.10416666666666669,0.011061946902654865,0.25,0.2503334222459323,0.15625
graph_047_mu_0_3_node_517,54,0.06918238993710692,0.003688889102921417,0.46079335793357934,2.17017017017017,0.03523941879129229,35.0,19.0,1.8421052631578938,0.35185185185185197,0.10160427807486629,0.023370233702337026,0.2134831460674157,0.2141173038058089,0.1871657754010695
graph_047_mu_0_3_node_518,53,0.1262699564586357,0.0025053165104112025,0.451627486437613,2.214214214214214,0.04040936279732765,37.0,16.0,2.3125,0.3018867924528302,0.1495327102803738,0.01791713325867861,0.1777777777777777,0.1783119301447405,0.3457943925233646
graph_047_mu_0_3_node_519,21,0.07142857142857142,0.0006805443638847385,0.40314769975786924,2.4804804804804803,0.016806112911582655,6.0,15.0,0.4000000000000001,0.7142857142857141,0.35714285714285704,0.015657620041753646,0.5555555555555556,0.5560553056804931,0.1428571428571428
graph_047_mu_0_3_node_520,25,0.12333333333333334,0.001126519185647427,0.408255006129955,2.4494494494494496,0.017056874245781162,9.0,16.0,0.5625,0.64,1.0666666666666664,0.016243654822335023,0.4705882352941177,0.47112139090891253,0.5999999999999998
graph_047_mu_0_3_node_521,17,0.14285714285714285,0.00027064980595811663,0.3870592793490895,2.5835835835835836,0.011587589070007924,8.0,9.0,0.8888888888888892,0.5294117647058824,0.11688311688311685,0.009750812567713976,0.36,0.3602999500083319,0.09090909090909091
graph_047_mu_0_3_node_522,25,0.20948616600790515,0.0007676254027416819,0.38977760436987907,2.5655655655655654,0.011668841012898308,15.0,10.0,1.5,0.4000000000000001,0.6666666666666665,0.010152284263959394,0.25,0.2503334222459323,0.9333333333333335
graph_047_mu_0_3_node_523,33,0.12878787878787878,0.001270921250590769,0.4304179233089186,2.3233233233233235,0.0298970966177532,20.0,13.0,1.538461538461539,0.39393939393939387,0.08843537414965989,0.015240328253223913,0.24528301886792456,0.24571656897631208,0.13605442176870747
graph_047_mu_0_3_node_524,36,0.13903743315508021,0.0010365290049918503,0.4190436241610738,2.3863863863863863,0.02564264673261105,24.0,12.0,2.0,0.33333333333333326,0.11214953271028037,0.013437849944008958,0.20000000000000004,0.2004003202562049,0.2149532710280373
graph_047_mu_0_3_node_525,37,0.09009009009009009,0.0017523504275869367,0.4436056838365897,2.254254254254254,0.029312137955106666,18.0,19.0,0.9473684210526316,0.5135135135135133,0.19791666666666663,0.02101769911504425,0.3454545454545456,0.3460879843610299,0.1875
graph_047_mu_0_3_node_526,30,0.13793103448275862,0.0010282400682961282,0.43246753246753245,2.3123123123123124,0.025562777729167083,16.0,14.0,1.1428571428571423,0.46666666666666673,0.14583333333333334,0.01548672566371681,0.3043478260869565,0.30481458610562695,0.16666666666666663
graph_047_mu_0_3_node_527,37,0.0960960960960961,0.0017390929172560476,0.4504057709648332,2.22022022022022,0.031378553750313426,21.0,16.0,1.3125,0.4324324324324325,0.08556149732620318,0.019680196801968024,0.2758620689655173,0.2763956513039418,0.11229946524064173
graph_047_mu_0_3_node_528,27,0.1339031339031339,0.0009067071668320509,0.4145228215767635,2.4124124124124124,0.021587517430665906,16.0,11.0,1.4545454545454546,0.4074074074074074,0.10280373831775697,0.012318029115341547,0.2558139534883721,0.2561807301880487,0.1495327102803738
graph_047_mu_0_3_node_529,44,0.13742071881606766,0.0023475250282251376,0.43265482893027285,2.3113113113113113,0.0268608444251412,26.0,18.0,1.444444444444444,0.4090909090909091,0.3913043478260869,0.018867924528301886,0.2571428571428571,0.2577432974657606,0.5652173913043478
graph_047_mu_0_3_node_530,34,0.09803921568627451,0.0013815441791970144,0.4334056399132321,2.3073073073073074,0.026365789507496278,19.0,15.0,1.2666666666666662,0.44117647058823545,0.14018691588785043,0.016797312430011195,0.2830188679245283,0.2835190513251086,0.17757009345794386
graph_047_mu_0_3_node_531,21,0.09523809523809523,0.0006567894676170971,0.4052738336713996,2.4674674674674675,0.01440770346042807,8.0,13.0,0.6153846153846152,0.6190476190476188,1.0,0.013171225937183386,0.44827586206896536,0.44870906544128714,0.6153846153846152
graph_047_mu_0_3_node_532,46,0.07536231884057971,0.0031291793025867184,0.4366258741258741,2.29029029029029,0.02200503195279372,25.0,21.0,1.1904761904761905,0.45652173913043465,0.44680851063829785,0.022035676810073453,0.2957746478873239,0.29647504477889586,0.5319148936170212
graph_047_mu_0_3_node_533,28,0.09788359788359788,0.0009464478372264661,0.40976210008203445,2.4404404404404403,0.017636152267597363,13.0,15.0,0.8666666666666669,0.5357142857142857,0.3191489361702127,0.01573976915005246,0.36585365853658547,0.36635364187047426,0.27659574468085113
graph_047_mu_0_3_node_534,19,0.1111111111111111,0.00043750016120070535,0.42728828058169377,2.34034034034034,0.019510922052731,8.0,11.0,0.7272727272727273,0.5789473684210529,0.05882352941176471,0.013530135301353018,0.4074074074074074,0.40777398853847663,0.037433155080213894
graph_047_mu_0_3_node_535,29,0.06403940886699508,0.0010500592278050388,0.43190661478599224,2.315315315315315,0.022614280002089298,16.0,13.0,1.2307692307692304,0.44827586206896536,0.13541666666666669,0.014380530973451324,0.2888888888888888,0.2893223233569314,0.14583333333333334
graph_047_mu_0_3_node_536,38,0.05263157894736842,0.001895934103549,0.43700787401574803,2.2882882882882885,0.026288286159469963,23.0,15.0,1.5333333333333337,0.3947368421052631,0.08021390374331552,0.01845018450184502,0.24590163934426232,0.24640195621161165,0.11229946524064173
graph_047_mu_0_3_node_537,37,0.16816816816816818,0.0012062050049283803,0.44919064748201437,2.2262262262262262,0.04998433306395528,26.0,11.0,2.3636363636363638,0.29729729729729737,0.06285714285714285,0.013333333333333334,0.17460317460317454,0.17497019605724692,0.14857142857142855
graph_047_mu_0_3_node_538,21,0.17543859649122806,0.00044400171307452344,0.39721669980119284,2.5175175175175175,0.013139463780500958,14.0,7.0,2.0,0.33333333333333326,0.15217391304347824,0.007337526205450736,0.20000000000000004,0.2002334033543396,0.2826086956521739
graph_047_mu_0_3_node_539,28,0.055384615384615386,0.0010911396005323353,0.43246753246753245,2.3123123123123124,0.02124775441237482,14.0,14.0,1.0,0.5,0.14583333333333334,0.01548672566371681,0.33333333333333326,0.3338000311131853,0.13541666666666669
graph_047_mu_0_3_node_540,23,0.08095238095238096,0.0006560972331477026,0.3984842441164739,2.5095095095095097,0.01252952270980508,12.0,11.0,1.0909090909090904,0.4782608695652175,0.23404255319148948,0.011542497376705143,0.3142857142857142,0.3146523931750105,0.23404255319148948
graph_047_mu_0_3_node_541,40,0.12051282051282051,0.0016689560867397437,0.4265584970111016,2.344344344344344,0.025921590406953146,26.0,14.0,1.8571428571428577,0.3499999999999999,0.14583333333333334,0.01548672566371681,0.21212121212121207,0.21258828358314577,0.27083333333333337
graph_047_mu_0_3_node_542,40,0.09672830725462304,0.002167644562682945,0.43023255813953487,2.324324324324324,0.020042135651934672,22.0,18.0,1.2222222222222217,0.4500000000000001,0.38297872340425526,0.01888772298006296,0.29032258064516125,0.29092286077588897,0.44680851063829785
graph_047_mu_0_3_node_543,21,0.11428571428571428,0.0005944759294386238,0.39454976303317535,2.5345345345345347,0.011387876809738436,9.0,12.0,0.75,0.5714285714285712,0.2553191489361702,0.012591815320041971,0.4000000000000001,0.40039992001599684,0.19148936170212763
graph_047_mu_0_3_node_544,25,0.07509881422924901,0.0006943750958861301,0.41590341382181517,2.4044044044044046,0.01734125644158569,14.0,11.0,1.272727272727273,0.4400000000000001,0.05882352941176471,0.013530135301353018,0.282051282051282,0.2824180098392467,0.06951871657754015
graph_047_mu_0_3_node_545,27,0.07122507122507123,0.0010016669348663942,0.42564976565828716,2.349349349349349,0.022910046877427554,13.0,14.0,0.9285714285714288,0.5185185185185184,0.09523809523809527,0.016412661195779606,0.3499999999999999,0.35046666666666665,0.08163265306122448
graph_047_mu_0_3_node_546,44,0.08456659619450317,0.002685884293249704,0.4410596026490066,2.2672672672672673,0.023431096315415824,24.0,20.0,1.1999999999999995,0.45454545454545436,0.4255319148936172,0.020986358866736613,0.29411764705882354,0.2947846694707766,0.5106382978723404
graph_047_mu_0_3_node_547,21,0.0380952380952381,0.0005635826717826561,0.3981666002391391,2.5115115115115114,0.014832737004277315,6.0,15.0,0.4000000000000001,0.7142857142857141,0.35714285714285704,0.015657620041753646,0.5555555555555556,0.5560553056804931,0.0714285714285714
graph_047_mu_0_3_node_548,19,0.1286549707602339,0.00046554603899244036,0.391304347826087,2.5555555555555554,0.01296599292484762,8.0,11.0,0.7272727272727273,0.5789473684210529,0.8461538461538461,0.011144883485309013,0.4074074074074074,0.40777398853847663,0.6153846153846152
graph_047_mu_0_3_node_549,38,0.08108108108108109,0.0018979461169185995,0.43586387434554974,2.294294294294294,0.025339821787224912,19.0,19.0,1.0,0.5,0.19791666666666663,0.02101769911504425,0.33333333333333326,0.333966814478934,0.19791666666666663
graph_047_mu_0_3_node_550,29,0.13054187192118227,0.0009559952336335868,0.41469489414694893,2.4114114114114114,0.021257374988376272,17.0,12.0,1.4166666666666667,0.41379310344827586,0.125,0.013274336283185835,0.26086956521739124,0.26126969859518384,0.17708333333333334
graph_047_mu_0_3_node_551,40,0.10128205128205128,0.0019124485851750202,0.4373905429071804,2.2862862862862863,0.03275094483281514,24.0,16.0,1.5,0.4000000000000001,0.10884353741496594,0.018757327080890975,0.25,0.25053368912608404,0.16326530612244897
graph_047_mu_0_3_node_552,21,0.09523809523809523,0.0005232258079430265,0.38601236476043277,2.5905905905905904,0.009826666709952558,12.0,9.0,1.333333333333333,0.42857142857142855,0.19148936170212763,0.00944386149003148,0.2727272727272726,0.2730273027302728,0.2553191489361702
graph_047_mu_0_3_node_553,35,0.11596638655462185,0.0012528282021378656,0.4251063829787234,2.3523523523523524,0.026586967555013125,22.0,13.0,1.6923076923076923,0.37142857142857155,0.12149532710280368,0.01455767077267637,0.22807017543859642,0.22850378339029923,0.20560747663551393
graph_047_mu_0_3_node_554,18,0.09803921568627451,0.000368905545003656,0.4057676685621446,2.4644644644644647,0.014629632461294435,8.0,10.0,0.8000000000000002,0.5555555555555556,0.053475935828877004,0.012300123001230012,0.38461538461538475,0.3849486512953819,0.04278074866310159
graph_047_mu_0_3_node_555,29,0.046798029556650245,0.0012503960717373196,0.4227676682183665,2.3653653653653652,0.019520545949853217,13.0,16.0,0.8125,0.5517241379310346,0.08556149732620318,0.019680196801968024,0.3809523809523811,0.381485678732529,0.05882352941176471
graph_047_mu_0_3_node_556,75,0.04375951293759513,0.005952815276572016,0.4754878629224179,2.103103103103103,0.04497648418102072,51.0,24.0,2.125,0.32,0.12834224598930488,0.029520295202952025,0.19047619047619055,0.19127795435672768,0.26737967914438515
graph_047_mu_0_3_node_557,23,0.07114624505928854,0.000695657100174612,0.41400745959386653,2.4154154154154153,0.017553623019858376,8.0,15.0,0.5333333333333332,0.6521739130434784,0.1948051948051948,0.016251354279523293,0.4838709677419357,0.48437078447579984,0.1038961038961039
graph_047_mu_0_3_node_558,35,0.08739495798319327,0.0017068885007007824,0.4296774193548387,2.3273273273273274,0.022065567959676177,16.0,19.0,0.8421052631578946,0.5428571428571429,0.404255319148936,0.019937040923399783,0.3725490196078432,0.37318237405299126,0.3404255319148935
graph_047_mu_0_3_node_559,24,0.10869565217391304,0.0007515096457892858,0.40298507462686567,2.4814814814814814,0.01638193761194394,13.0,11.0,1.1818181818181819,0.4583333333333332,0.1145833333333333,0.012168141592920354,0.29729729729729737,0.2976640006342976,0.13541666666666669
graph_047_mu_0_3_node_560,56,0.08106219426974144,0.0033110400622388303,0.43873517786561267,2.279279279279279,0.03285460433439888,32.0,24.0,1.333333333333333,0.42857142857142855,0.31168831168831174,0.02600216684723727,0.2727272727272726,0.2735280200914793,0.4025974025974026
graph_047_mu_0_3_node_561,29,0.15024630541871922,0.0008386034674884441,0.4114497528830313,2.4304304304304303,0.021881113763293315,18.0,11.0,1.6363636363636365,0.3793103448275863,0.10280373831775697,0.012318029115341547,0.23404255319148948,0.23440937881592658,0.1682242990654205
graph_047_mu_0_3_node_562,43,0.11738648947951273,0.001953495005097476,0.436054124836316,2.2932932932932935,0.030619878016446552,28.0,15.0,1.866666666666667,0.34883720930232553,0.14018691588785043,0.016797312430011195,0.21126760563380287,0.21176808943481043,0.2616822429906542
graph_047_mu_0_3_node_563,27,0.09971509971509972,0.0008787305696590186,0.4007220216606498,2.4954954954954953,0.01738225775293426,15.0,12.0,1.25,0.4444444444444446,0.15584415584415587,0.013001083423618635,0.2857142857142856,0.28611436573028903,0.1948051948051948
graph_047_mu_0_3_node_564,31,0.15053763440860216,0.0010048117128455204,0.43567378979502835,2.295295295295295,0.027929787460490102,20.0,11.0,1.8181818181818175,0.3548387096774193,0.10280373831775697,0.012318029115341547,0.21568627450980402,0.21605314907205597,0.1869158878504673
graph_047_mu_0_3_node_565,22,0.03896103896103896,0.0006144718097859496,0.39008199921905506,2.5635635635635636,0.011368032611902107,13.0,9.0,1.444444444444444,0.4090909090909091,0.04812834224598929,0.011070110701107009,0.2571428571428571,0.2574429071511918,0.037433155080213894
graph_047_mu_0_3_node_566,32,0.11693548387096774,0.0011488636849244225,0.43190661478599224,2.315315315315315,0.028313571337845934,17.0,15.0,1.133333333333333,0.46875,0.14018691588785043,0.016797312430011195,0.3061224489795918,0.3066225656734871,0.1588785046728972
graph_047_mu_0_3_node_567,145,0.08524904214559387,0.02182762368414172,0.5249605885444035,1.904904904904905,0.09074561859819555,98.0,47.0,2.085106382978723,0.3241379310344828,0.4392523364485983,0.05263157894736841,0.19341563786008237,0.19498949179304284,0.9158878504672895
graph_047_mu_0_3_node_568,30,0.0735632183908046,0.0011657201939628704,0.4197478991596639,2.3823823823823824,0.02141088554700764,11.0,19.0,0.5789473684210529,0.6333333333333331,0.4130434782608694,0.019916142557652002,0.46341463414634165,0.4640477775366578,0.23913043478260876
graph_047_mu_0_3_node_569,37,0.11861861861861862,0.0015893772347795982,0.42912371134020616,2.33033033033033,0.025494101531969137,25.0,12.0,2.083333333333333,0.3243243243243245,0.125,0.013274336283185835,0.19354838709677416,0.19394873406414598,0.26041666666666663
graph_047_mu_0_3_node_570,19,0.05847953216374269,0.0005068299969608026,0.39470564994073487,2.5335335335335336,0.013610102702495347,9.0,10.0,0.9000000000000002,0.5263157894736842,0.053475935828877004,0.012300123001230012,0.35714285714285704,0.35747614603767114,0.04278074866310159
graph_047_mu_0_3_node_571,15,0.05714285714285714,0.000342711723717617,0.39753282928770395,2.5155155155155153,0.012113173762960465,5.0,10.0,0.5,0.6666666666666665,0.2380952380952381,0.0104384133611691,0.5,0.500333200053312,0.11904761904761905
graph_047_mu_0_3_node_572,19,0.08771929824561403,0.0005329736931808232,0.39564356435643566,2.5275275275275275,0.011648935520070954,6.0,13.0,0.4615384615384616,0.6842105263157895,0.27659574468085113,0.013641133263378801,0.5199999999999998,0.5204331456368907,0.1276595744680851
graph_047_mu_0_3_node_573,23,0.09486166007905138,0.0006187726105296291,0.4185169669040637,2.3893893893893896,0.01839797388771786,14.0,9.0,1.555555555555556,0.3913043478260869,0.04812834224598929,0.011070110701107009,0.24324324324324328,0.24354331325958037,0.07486631016042779
graph_047_mu_0_3_node_574,23,0.20952380952380953,0.0006633480093355023,0.3911511354737666,2.5565565565565564,0.010415449863573553,13.0,10.0,1.3000000000000005,0.4347826086956522,0.6666666666666665,0.010152284263959394,0.2777777777777778,0.27811115556148236,0.8000000000000002
graph_047_mu_0_3_node_575,26,0.06769230769230769,0.0008684706443139827,0.4269230769230769,2.3423423423423424,0.020142155719043004,16.0,10.0,1.6000000000000003,0.38461538461538475,0.053475935828877004,0.012300123001230012,0.2380952380952381,0.23842868257673192,0.06951871657754015
graph_047_mu_0_3_node_576,22,0.09090909090909091,0.0005359365229853014,0.38992974238875877,2.5645645645645647,0.01243368699868334,12.0,10.0,1.1999999999999995,0.45454545454545436,0.10416666666666669,0.011061946902654865,0.29411764705882354,0.2944510026158607,0.1145833333333333
graph_047_mu_0_3_node_577,38,0.12091038406827881,0.001418543104324424,0.4243840271877655,2.3563563563563563,0.027622152130556965,24.0,14.0,1.7142857142857142,0.36842105263157887,0.1308411214953271,0.01567749160134379,0.2258064516129031,0.22627346075293925,0.22429906542056074
graph_047_mu_0_3_node_578,35,0.0928030303030303,0.0015357225043034959,0.4183417085427136,2.3903903903903903,0.019274835692010942,19.0,16.0,1.1875,0.45714285714285724,0.3404255319148935,0.0167890870933893,0.2962962962962963,0.2968298074666863,0.38297872340425526
graph_047_mu_0_3_node_579,27,0.09401709401709402,0.0007250239938843896,0.4267407090986758,2.3433433433433435,0.02388355684448534,14.0,13.0,1.0769230769230769,0.4814814814814816,0.06951871657754015,0.015990159901599018,0.3170731707317073,0.3175065474027078,0.07486631016042779
graph_047_mu_0_3_node_580,28,0.15343915343915343,0.0008493580752276784,0.4245643858903527,2.3553553553553552,0.028649769746439322,17.0,11.0,1.5454545454545454,0.39285714285714296,0.07482993197278913,0.012895662368112544,0.24444444444444444,0.24481124560487,0.11564625850340132
graph_047_mu_0_3_node_581,21,0.047619047619047616,0.00046091290447187474,0.4015273311897106,2.4904904904904903,0.015617686659283692,11.0,10.0,1.0999999999999999,0.4761904761904762,0.053475935828877004,0.012300123001230012,0.3125,0.31283333333333335,0.053475935828877004
graph_047_mu_0_3_node_582,27,0.10826210826210826,0.0006779126680262418,0.4397007042253521,2.274274274274274,0.03362920843972675,10.0,17.0,0.5882352941176471,0.6296296296296297,0.1588785046728972,0.019036954087346018,0.4594594594594596,0.4600259561771108,0.09345794392523366
graph_047_mu_0_3_node_583,19,0.1286549707602339,0.0005131127619627477,0.38393543428132204,2.6046046046046047,0.00929974501084318,11.0,8.0,1.375,0.4210526315789473,0.19047619047619055,0.008350730688935283,0.2666666666666666,0.2669333511122963,0.2619047619047619
graph_047_mu_0_3_node_584,28,0.08994708994708994,0.0010863093281264988,0.4059325477448192,2.4634634634634636,0.01690217673767992,13.0,15.0,0.8666666666666669,0.5357142857142857,0.1948051948051948,0.016251354279523293,0.36585365853658547,0.36635364187047426,0.16883116883116883
graph_047_mu_0_3_node_585,17,0.08088235294117647,0.0004922538670659581,0.38334612432847276,2.6086086086086087,0.009750217814742359,6.0,11.0,0.5454545454545452,0.6470588235294118,0.8461538461538461,0.011144883485309013,0.4782608695652175,0.478627401836718,0.4615384615384616
graph_047_mu_0_3_node_586,26,0.15384615384615385,0.0007719622919035826,0.4197478991596639,2.3823823823823824,0.02224032987716958,12.0,14.0,0.8571428571428571,0.5384615384615384,0.4000000000000001,0.014507772020725394,0.36842105263157887,0.3688876881892085,0.34285714285714275
graph_047_mu_0_3_node_587,25,0.08333333333333333,0.0010301515633081143,0.42564976565828716,2.349349349349349,0.019442138990086365,10.0,15.0,0.6666666666666665,0.5999999999999998,0.08021390374331552,0.01845018450184502,0.42857142857142855,0.4290713119319776,0.053475935828877004
graph_047_mu_0_3_node_588,17,0.09523809523809523,0.0005106568557941067,0.3928430987023201,2.5455455455455454,0.012387818561008998,7.0,10.0,0.6999999999999998,0.5882352941176471,0.7692307692307695,0.010131712259371834,0.41666666666666674,0.4169999111348084,0.4615384615384616
graph_047_mu_0_3_node_589,25,0.08666666666666667,0.0009406920540779386,0.4072564207093355,2.4554554554554553,0.013995951885263971,13.0,12.0,1.0833333333333335,0.4800000000000002,0.2857142857142856,0.012526096033402925,0.31578947368421056,0.31618950035265503,0.3095238095238094
graph_047_mu_0_3_node_590,32,0.09425287356321839,0.000979115477361501,0.4085889570552147,2.4474474474474475,0.020073454336028338,17.0,15.0,1.133333333333333,0.46875,0.1948051948051948,0.016251354279523293,0.3061224489795918,0.3066225656734871,0.2077922077922078
graph_047_mu_0_3_node_591,24,0.07608695652173914,0.0006863076629164624,0.4020120724346076,2.4874874874874875,0.016561007699096283,15.0,9.0,1.666666666666667,0.375,0.04812834224598929,0.011070110701107009,0.2307692307692308,0.23106932079623896,0.06951871657754015
graph_047_mu_0_3_node_592,34,0.0766488413547237,0.0014798609330453436,0.42912371134020616,2.33033033033033,0.023065063159428714,21.0,13.0,1.6153846153846159,0.3823529411764707,0.06951871657754015,0.015990159901599018,0.2363636363636364,0.23679721539175227,0.11229946524064173
graph_047_mu_0_3_node_593,33,0.13257575757575757,0.001150072924250158,0.43023255813953487,2.324324324324324,0.04302694934129453,20.0,13.0,1.538461538461539,0.39393939393939387,0.07428571428571427,0.015757575757575755,0.24528301886792456,0.24571656897631208,0.11428571428571431
graph_047_mu_0_3_node_594,29,0.11330049261083744,0.0008338572745861034,0.42402376910016976,2.3583583583583585,0.027886287789230958,19.0,10.0,1.8999999999999995,0.3448275862068967,0.09345794392523366,0.011198208286674137,0.20833333333333337,0.20866684453930992,0.1682242990654205
graph_047_mu_0_3_node_595,28,0.05555555555555555,0.0012064141618247006,0.411619283065513,2.4294294294294296,0.019509663501091817,13.0,15.0,0.8666666666666669,0.5357142857142857,0.35714285714285704,0.015657620041753646,0.36585365853658547,0.36635364187047426,0.2380952380952381
graph_047_mu_0_3_node_596,39,0.12550607287449392,0.0016757090279680728,0.4447907390917186,2.2482482482482484,0.03382780292877499,24.0,15.0,1.6000000000000003,0.38461538461538475,0.14018691588785043,0.016797312430011195,0.2380952380952381,0.23859558834040973,0.22429906542056074
graph_047_mu_0_3_node_597,34,0.1592741935483871,0.0011835375434962562,0.411619283065513,2.4294294294294296,0.01915597823272277,20.0,14.0,1.4285714285714282,0.41176470588235303,0.4000000000000001,0.014507772020725394,0.2592592592592592,0.2597261438053807,0.5428571428571429
graph_047_mu_0_3_node_598,19,0.1111111111111111,0.0004569032426566567,0.38886726352666406,2.5715715715715715,0.012096526519524515,8.0,11.0,0.7272727272727273,0.5789473684210529,0.23404255319148948,0.011542497376705143,0.4074074074074074,0.40777398853847663,0.17021276595744675
graph_047_mu_0_3_node_599,49,0.1054421768707483,0.002536511928571785,0.46164510166358597,2.166166166166166,0.045242055125921415,29.0,20.0,1.4499999999999995,0.40816326530612235,0.13605442176870747,0.023446658851113723,0.2564102564102564,0.2570775013558758,0.19047619047619055
graph_047_mu_0_3_node_600,33,0.09090909090909091,0.001590159541198886,0.4434087882822903,2.255255255255255,0.0261900559481964,14.0,19.0,0.7368421052631577,0.5757575757575759,0.24675324675324678,0.020585048754062838,0.404255319148936,0.40488858915526893,0.18181818181818182
graph_047_mu_0_3_node_601,24,0.16017316017316016,0.0005667318498821326,0.4164235097957482,2.4014014014014013,0.022662730137797123,12.0,12.0,1.0,0.5,0.26086956521739124,0.012578616352201257,0.33333333333333326,0.33373333333333327,0.23913043478260876
graph_047_mu_0_3_node_602,21,0.08571428571428572,0.0005092522870127553,0.39611419508326723,2.5245245245245247,0.01708390907916407,13.0,8.0,1.625,0.3809523809523811,0.05442176870748297,0.009378663540445488,0.23529411764705885,0.23556083765772765,0.08843537414965989
graph_047_mu_0_3_node_603,25,0.16333333333333333,0.0007425308597346119,0.413151364764268,2.4204204204204203,0.01744149399989052,16.0,9.0,1.7777777777777783,0.36,0.11688311688311685,0.009750812567713976,0.21951219512195133,0.21981230516229944,0.2077922077922078
graph_047_mu_0_3_node_604,27,0.1908831908831909,0.0005677041303675698,0.4238438693254137,2.359359359359359,0.03897200939969325,21.0,6.0,3.5,0.2222222222222223,0.034285714285714294,0.007272727272727275,0.125,0.1252001601281025,0.12000000000000005
graph_047_mu_0_3_node_605,27,0.11965811965811966,0.0010528098873795679,0.42893945899527697,2.3313313313313313,0.023283113317162766,12.0,15.0,0.8000000000000002,0.5555555555555556,0.1948051948051948,0.016251354279523293,0.38461538461538475,0.38511533462038405,0.15584415584415587
graph_047_mu_0_3_node_606,27,0.150997150997151,0.0005990897768195154,0.4111111111111111,2.4324324324324325,0.022129347900580545,17.0,10.0,1.6999999999999995,0.37037037037037035,0.09345794392523366,0.011198208286674137,0.22727272727272718,0.2276061939927487,0.1588785046728972
graph_047_mu_0_3_node_607,80,0.08957708957708958,0.006673890778904943,0.4752616555661275,2.104104104104104,0.05103351550925926,51.0,29.0,1.7586206896551717,0.3624999999999999,0.3020833333333333,0.032079646017699116,0.22137404580152661,0.2223426820285216,0.5208333333333333
graph_047_mu_0_3_node_608,38,0.07681365576102418,0.0018153319857178787,0.4559561843906892,2.1931931931931934,0.029446499702520255,20.0,18.0,1.1111111111111112,0.4736842105263158,0.09625668449197858,0.022140221402214017,0.31034482758620696,0.31094502765289567,0.10160427807486629
graph_047_mu_0_3_node_609,39,0.12550607287449392,0.0015018603945477131,0.44223107569721115,2.2612612612612613,0.04852301105395131,24.0,15.0,1.6000000000000003,0.38461538461538475,0.08571428571428569,0.018181818181818184,0.2380952380952381,0.23859558834040973,0.13714285714285718
graph_047_mu_0_3_node_610,39,0.15384615384615385,0.0014983451495369073,0.4514234071396295,2.215215215215215,0.05081217824039435,25.0,14.0,1.7857142857142854,0.3589743589743588,0.08,0.01696969696969697,0.21875,0.21921704029890587,0.1428571428571428
graph_047_mu_0_3_node_611,31,0.12043010752688173,0.0011452819250425293,0.4526506570004531,2.209209209209209,0.029869861191506773,16.0,15.0,1.0666666666666664,0.4838709677419357,0.14018691588785043,0.016797312430011195,0.3191489361702127,0.3196490195174374,0.1495327102803738
graph_047_mu_0_3_node_612,36,0.1265597147950089,0.0014271030007552091,0.44301552106430153,2.2572572572572573,0.028341553345709578,21.0,15.0,1.3999999999999997,0.41666666666666674,0.14018691588785043,0.016797312430011195,0.2631578947368421,0.2636581448619046,0.1869158878504673
graph_047_mu_0_3_node_613,22,0.09090909090909091,0.0006213544008327726,0.4109419991772933,2.4334334334334335,0.01763263730624744,9.0,13.0,0.6923076923076923,0.5909090909090909,0.13541666666666669,0.014380530973451324,0.4193548387096773,0.41978807095548665,0.09375
graph_047_mu_0_3_node_614,37,0.14714714714714713,0.0012969785142805676,0.45081227436823107,2.2182182182182184,0.049905215563385535,24.0,13.0,1.8461538461538465,0.3513513513513515,0.07428571428571427,0.015757575757575755,0.21311475409836064,0.21354841990881523,0.13714285714285718
graph_047_mu_0_3_node_615,24,0.18181818181818182,0.0005187849436780841,0.440864960282436,2.2682682682682684,0.038532855869361234,17.0,7.0,2.4285714285714284,0.2916666666666667,0.04,0.008484848484848486,0.17073170731707318,0.17096515737543563,0.09142857142857143
graph_047_mu_0_3_node_616,33,0.11363636363636363,0.0012596158761901718,0.4249255635899617,2.3533533533533535,0.02415902061317932,20.0,13.0,1.538461538461539,0.39393939393939387,0.16883116883116883,0.014084507042253523,0.24528301886792456,0.24571656897631208,0.25974025974025977
graph_047_mu_0_3_node_617,25,0.04666666666666667,0.0009155715466355703,0.39346199291059475,2.5415415415415414,0.012969389949202485,8.0,17.0,0.4705882352941177,0.6799999999999998,0.4047619047619049,0.017745302713987474,0.5151515151515154,0.5157179363689874,0.16666666666666663
graph_047_mu_0_3_node_618,24,0.13405797101449277,0.0006108677392112806,0.42312579415501905,2.3633633633633635,0.01972167569121426,16.0,8.0,2.0,0.33333333333333326,0.04278074866310159,0.009840098400984012,0.20000000000000004,0.2002667733760171,0.08021390374331552
graph_047_mu_0_3_node_619,18,0.1568627450980392,0.000343581881553922,0.4185169669040637,2.3893893893893896,0.019736838486083395,9.0,9.0,1.0,0.5,0.11688311688311685,0.009750812567713976,0.33333333333333326,0.3336333033363329,0.11688311688311685
graph_047_mu_0_3_node_620,30,0.0896551724137931,0.001232925319905016,0.4057676685621446,2.4644644644644647,0.015434393221544157,14.0,16.0,0.875,0.5333333333333332,0.45714285714285724,0.01658031088082901,0.36363636363636365,0.36416969696969687,0.4000000000000001
graph_047_mu_0_3_node_621,29,0.1477832512315271,0.0008216027492373761,0.4294926913155632,2.3283283283283285,0.036886078497809435,18.0,11.0,1.6363636363636365,0.3793103448275863,0.06285714285714285,0.013333333333333334,0.23404255319148948,0.23440937881592658,0.1028571428571428
graph_047_mu_0_3_node_622,19,0.12280701754385964,0.00040726059283645256,0.39501779359430605,2.5315315315315314,0.014321737762454982,12.0,7.0,1.7142857142857142,0.36842105263157887,0.06542056074766354,0.007838745800671894,0.2258064516129031,0.22603982384160795,0.11214953271028037
graph_047_mu_0_3_node_623,55,0.08925979680696662,0.003618105901600511,0.4536784741144414,2.204204204204204,0.033067032451728214,31.0,24.0,1.2916666666666667,0.4363636363636365,0.5217391304347825,0.025157232704402514,0.2790697674418605,0.2798704613766039,0.6521739130434784
graph_047_mu_0_3_node_624,18,0.032679738562091505,0.00045462220941030335,0.39928057553956836,2.5045045045045047,0.01296065428318587,9.0,9.0,1.0,0.5,0.04812834224598929,0.011070110701107009,0.33333333333333326,0.3336333033363329,0.037433155080213894
graph_047_mu_0_3_node_625,27,0.045584045584045586,0.001215525028378856,0.4391208791208791,2.2772772772772774,0.023581630451594754,9.0,18.0,0.5,0.6666666666666665,0.09625668449197858,0.022140221402214017,0.5,0.5005997600959616,0.03208556149732622
graph_047_mu_0_3_node_626,22,0.02631578947368421,0.0005063776726215771,0.39501779359430605,2.5315315315315314,0.012836211997971669,13.0,9.0,1.444444444444444,0.4090909090909091,0.04812834224598929,0.011070110701107009,0.2571428571428571,0.2574429071511918,0.06417112299465244
graph_047_mu_0_3_node_627,39,0.0620782726045884,0.0018742376091342688,0.43265482893027285,2.3113113113113113,0.02354146222327361,24.0,15.0,1.6000000000000003,0.38461538461538475,0.08021390374331552,0.01845018450184502,0.2380952380952381,0.23859558834040973,0.11229946524064173
graph_047_mu_0_3_node_628,43,0.08414634146341464,0.002505050925469271,0.4276541095890411,2.3383383383383385,0.02143131660102201,26.0,17.0,1.5294117647058827,0.3953488372093022,0.4047619047619049,0.017745302713987474,0.246376811594203,0.2469439130386437,0.5952380952380952
graph_047_mu_0_3_node_629,19,0.1286549707602339,0.0004688297173395846,0.4245643858903527,2.3553553553553552,0.01983925145604578,11.0,8.0,1.375,0.4210526315789473,0.04278074866310159,0.009840098400984012,0.2666666666666666,0.2669333511122963,0.05882352941176471
graph_047_mu_0_3_node_630,119,0.07890613872667711,0.012378007179895123,0.513360739979445,1.947947947947948,0.12268283831193401,78.0,41.0,1.9024390243902438,0.34453781512605036,0.23428571428571437,0.0496969696969697,0.2081218274111675,0.20949320246552083,0.4457142857142858
graph_047_mu_0_3_node_631,18,0.0784313725490196,0.0005621701715645126,0.4013660104459622,2.4914914914914914,0.012097399013412698,7.0,11.0,0.6363636363636365,0.6111111111111108,0.2619047619047619,0.01148225469728601,0.4400000000000001,0.44036655669965685,0.1428571428571428
graph_047_mu_0_3_node_632,22,0.04329004329004329,0.0006842605337335376,0.38408304498269896,2.6036036036036037,0.010142345630166858,10.0,12.0,0.8333333333333335,0.5454545454545452,0.2857142857142856,0.012526096033402925,0.375,0.3753999466737768,0.21428571428571427
graph_047_mu_0_3_node_633,33,0.16856060606060605,0.0009603701742575257,0.46079335793357934,2.17017017017017,0.050554358812259656,21.0,12.0,1.75,0.36363636363636365,0.06857142857142859,0.01454545454545455,0.2222222222222223,0.2226224623663087,0.12000000000000005
graph_047_mu_0_3_node_634,24,0.11594202898550725,0.000699230101077896,0.4000800961153384,2.4994994994994997,0.01666408820464947,13.0,11.0,1.1818181818181819,0.4583333333333332,0.1145833333333333,0.012168141592920354,0.29729729729729737,0.2976640006342976,0.13541666666666669
graph_047_mu_0_3_node_635,46,0.06448202959830866,0.0025769317774680858,0.45081227436823107,2.2182182182182184,0.03128123554358755,28.0,18.0,1.555555555555556,0.3913043478260869,0.09625668449197858,0.022140221402214017,0.24324324324324328,0.24384376369430075,0.1443850267379679
graph_047_mu_0_3_node_636,28,0.15873015873015872,0.0008817034853941703,0.43302990897269183,2.309309309309309,0.040482430549965254,17.0,11.0,1.5454545454545454,0.39285714285714296,0.06285714285714285,0.013333333333333334,0.24444444444444444,0.24481124560487,0.09714285714285717
graph_047_mu_0_3_node_637,36,0.03968253968253968,0.0017037162795136957,0.44380275433140826,2.2532532532532534,0.027322827234972407,17.0,19.0,0.8947368421052634,0.5277777777777778,0.10160427807486629,0.023370233702337026,0.3584905660377358,0.3591239627107364,0.07486631016042779
graph_047_mu_0_3_node_638,20,0.20526315789473684,0.00048053854502118283,0.3919183993723029,2.5515515515515514,0.012617738527309706,11.0,9.0,1.2222222222222217,0.4500000000000001,0.6923076923076923,0.009118541033434652,0.29032258064516125,0.2906225906454947,0.8461538461538461
graph_047_mu_0_3_node_639,20,0.07894736842105263,0.0004696550809697714,0.4028225806451613,2.4824824824824825,0.01499776424638217,9.0,11.0,0.8181818181818182,0.5499999999999999,0.05882352941176471,0.013530135301353018,0.3793103448275863,0.3796769503933251,0.04812834224598929
graph_047_mu_0_3_node_640,24,0.10869565217391304,0.0008364670442081919,0.4036363636363636,2.4774774774774775,0.01712819255938668,8.0,16.0,0.5,0.6666666666666665,1.2307692307692304,0.016210739614994942,0.5,0.5005331200852992,0.6153846153846152
graph_047_mu_0_3_node_641,31,0.19950738916256158,0.0006781474956584885,0.44618133095131757,2.2412412412412412,0.047542266633782665,21.0,10.0,2.100000000000001,0.3225806451612903,0.057142857142857155,0.012121212121212118,0.19230769230769237,0.1926412480114949,0.11428571428571431
graph_047_mu_0_3_node_642,23,0.15019762845849802,0.0005868649787480024,0.4247448979591837,2.354354354354354,0.02236973626519541,13.0,10.0,1.3000000000000005,0.4347826086956522,0.10416666666666669,0.011061946902654865,0.2777777777777778,0.27811115556148236,0.13541666666666669
graph_047_mu_0_3_node_643,30,0.12643678160919541,0.0011952682147333452,0.42546848381601365,2.3503503503503502,0.02324861196344782,12.0,18.0,0.6666666666666665,0.5999999999999998,0.3913043478260869,0.018867924528301886,0.42857142857142855,0.42917130859542385,0.26086956521739124
graph_047_mu_0_3_node_644,19,0.14619883040935672,0.0005365571108537982,0.388715953307393,2.5725725725725725,0.010778260977650667,10.0,9.0,1.1111111111111112,0.4736842105263158,0.19565217391304346,0.009433962264150943,0.31034482758620696,0.3106448175865403,0.2173913043478261
graph_047_mu_0_3_node_645,19,0.2046783625730994,0.0003429472866787509,0.38071646341463417,2.6266266266266265,0.01028643302317524,12.0,7.0,1.7142857142857142,0.36842105263157887,0.15217391304347824,0.007337526205450736,0.2258064516129031,0.22603982384160795,0.26086956521739124
graph_047_mu_0_3_node_646,23,0.17786561264822134,0.0005565284139856483,0.39690107270560193,2.5195195195195197,0.014141313993733003,13.0,10.0,1.3000000000000005,0.4347826086956522,0.2173913043478261,0.010482180293501045,0.2777777777777778,0.27811115556148236,0.2826086956521739
graph_047_mu_0_3_node_647,23,0.07114624505928854,0.0008101850188425551,0.4375821287779238,2.285285285285285,0.0219293078875114,15.0,8.0,1.875,0.3478260869565216,0.04278074866310159,0.009840098400984012,0.21052631578947364,0.21079307137466868,0.06417112299465244
graph_047_mu_0_3_node_648,37,0.11711711711711711,0.0011798408378866762,0.43681679055531264,2.289289289289289,0.04349234445321818,24.0,13.0,1.8461538461538465,0.3513513513513515,0.07428571428571427,0.015757575757575755,0.21311475409836064,0.21354841990881523,0.13714285714285718
graph_047_mu_0_3_node_649,35,0.12436974789915967,0.0011719496161494184,0.44380275433140826,2.2532532532532534,0.044468257303867734,22.0,13.0,1.6923076923076923,0.37142857142857155,0.07428571428571427,0.015757575757575755,0.22807017543859642,0.22850378339029923,0.1257142857142857
graph_047_mu_0_3_node_650,20,0.04736842105263158,0.0005387683034285211,0.38796116504854367,2.5775775775775776,0.010451465534029668,11.0,9.0,1.2222222222222217,0.4500000000000001,0.04812834224598929,0.011070110701107009,0.29032258064516125,0.2906225906454947,0.037433155080213894
graph_047_mu_0_3_node_651,21,0.12857142857142856,0.0006028386882738205,0.38977760436987907,2.5655655655655654,0.012184580718341753,12.0,9.0,1.333333333333333,0.42857142857142855,0.19148936170212763,0.00944386149003148,0.2727272727272726,0.2730273027302728,0.2553191489361702
graph_047_mu_0_3_node_652,33,0.06628787878787878,0.0011448470313618108,0.4296774193548387,2.3273273273273274,0.03184360180268583,20.0,13.0,1.538461538461539,0.39393939393939387,0.07428571428571427,0.015757575757575755,0.24528301886792456,0.24571656897631208,0.1028571428571428
graph_047_mu_0_3_node_653,23,0.16996047430830039,0.0005543882717215054,0.40445344129554656,2.4724724724724725,0.017537604093270695,14.0,9.0,1.555555555555556,0.3913043478260869,0.09375,0.009955752212389377,0.24324324324324328,0.24354331325958037,0.14583333333333334
graph_047_mu_0_3_node_654,19,0.1111111111111111,0.0005142210137083307,0.39423835832675613,2.5365365365365364,0.013784028341172436,10.0,9.0,1.1111111111111112,0.4736842105263158,0.09375,0.009955752212389377,0.31034482758620696,0.3106448175865403,0.09375
graph_047_mu_0_3_node_655,19,0.10526315789473684,0.00047246242077691965,0.40478119935170176,2.4704704704704703,0.015003891026470609,7.0,12.0,0.5833333333333334,0.6315789473684211,0.2553191489361702,0.012591815320041971,0.4615384615384616,0.46193832824955805,0.148936170212766
graph_047_mu_0_3_node_656,29,0.1896551724137931,0.0007364489229744567,0.4483842010771993,2.23023023023023,0.046423647505342995,19.0,10.0,1.8999999999999995,0.3448275862068967,0.057142857142857155,0.012121212121212118,0.20833333333333337,0.20866684453930992,0.10857142857142855
graph_047_mu_0_3_node_657,24,0.14855072463768115,0.0006940159753759924,0.43359375,2.3063063063063063,0.023730609487301258,11.0,13.0,0.8461538461538461,0.5416666666666667,0.13541666666666669,0.014380530973451324,0.37142857142857155,0.37186186143290445,0.1145833333333333
graph_047_mu_0_3_node_658,29,0.09852216748768473,0.0009813303834253033,0.4085889570552147,2.4474474474474475,0.018474051015872996,17.0,12.0,1.4166666666666667,0.41379310344827586,0.125,0.013274336283185835,0.26086956521739124,0.26126969859518384,0.17708333333333334
graph_047_mu_0_3_node_659,21,0.06190476190476191,0.000664159142369071,0.39176470588235296,2.5525525525525525,0.011258233751506794,9.0,12.0,0.75,0.5714285714285712,0.2553191489361702,0.012591815320041971,0.4000000000000001,0.40039992001599684,0.19148936170212763
graph_047_mu_0_3_node_660,21,0.09047619047619047,0.0006751409896477441,0.3994402239104358,2.5035035035035036,0.01302272580944809,8.0,13.0,0.6153846153846152,0.6190476190476188,0.2826086956521739,0.013626834381551357,0.44827586206896536,0.44870906544128714,0.1739130434782608
graph_047_mu_0_3_node_661,23,0.1541501976284585,0.0005224792871206963,0.404126213592233,2.4744744744744747,0.01764728747009553,16.0,7.0,2.2857142857142847,0.3043478260869565,0.07291666666666667,0.007743362831858405,0.1794871794871794,0.17972061397545772,0.16666666666666663
graph_047_mu_0_3_node_662,21,0.023809523809523808,0.0005557670320102418,0.4072564207093355,2.4554554554554553,0.015566530813125505,8.0,13.0,0.6153846153846152,0.6190476190476188,0.06951871657754015,0.015990159901599018,0.44827586206896536,0.44870906544128714,0.021390374331550794
graph_047_mu_0_3_node_663,21,0.12380952380952381,0.0005755791721242831,0.3994402239104358,2.5035035035035036,0.013929159352968753,11.0,10.0,1.0999999999999999,0.4761904761904762,0.12987012987012989,0.010834236186348859,0.3125,0.31283333333333335,0.1428571428571428
graph_047_mu_0_3_node_664,29,0.10098522167487685,0.0009268483742981554,0.43719912472647704,2.2872872872872874,0.03242566440708174,17.0,12.0,1.4166666666666667,0.41379310344827586,0.06857142857142859,0.01454545454545455,0.26086956521739124,0.26126969859518384,0.09714285714285717
graph_047_mu_0_3_node_665,34,0.12121212121212122,0.0013850658159065415,0.4445927903871829,2.249249249249249,0.04301474630293001,17.0,17.0,1.0,0.5,0.09714285714285717,0.02060606060606061,0.33333333333333326,0.3339000944601879,0.09714285714285717
graph_047_mu_0_3_node_666,25,0.24,0.0004233371885497907,0.4265584970111016,2.344344344344344,0.04125403940857324,18.0,7.0,2.5714285714285716,0.28000000000000014,0.04,0.008484848484848486,0.1627906976744186,0.16302416330494257,0.1028571428571428
graph_047_mu_0_3_node_667,22,0.16842105263157894,0.0006627073590342349,0.39928057553956836,2.5045045045045047,0.012506353855281451,11.0,11.0,1.0,0.5,0.7333333333333332,0.011167512690355328,0.33333333333333326,0.33369998777818505,0.6666666666666665
graph_047_mu_0_3_node_668,26,0.1753846153846154,0.0006193838936091538,0.4185169669040637,2.3893893893893896,0.03602988554259651,18.0,8.0,2.25,0.3076923076923076,0.045714285714285714,0.009696969696969699,0.18181818181818182,0.18208499078296297,0.1028571428571428
graph_047_mu_0_3_node_669,23,0.07509881422924901,0.0006689037594873634,0.4007220216606498,2.4954954954954953,0.014610476520876816,10.0,13.0,0.7692307692307695,0.5652173913043478,0.2826086956521739,0.013626834381551357,0.39393939393939387,0.39437265506254,0.19565217391304346
graph_047_mu_0_3_node_670,36,0.1380952380952381,0.001528827309960407,0.43153347732181424,2.3173173173173174,0.027663969091696283,17.0,19.0,0.8947368421052634,0.5277777777777778,0.5428571428571429,0.01968911917098446,0.3584905660377358,0.3591239627107364,0.4857142857142857
graph_047_mu_0_3_node_671,16,0.09166666666666666,0.0003423410757560122,0.38917023763147646,2.5695695695695697,0.010850660814290434,8.0,8.0,1.0,0.5,0.17021276595744675,0.00839454354669465,0.33333333333333326,0.33359996444918466,0.17021276595744675
graph_047_mu_0_3_node_672,28,0.07142857142857142,0.001337551957474742,0.42601279317697227,2.3473473473473474,0.01977787403748694,10.0,18.0,0.5555555555555556,0.6428571428571429,0.42857142857142855,0.018789144050104383,0.4736842105263158,0.4742840105929602,0.21428571428571427
graph_047_mu_0_3_node_673,26,0.15076923076923077,0.0007871538455579347,0.4134933774834437,2.4184184184184185,0.019745334502916836,14.0,12.0,1.1666666666666667,0.4615384615384616,0.15584415584415587,0.013001083423618635,0.2999999999999999,0.3004000533404455,0.18181818181818182
graph_047_mu_0_3_node_674,43,0.09966777408637874,0.0018458494537408568,0.43586387434554974,2.294294294294294,0.04609299517518307,29.0,14.0,2.0714285714285725,0.3255813953488372,0.08,0.01696969696969697,0.1944444444444445,0.19491160942041885,0.16
graph_047_mu_0_3_node_675,38,0.07823613086770982,0.0018457557266537156,0.43134715025906734,2.3183183183183185,0.024261343316618098,19.0,19.0,1.0,0.5,0.24675324675324678,0.020585048754062838,0.33333333333333326,0.333966814478934,0.24675324675324678
graph_047_mu_0_3_node_676,20,0.18947368421052632,0.0005152286780245143,0.3953304313415117,2.5295295295295297,0.012972728368762374,11.0,9.0,1.2222222222222217,0.4500000000000001,0.2571428571428571,0.00932642487046632,0.29032258064516125,0.2906225906454947,0.3142857142857142
graph_047_mu_0_3_node_677,26,0.11384615384615385,0.0008236837106689219,0.41957160856782866,2.3833833833833835,0.02058876876807446,16.0,10.0,1.6000000000000003,0.38461538461538475,0.10416666666666669,0.011061946902654865,0.2380952380952381,0.23842868257673192,0.16666666666666663
graph_047_mu_0_3_node_678,22,0.08225108225108226,0.0006770203509929865,0.42348452734209413,2.3613613613613613,0.017854775167272536,11.0,11.0,1.0,0.5,0.05882352941176471,0.013530135301353018,0.33333333333333326,0.33369998777818505,0.05882352941176471
graph_047_mu_0_3_node_679,31,0.18924731182795698,0.0006330236771964913,0.43681679055531264,2.289289289289289,0.0458056259601957,24.0,7.0,3.4285714285714284,0.2258064516129031,0.04,0.008484848484848486,0.12727272727272723,0.12750628637986416,0.13714285714285718
graph_047_mu_0_3_node_680,33,0.11397849462365592,0.0011939317534007416,0.4008828250401284,2.4944944944944947,0.014962740357101056,20.0,13.0,1.538461538461539,0.39393939393939387,0.2826086956521739,0.013626834381551357,0.24528301886792456,0.24571656897631208,0.4130434782608694
graph_047_mu_0_3_node_681,21,0.18571428571428572,0.0004299146968375325,0.40396279822078446,2.4754754754754753,0.01678270339753946,12.0,9.0,1.333333333333333,0.42857142857142855,0.09375,0.009955752212389377,0.2727272727272726,0.2730273027302728,0.125
graph_047_mu_0_3_node_682,28,0.07407407407407407,0.0011756724709899604,0.4138359569179785,2.4164164164164164,0.01701452935122758,14.0,14.0,1.0,0.5,0.33333333333333326,0.014613778705636741,0.33333333333333326,0.3338000311131853,0.33333333333333326
graph_047_mu_0_3_node_683,17,0.16911764705882354,0.0002986962286049131,0.40120481927710844,2.4924924924924925,0.015880172806166562,10.0,7.0,1.4285714285714282,0.41176470588235303,0.09090909090909091,0.007583965330444201,0.2592592592592592,0.25949260037062954,0.12987012987012989
graph_047_mu_0_3_node_684,22,0.09956709956709957,0.0005659501067721821,0.43190661478599224,2.315315315315315,0.02303707606265758,10.0,12.0,0.8333333333333335,0.5454545454545452,0.06417112299465244,0.014760147601476013,0.375,0.3753999466737768,0.053475935828877004
graph_047_mu_0_3_node_685,40,0.1294871794871795,0.0017596058099662935,0.44858554108666365,2.229229229229229,0.04870308019467297,24.0,16.0,1.5,0.4000000000000001,0.09142857142857143,0.019393939393939397,0.25,0.25053368912608404,0.13714285714285718
graph_047_mu_0_3_node_686,32,0.07258064516129033,0.0012706337529120395,0.42169691853102576,2.3713713713713713,0.021852074631317688,19.0,13.0,1.461538461538461,0.40625,0.13541666666666669,0.014380530973451324,0.2549019607843137,0.2553354819768305,0.1875
graph_047_mu_0_3_node_687,17,0.08823529411764706,0.0004635665933395379,0.4074225122349103,2.4544544544544546,0.012858462137750402,4.0,13.0,0.3076923076923076,0.7647058823529413,0.27659574468085113,0.013641133263378801,0.6190476190476188,0.6194807069644662,0.08510638297872337
graph_047_mu_0_3_node_688,17,0.0661764705882353,0.0003473233479817375,0.40396279822078446,2.4754754754754753,0.014371838826712719,5.0,12.0,0.41666666666666674,0.7058823529411762,0.15584415584415587,0.013001083423618635,0.5454545454545452,0.5458543588749494,0.06493506493506494
graph_047_mu_0_3_node_689,30,0.12873563218390804,0.0008890489528683025,0.4317199654278306,2.3163163163163163,0.038162869716991274,17.0,13.0,1.3076923076923077,0.43333333333333346,0.07428571428571427,0.015757575757575755,0.27659574468085113,0.27702920805319614,0.09714285714285717
graph_047_mu_0_3_node_690,37,0.13813813813813813,0.0014572267497327286,0.45720823798627,2.1871871871871873,0.050210212045088055,25.0,12.0,2.083333333333333,0.3243243243243245,0.06857142857142859,0.01454545454545455,0.19354838709677416,0.19394873406414598,0.1428571428571428
graph_047_mu_0_3_node_691,37,0.1066066066066066,0.00142750914833332,0.4385425812115891,2.28028028028028,0.032779828758712194,21.0,16.0,1.3125,0.4324324324324325,0.10884353741496594,0.018757327080890975,0.2758620689655173,0.2763956513039418,0.1428571428571428
graph_047_mu_0_3_node_692,23,0.08300395256916997,0.000645162729550088,0.4117889530090684,2.4284284284284285,0.019476215727384578,8.0,15.0,0.5333333333333332,0.6521739130434784,0.15625,0.016592920353982302,0.4838709677419357,0.48437078447579984,0.08333333333333331
graph_047_mu_0_3_node_693,81,0.06172839506172839,0.0076796813501329095,0.48613138686131385,2.057057057057057,0.05180797746874404,55.0,26.0,2.1153846153846163,0.32098765432098764,0.1390374331550803,0.031980319803198036,0.19117647058823534,0.19204522225891157,0.2887700534759358
graph_047_mu_0_3_node_694,22,0.1645021645021645,0.0005110731528876629,0.399919935948759,2.5005005005005003,0.01843886413822074,16.0,6.0,2.666666666666666,0.2727272727272726,0.04081632653061224,0.007033997655334117,0.15789473684210528,0.15809483021901446,0.10884353741496594
graph_047_mu_0_3_node_695,29,0.0960591133004926,0.0009435166668152715,0.43378202344767697,2.305305305305305,0.023573430210192654,16.0,13.0,1.2307692307692304,0.44827586206896536,0.06951871657754015,0.015990159901599018,0.2888888888888888,0.2893223233569314,0.08556149732620318
graph_047_mu_0_3_node_696,33,0.08901515151515152,0.001424547953285526,0.4381578947368421,2.2822822822822824,0.02518425343578951,19.0,14.0,1.3571428571428577,0.42424242424242414,0.07486631016042779,0.017220172201722016,0.2692307692307692,0.2696976226387991,0.09625668449197858
graph_047_mu_0_3_node_697,45,0.1383838383838384,0.0019593412445930705,0.43359375,2.3063063063063063,0.02924166215046614,29.0,16.0,1.8125,0.3555555555555554,0.2077922077922078,0.01733477789815818,0.21621621621621626,0.21675008341675014,0.3766233766233765
graph_047_mu_0_3_node_698,20,0.05263157894736842,0.0004636666434652803,0.39611419508326723,2.5245245245245247,0.013091687788973409,11.0,9.0,1.2222222222222217,0.4500000000000001,0.04812834224598929,0.011070110701107009,0.29032258064516125,0.2906225906454947,0.04812834224598929
graph_047_mu_0_3_node_699,26,0.09846153846153846,0.0007999403938764402,0.4296774193548387,2.3273273273273274,0.023185288423047252,12.0,14.0,0.8571428571428571,0.5384615384615384,0.18181818181818182,0.015167930660888403,0.36842105263157887,0.3688876881892085,0.12987012987012989
graph_047_mu_0_3_node_700,16,0.075,0.000337135569433685,0.3894736842105263,2.5675675675675675,0.01156473337680482,7.0,9.0,0.777777777777778,0.5625,0.19565217391304346,0.009433962264150943,0.3913043478260869,0.3916042778424165,0.15217391304347824
graph_047_mu_0_3_node_701,24,0.11594202898550725,0.000576417092325476,0.41764214046822745,2.3943943943943946,0.024899590092940387,14.0,10.0,1.3999999999999997,0.41666666666666674,0.06802721088435373,0.011723329425556862,0.2631578947368421,0.2634912947501781,0.08843537414965989
graph_047_mu_0_3_node_702,17,0.125,0.00048725725414590186,0.399919935948759,2.5005005005005003,0.012948057303746336,8.0,9.0,0.8888888888888892,0.5294117647058824,0.21428571428571427,0.009394572025052192,0.36,0.3602999500083319,0.19047619047619055
graph_047_mu_0_3_node_703,27,0.09971509971509972,0.0007354584896403376,0.4220532319391635,2.369369369369369,0.023878948274647486,15.0,12.0,1.25,0.4444444444444446,0.08163265306122448,0.014067995310668234,0.2857142857142856,0.28611436573028903,0.09523809523809527
graph_047_mu_0_3_node_704,24,0.11594202898550725,0.0006347840330341931,0.4258312020460358,2.3483483483483485,0.031824288858297155,13.0,11.0,1.1818181818181819,0.4583333333333332,0.06285714285714285,0.013333333333333334,0.29729729729729737,0.2976640006342976,0.07428571428571427
graph_047_mu_0_3_node_705,28,0.11384615384615385,0.0006101632320627136,0.415211970074813,2.4084084084084085,0.025549693831718675,18.0,10.0,1.8000000000000005,0.35714285714285704,0.06802721088435373,0.011723329425556862,0.2173913043478261,0.21772479330934139,0.11564625850340132
graph_047_mu_0_3_node_706,21,0.07142857142857142,0.0006999234582254551,0.4057676685621446,2.4644644644644647,0.013333710040852044,10.0,11.0,0.9090909090909087,0.5238095238095238,0.05882352941176471,0.013530135301353018,0.3548387096774193,0.3552053396810857,0.04812834224598929
graph_047_mu_0_3_node_707,31,0.060215053763440864,0.0012213015689387311,0.4283876500857633,2.334334334334334,0.02409984139954011,18.0,13.0,1.3846153846153846,0.4193548387096773,0.06951871657754015,0.015990159901599018,0.2653061224489796,0.26573961472948243,0.053475935828877004
graph_047_mu_0_3_node_708,29,0.14285714285714285,0.0008389034251478948,0.43529411764705883,2.2972972972972974,0.02866732155105823,17.0,12.0,1.4166666666666667,0.41379310344827586,0.11214953271028037,0.013437849944008958,0.26086956521739124,0.26126969859518384,0.1588785046728972
graph_047_mu_0_3_node_709,20,0.07368421052631578,0.0005711524002818519,0.4383501535761299,2.2812812812812813,0.024590717627568277,8.0,12.0,0.6666666666666665,0.5999999999999998,0.06417112299465244,0.014760147601476013,0.42857142857142855,0.4289713219331989,0.03208556149732622
graph_047_mu_0_3_node_710,27,0.1111111111111111,0.0009955404139296669,0.4245643858903527,2.3553553553553552,0.023801837203991445,16.0,11.0,1.4545454545454546,0.4074074074074074,0.07482993197278913,0.012895662368112544,0.2558139534883721,0.2561807301880487,0.10884353741496594
graph_047_mu_0_3_node_711,20,0.05263157894736842,0.0007722052160240802,0.4109419991772933,2.4334334334334335,0.01483643635430094,8.0,12.0,0.6666666666666665,0.5999999999999998,0.06417112299465244,0.014760147601476013,0.42857142857142855,0.4289713219331989,0.03208556149732622
graph_047_mu_0_3_node_712,18,0.1895424836601307,0.0003505270732523484,0.40942622950819674,2.4424424424424425,0.016832050215533446,10.0,8.0,1.25,0.4444444444444446,0.1038961038961039,0.00866738894907909,0.2857142857142856,0.28598095238095234,0.12987012987012989
graph_047_mu_0_3_node_713,16,0.058333333333333334,0.0004603657008806136,0.4057676685621446,2.4644644644644647,0.014097363173995564,2.0,14.0,0.1428571428571428,0.875,1.0769230769230769,0.014184397163120564,0.777777777777778,0.7782441024730015,0.1538461538461538
graph_047_mu_0_3_node_714,25,0.14666666666666667,0.0005846776534727605,0.42098609355246525,2.3753753753753752,0.03143846726948509,15.0,10.0,1.5,0.4000000000000001,0.057142857142857155,0.012121212121212118,0.25,0.2503334222459323,0.08571428571428569
graph_047_mu_0_3_node_715,57,0.09022556390977443,0.00362175688400634,0.45909926470588236,2.1781781781781784,0.042624094083989386,36.0,21.0,1.7142857142857142,0.36842105263157887,0.1428571428571428,0.024618991793669394,0.2258064516129031,0.22650736279744307,0.24489795918367344
graph_047_mu_0_3_node_716,19,0.08771929824561403,0.00041795669630278933,0.4099302421009438,2.4394394394394396,0.01652849257770446,6.0,13.0,0.4615384615384616,0.6842105263157895,0.06951871657754015,0.015990159901599018,0.5199999999999998,0.5204331456368907,0.01604278074866311
graph_047_mu_0_3_node_717,24,0.17753623188405798,0.0006400791830845768,0.43190661478599224,2.315315315315315,0.028716481406405498,15.0,9.0,1.666666666666667,0.375,0.06122448979591836,0.01055099648300117,0.2307692307692308,0.23106932079623896,0.10204081632653059
graph_047_mu_0_3_node_718,67,0.054274084124830396,0.005652778628775246,0.46923438233912634,2.131131131131131,0.040813682729258054,46.0,21.0,2.1904761904761902,0.31343283582089565,0.11229946524064173,0.025830258302583026,0.18584070796460178,0.18654208734404804,0.2459893048128343
graph_047_mu_0_3_node_719,34,0.12299465240641712,0.0011253038192686085,0.4455842997323818,2.244244244244244,0.03597299527329127,21.0,13.0,1.6153846153846159,0.3823529411764707,0.08843537414965989,0.015240328253223913,0.2363636363636364,0.23679721539175227,0.13605442176870747
graph_047_mu_0_3_node_720,32,0.14112903225806453,0.0010794410066207135,0.4164235097957482,2.4014014014014013,0.022861814821142152,17.0,15.0,1.133333333333333,0.46875,0.15625,0.016592920353982302,0.3061224489795918,0.3066225656734871,0.17708333333333334
graph_047_mu_0_3_node_721,50,0.1125886524822695,0.002358790543633624,0.4542974079126876,2.201201201201201,0.056973778872044814,33.0,17.0,1.941176470588235,0.3399999999999999,0.09714285714285717,0.02060606060606061,0.20481927710843364,0.20538664352701674,0.18285714285714286
graph_047_mu_0_3_node_722,28,0.164021164021164,0.0009360918854797881,0.4229466553767993,2.364364364364364,0.026920896547095303,18.0,10.0,1.8000000000000005,0.35714285714285704,0.06802721088435373,0.011723329425556862,0.2173913043478261,0.21772479330934139,0.12244897959183672
graph_047_mu_0_3_node_723,29,0.1748768472906404,0.0008399906116121186,0.43153347732181424,2.3173173173173174,0.04255341839294848,19.0,10.0,1.8999999999999995,0.3448275862068967,0.057142857142857155,0.012121212121212118,0.20833333333333337,0.20866684453930992,0.10857142857142855
graph_047_mu_0_3_node_724,26,0.16,0.0005609003094354599,0.42080876158382474,2.3763763763763763,0.03575563542238622,18.0,8.0,2.25,0.3076923076923076,0.045714285714285714,0.009696969696969699,0.18181818181818182,0.18208499078296297,0.1028571428571428
graph_047_mu_0_3_node_725,18,0.0915032679738562,0.00033374030923790195,0.390234375,2.5625625625625625,0.014976889923691745,12.0,6.0,2.0,0.33333333333333326,0.04081632653061224,0.007033997655334117,0.20000000000000004,0.20020004000800154,0.07482993197278913
graph_047_mu_0_3_node_726,23,0.1422924901185771,0.0007092705228052629,0.43397046046915727,2.304304304304304,0.027668997487487048,12.0,11.0,1.0909090909090904,0.4782608695652175,0.07482993197278913,0.012895662368112544,0.3142857142857142,0.3146523931750105,0.08163265306122448
graph_047_mu_0_3_node_727,125,0.08438709677419355,0.013149093944613815,0.5186915887850467,1.927927927927928,0.13190993502983944,85.0,40.0,2.125,0.32,0.22857142857142862,0.04848484848484847,0.19047619047619055,0.19181478896357423,0.4857142857142857
graph_047_mu_0_3_node_728,24,0.11956521739130435,0.0004860077800890877,0.4294926913155632,2.3283283283283285,0.03150802647189863,14.0,10.0,1.3999999999999997,0.41666666666666674,0.057142857142857155,0.012121212121212118,0.2631578947368421,0.2634912947501781,0.08
graph_047_mu_0_3_node_729,17,0.051470588235294115,0.00040984446175631615,0.4020120724346076,2.4874874874874875,0.012321339637796176,6.0,11.0,0.5454545454545452,0.6470588235294118,0.05882352941176471,0.013530135301353018,0.4782608695652175,0.478627401836718,0.021390374331550794
graph_047_mu_0_3_node_730,33,0.12310606060606061,0.0014031560800196804,0.41816659690246966,2.3913913913913913,0.0188283089550646,15.0,18.0,0.8333333333333335,0.5454545454545452,0.5142857142857142,0.01865284974093264,0.375,0.3756000000000001,0.42857142857142855
graph_047_mu_0_3_node_731,91,0.07496947496947497,0.007501745767421997,0.48826979472140764,2.048048048048048,0.09105084531112655,62.0,29.0,2.137931034482758,0.31868131868131855,0.16571428571428568,0.03515151515151515,0.18954248366013077,0.19051183219106627,0.35428571428571415
graph_047_mu_0_3_node_732,23,0.07509881422924901,0.0009830191055830518,0.43510452961672474,2.2982982982982985,0.02169313802433719,9.0,14.0,0.6428571428571429,0.608695652173913,0.33333333333333326,0.014613778705636741,0.4375,0.4379665422553984,0.21428571428571427
graph_047_mu_0_3_node_733,28,0.11375661375661375,0.0008644967266578579,0.40925850061450225,2.4434434434434436,0.020887477716757544,16.0,12.0,1.333333333333333,0.42857142857142855,0.11214953271028037,0.013437849944008958,0.2727272727272726,0.2731273794223914,0.1495327102803738
graph_047_mu_0_3_node_734,26,0.11076923076923077,0.0009480296962688777,0.4300473525613431,2.325325325325325,0.03256713682956808,14.0,12.0,1.1666666666666667,0.4615384615384616,0.06857142857142859,0.01454545454545455,0.2999999999999999,0.3004000533404455,0.08
graph_047_mu_0_3_node_735,25,0.16666666666666666,0.0007818790911948838,0.421875,2.3703703703703702,0.0227107422009631,15.0,10.0,1.5,0.4000000000000001,0.09345794392523366,0.011198208286674137,0.25,0.2503334222459323,0.14018691588785043
graph_047_mu_0_3_node_736,25,0.19666666666666666,0.0006096363977239174,0.42169691853102576,2.3713713713713713,0.03747278605832785,17.0,8.0,2.125,0.32,0.045714285714285714,0.009696969696969699,0.19047619047619055,0.19074298164540282,0.09714285714285717
graph_047_mu_0_3_node_737,25,0.07666666666666666,0.000611800087758339,0.41625,2.4024024024024024,0.020138778163901125,12.0,13.0,0.9230769230769232,0.5199999999999998,0.12149532710280368,0.01455767077267637,0.3513513513513515,0.35178467024072185,0.11214953271028037
graph_047_mu_0_3_node_738,22,0.05194805194805195,0.000829857413747314,0.4410596026490066,2.2672672672672673,0.022418240978962705,5.0,17.0,0.29411764705882354,0.7727272727272727,0.4047619047619049,0.017745302713987474,0.6296296296296297,0.63019593763456,0.09523809523809527
graph_047_mu_0_3_node_739,19,0.1111111111111111,0.0004829399839543866,0.38690937257939584,2.5845845845845847,0.013194139013485059,9.0,10.0,0.9000000000000002,0.5263157894736842,0.12987012987012989,0.010834236186348859,0.35714285714285704,0.35747614603767114,0.1038961038961039
graph_047_mu_0_3_node_740,67,0.08729081863410222,0.0048489999967309344,0.4712264150943396,2.1221221221221223,0.053966874319648986,44.0,23.0,1.91304347826087,0.3432835820895522,0.15646258503401358,0.02696365767878078,0.20720720720720728,0.20797523071540508,0.2993197278911565
graph_047_mu_0_3_node_741,21,0.04285714285714286,0.0006859541929520344,0.40445344129554656,2.4724724724724725,0.015007687417520212,7.0,14.0,0.5,0.6666666666666665,0.33333333333333326,0.014613778705636741,0.5,0.500466480074637,0.1428571428571428
graph_047_mu_0_3_node_742,20,0.15263157894736842,0.0003616834042371313,0.4024979854955681,2.4844844844844847,0.01633399890686292,11.0,9.0,1.2222222222222217,0.4500000000000001,0.09375,0.009955752212389377,0.29032258064516125,0.2906225906454947,0.10416666666666669
graph_047_mu_0_3_node_743,25,0.13333333333333333,0.0008639614906091347,0.4434087882822903,2.255255255255255,0.02730689848262578,14.0,11.0,1.272727272727273,0.4400000000000001,0.05882352941176471,0.013530135301353018,0.282051282051282,0.2824180098392467,0.06951871657754015
graph_047_mu_0_3_node_744,24,0.16304347826086957,0.0006874667592576183,0.43302990897269183,2.309309309309309,0.03662740738908427,13.0,11.0,1.1818181818181819,0.4583333333333332,0.06285714285714285,0.013333333333333334,0.29729729729729737,0.2976640006342976,0.07428571428571427
graph_047_mu_0_3_node_745,19,0.06432748538011696,0.0005761779027303731,0.4102669404517454,2.4374374374374375,0.015025494981693433,12.0,7.0,1.7142857142857142,0.36842105263157887,0.037433155080213894,0.008610086100861008,0.2258064516129031,0.22603982384160795,0.06417112299465244
graph_047_mu_0_3_node_746,39,0.07557354925775979,0.0019496241930610835,0.4574175824175824,2.186186186186186,0.029627146956408897,20.0,19.0,1.0526315789473684,0.48717948717948717,0.10160427807486629,0.023370233702337026,0.3220338983050847,0.3226674216954351,0.10695187165775401
graph_047_mu_0_3_node_747,26,0.14461538461538462,0.0008005019143302624,0.4211635750421585,2.374374374374374,0.02158919753518483,14.0,12.0,1.1666666666666667,0.4615384615384616,0.11214953271028037,0.013437849944008958,0.2999999999999999,0.3004000533404455,0.1308411214953271
graph_047_mu_0_3_node_748,20,0.05789473684210526,0.0005865448920469103,0.4057676685621446,2.4644644644644647,0.014246977943714548,10.0,10.0,1.0,0.5,0.053475935828877004,0.012300123001230012,0.33333333333333326,0.333666644445926,0.04812834224598929
graph_047_mu_0_3_node_749,24,0.09782608695652174,0.0008199701959821134,0.42027766091712243,2.3793793793793796,0.020202474498666762,9.0,15.0,0.5999999999999998,0.625,0.1948051948051948,0.016251354279523293,0.45454545454545436,0.455045304590441,0.11688311688311685
graph_047_mu_0_3_node_750,23,0.17786561264822134,0.0004619749485433422,0.4385425812115891,2.28028028028028,0.03819725183693145,15.0,8.0,1.875,0.3478260869565216,0.045714285714285714,0.009696969696969699,0.21052631578947364,0.21079307137466868,0.08571428571428569
graph_047_mu_0_3_node_751,17,0.10294117647058823,0.0004802800067900858,0.38660990712074306,2.5865865865865865,0.012933597743534996,5.0,12.0,0.41666666666666674,0.7058823529411762,0.9230769230769232,0.0121580547112462,0.5454545454545452,0.5458543588749494,0.38461538461538475
graph_047_mu_0_3_node_752,22,0.12121212121212122,0.00047743415199113175,0.41607663473552686,2.4034034034034035,0.02519604260636362,11.0,11.0,1.0,0.5,0.07482993197278913,0.012895662368112544,0.33333333333333326,0.33369998777818505,0.06802721088435373
graph_047_mu_0_3_node_753,18,0.11764705882352941,0.000382162083156591,0.4065934065934066,2.4594594594594597,0.014529798118819662,11.0,7.0,1.5714285714285718,0.388888888888889,0.037433155080213894,0.008610086100861008,0.2413793103448275,0.24161266701382778,0.05882352941176471
graph_047_mu_0_3_node_754,22,0.12987012987012986,0.0006211156023391036,0.44498886414253896,2.2472472472472473,0.02549440350192059,10.0,12.0,0.8333333333333335,0.5454545454545452,0.125,0.013274336283185835,0.375,0.3753999466737768,0.09375
graph_047_mu_0_3_node_755,24,0.13852813852813853,0.0005040684555798885,0.4095940959409594,2.4414414414414414,0.022718337927225673,15.0,9.0,1.666666666666667,0.375,0.06122448979591836,0.01055099648300117,0.2307692307692308,0.23106932079623896,0.09523809523809527
graph_047_mu_0_3_node_756,26,0.13846153846153847,0.0006921691916370611,0.41816659690246966,2.3913913913913913,0.026222474464172467,17.0,9.0,1.8888888888888888,0.34615384615384615,0.06122448979591836,0.01055099648300117,0.2093023255813953,0.20960245563775315,0.10884353741496594
graph_047_mu_0_3_node_757,27,0.18803418803418803,0.0006469889006915855,0.4197478991596639,2.3823823823823824,0.03923655778622375,19.0,8.0,2.375,0.2962962962962963,0.045714285714285714,0.009696969696969699,0.1739130434782608,0.17417987024098516,0.10857142857142855
graph_047_mu_0_3_node_758,26,0.033846153846153845,0.0009976593428555481,0.4263764404609475,2.3453453453453452,0.019600919860438146,11.0,15.0,0.7333333333333332,0.5769230769230768,0.08021390374331552,0.01845018450184502,0.4054054054054053,0.4059053220859586,0.03208556149732622
graph_047_mu_0_3_node_759,50,0.053061224489795916,0.003101361827175909,0.44878706199460916,2.2282282282282284,0.031848496174703256,30.0,20.0,1.5,0.4000000000000001,0.10695187165775401,0.024600246002460024,0.25,0.2506672894701722,0.14973262032085558
graph_047_mu_0_3_node_760,34,0.09269162210338681,0.0015033355079514354,0.4483842010771993,2.23023023023023,0.0293813335449367,18.0,16.0,1.125,0.4705882352941177,0.08556149732620318,0.019680196801968024,0.3076923076923076,0.3082257832857992,0.08556149732620318
graph_047_mu_0_3_node_761,35,0.1495798319327731,0.001186565659612721,0.43548387096774194,2.2962962962962963,0.04538176576936892,22.0,13.0,1.6923076923076923,0.37142857142857155,0.07428571428571427,0.015757575757575755,0.22807017543859642,0.22850378339029923,0.1257142857142857
graph_047_mu_0_3_node_762,33,0.08333333333333333,0.00159584956157162,0.4393139841688654,2.2762762762762763,0.025292824493929642,13.0,20.0,0.6500000000000002,0.6060606060606061,0.25974025974025977,0.021668472372697718,0.4347826086956522,0.4354491420556468,0.16883116883116883
graph_047_mu_0_3_node_763,17,0.058823529411764705,0.00037002013280175265,0.41366459627329194,2.4174174174174174,0.015373992080450555,8.0,9.0,0.8888888888888892,0.5294117647058824,0.04812834224598929,0.011070110701107009,0.36,0.3602999500083319,0.037433155080213894
graph_047_mu_0_3_node_764,20,0.14210526315789473,0.0005147232994378514,0.43491510666086197,2.299299299299299,0.022456326038820446,8.0,12.0,0.6666666666666665,0.5999999999999998,0.26086956521739124,0.012578616352201257,0.42857142857142855,0.4289713219331989,0.1739130434782608
graph_047_mu_0_3_node_765,26,0.14153846153846153,0.000840796277261309,0.44498886414253896,2.2472472472472473,0.037671727040117384,14.0,12.0,1.1666666666666667,0.4615384615384616,0.06857142857142859,0.01454545454545455,0.2999999999999999,0.3004000533404455,0.08
graph_047_mu_0_3_node_766,27,0.15669515669515668,0.0007197934625940364,0.3920722135007849,2.5505505505505504,0.015042510740590657,16.0,11.0,1.4545454545454546,0.4074074074074074,0.3142857142857142,0.011398963730569948,0.2558139534883721,0.2561807301880487,0.45714285714285724
graph_047_mu_0_3_node_767,25,0.16333333333333333,0.0006354519623631523,0.4307891332470893,2.3213213213213213,0.027818198433275633,16.0,9.0,1.7777777777777783,0.36,0.06122448979591836,0.01055099648300117,0.21951219512195133,0.21981230516229944,0.10884353741496594
graph_047_mu_0_3_node_768,29,0.06403940886699508,0.0012145327541170751,0.4300473525613431,2.325325325325325,0.024437111927061092,14.0,15.0,0.9333333333333335,0.5172413793103449,0.08021390374331552,0.01845018450184502,0.34883720930232553,0.34933722596954797,0.06951871657754015
graph_047_mu_0_3_node_769,77,0.08168147641831852,0.006350193867106804,0.4727875059157596,2.115115115115115,0.04724060341501062,46.0,31.0,1.4838709677419355,0.4025974025974026,0.4025974025974026,0.03358613217768148,0.25203252032520324,0.253067544197528,0.5974025974025974
graph_047_mu_0_3_node_770,90,0.0431960049937578,0.009352394007419232,0.4947994056463596,2.021021021021021,0.057643067415490884,59.0,31.0,1.9032258064516125,0.3444444444444444,0.16577540106951874,0.03813038130381303,0.20805369127516782,0.20908961441635404,0.2780748663101606
graph_047_mu_0_3_node_771,32,0.125,0.0009936063895321049,0.4334056399132321,2.3073073073073074,0.04038892099064808,19.0,13.0,1.461538461538461,0.40625,0.07428571428571427,0.015757575757575755,0.2549019607843137,0.2553354819768305,0.10857142857142855
graph_047_mu_0_3_node_772,26,0.055384615384615386,0.000850285045972322,0.4320934256055363,2.314314314314314,0.02451758942545989,10.0,16.0,0.625,0.6153846153846152,0.08556149732620318,0.019680196801968024,0.4444444444444446,0.4449776355934712,0.04812834224598929
graph_047_mu_0_3_node_773,25,0.18333333333333332,0.0008136354649659884,0.43415906127770537,2.3033033033033035,0.022888634160445932,14.0,11.0,1.272727272727273,0.4400000000000001,0.1145833333333333,0.012168141592920354,0.282051282051282,0.2824180098392467,0.14583333333333334
graph_047_mu_0_3_node_774,21,0.10476190476190476,0.0006222216391824562,0.38408304498269896,2.6036036036036037,0.010418667005611967,11.0,10.0,1.0999999999999999,0.4761904761904762,0.2127659574468086,0.010493179433368307,0.3125,0.31283333333333335,0.23404255319148948
graph_047_mu_0_3_node_775,20,0.07894736842105263,0.000568456120064092,0.4283876500857633,2.334334334334334,0.021906008500163394,8.0,12.0,0.6666666666666665,0.5999999999999998,0.06417112299465244,0.014760147601476013,0.42857142857142855,0.4289713219331989,0.021390374331550794
graph_047_mu_0_3_node_776,23,0.08300395256916997,0.0008362866530465604,0.4265584970111016,2.344344344344344,0.0209362826048027,11.0,12.0,0.9166666666666664,0.5217391304347825,0.06417112299465244,0.014760147601476013,0.3529411764705881,0.35334114980569914,0.05882352941176471
graph_047_mu_0_3_node_777,23,0.05138339920948617,0.0008435303117463223,0.42348452734209413,2.3613613613613613,0.018883689511098003,12.0,11.0,1.0909090909090904,0.4782608695652175,0.05882352941176471,0.013530135301353018,0.3142857142857142,0.3146523931750105,0.053475935828877004
graph_047_mu_0_3_node_778,22,0.06493506493506493,0.0004684972339037236,0.41195876288659794,2.4274274274274275,0.020442571329033404,9.0,13.0,0.6923076923076923,0.5909090909090909,0.06951871657754015,0.015990159901599018,0.4193548387096773,0.41978807095548665,0.04278074866310159
graph_047_mu_0_3_node_779,41,0.07073170731707316,0.0023834125643061614,0.4559561843906892,2.1931931931931934,0.027988948022932607,23.0,18.0,1.2777777777777783,0.43902439024390266,0.09625668449197858,0.022140221402214017,0.28125,0.28185032017075773,0.11764705882352942
graph_047_mu_0_3_node_780,21,0.09047619047619047,0.0006191039322829636,0.41625,2.4024024024024024,0.018168007520824554,8.0,13.0,0.6153846153846152,0.6190476190476188,0.27659574468085113,0.013641133263378801,0.44827586206896536,0.44870906544128714,0.17021276595744675
graph_047_mu_0_3_node_781,21,0.11904761904761904,0.0005618351913344137,0.4206315789473684,2.3773773773773774,0.020759451461316254,10.0,11.0,0.9090909090909087,0.5238095238095238,0.10280373831775697,0.012318029115341547,0.3548387096774193,0.3552053396810857,0.09345794392523366
graph_047_mu_0_3_node_782,30,0.06436781609195402,0.0012958612093760086,0.42893945899527697,2.3313313313313313,0.02117039798770967,13.0,17.0,0.7647058823529413,0.5666666666666665,0.17708333333333334,0.018805309734513272,0.3953488372093022,0.3959154472149685,0.13541666666666669
graph_047_mu_0_3_node_783,36,0.15555555555555556,0.0016369450765942408,0.4220532319391635,2.369369369369369,0.02087931195206865,22.0,14.0,1.5714285714285718,0.388888888888889,0.3043478260869565,0.014675052410901472,0.2413793103448275,0.24184625717959518,0.4782608695652175
graph_047_mu_0_3_node_784,24,0.10144927536231885,0.000599792017313962,0.427105600684053,2.3413413413413413,0.030516063726960967,15.0,9.0,1.666666666666667,0.375,0.0514285714285714,0.010909090909090913,0.2307692307692308,0.23106932079623896,0.08
graph_047_mu_0_3_node_785,27,0.09971509971509972,0.0009127959887757861,0.41366459627329194,2.4174174174174174,0.018794861291652646,13.0,14.0,0.9285714285714288,0.5185185185185184,0.14583333333333334,0.01548672566371681,0.3499999999999999,0.35046666666666665,0.13541666666666669
graph_047_mu_0_3_node_786,25,0.15666666666666668,0.0005871146777585514,0.4186923721709975,2.3883883883883885,0.03410791546213065,16.0,9.0,1.7777777777777783,0.36,0.0514285714285714,0.010909090909090913,0.21951219512195133,0.21981230516229944,0.09142857142857143
graph_047_mu_0_3_node_787,23,0.06666666666666667,0.0006529699042278313,0.39564356435643566,2.5275275275275275,0.011440651702395903,12.0,11.0,1.0909090909090904,0.4782608695652175,0.23404255319148948,0.011542497376705143,0.3142857142857142,0.3146523931750105,0.23404255319148948
graph_047_mu_0_3_node_788,69,0.0711849957374254,0.004555796658810323,0.47413383958234456,2.109109109109109,0.06689501285755461,41.0,28.0,1.4642857142857142,0.4057971014492754,0.16,0.03393939393939394,0.25454545454545446,0.2554800963773526,0.23428571428571437
graph_047_mu_0_3_node_789,21,0.06666666666666667,0.0005487279966576143,0.4188679245283019,2.3873873873873874,0.021173787634984325,8.0,13.0,0.6153846153846152,0.6190476190476188,0.08843537414965989,0.015240328253223913,0.44827586206896536,0.44870906544128714,0.04761904761904764
graph_047_mu_0_3_node_790,20,0.14736842105263157,0.00039103608829046103,0.415211970074813,2.4084084084084085,0.021969284788462322,11.0,9.0,1.2222222222222217,0.4500000000000001,0.06122448979591836,0.01055099648300117,0.29032258064516125,0.2906225906454947,0.07482993197278913
graph_047_mu_0_3_node_791,19,0.14619883040935672,0.0004530353633030842,0.39161113288906313,2.5535535535535536,0.01302241785470683,10.0,9.0,1.1111111111111112,0.4736842105263158,0.11688311688311685,0.009750812567713976,0.31034482758620696,0.3106448175865403,0.12987012987012989
graph_047_mu_0_3_node_792,37,0.13663663663663664,0.0014345507256479412,0.41799163179916315,2.3923923923923924,0.023006415618113545,25.0,12.0,2.083333333333333,0.3243243243243245,0.125,0.013274336283185835,0.19354838709677416,0.19394873406414598,0.26041666666666663
graph_047_mu_0_3_node_793,25,0.13438735177865613,0.0006208624840427239,0.41729323308270677,2.3963963963963963,0.033876873376525986,17.0,8.0,2.125,0.32,0.045714285714285714,0.009696969696969699,0.19047619047619055,0.19074298164540282,0.09142857142857143
graph_047_mu_0_3_node_794,52,0.09200603318250378,0.0029255106210552963,0.45867768595041325,2.18018018018018,0.04415544069529516,33.0,19.0,1.7368421052631577,0.36538461538461525,0.1292517006802721,0.02227432590855804,0.22352941176470595,0.22416348484997203,0.22448979591836735
graph_047_mu_0_3_node_795,30,0.10114942528735632,0.001017926323026865,0.4383501535761299,2.2812812812812813,0.028758396786346122,16.0,14.0,1.1428571428571423,0.46666666666666673,0.09523809523809527,0.016412661195779606,0.3043478260869565,0.30481458610562695,0.10884353741496594
graph_047_mu_0_3_node_796,19,0.1111111111111111,0.00043158527377704824,0.3885647607934656,2.5735735735735736,0.011970529502214007,10.0,9.0,1.1111111111111112,0.4736842105263158,0.09375,0.009955752212389377,0.31034482758620696,0.3106448175865403,0.09375
graph_047_mu_0_3_node_797,13,0.038461538461538464,0.00026245643618880724,0.3909980430528376,2.5575575575575575,0.011417812379130785,5.0,8.0,0.625,0.6153846153846152,0.04278074866310159,0.009840098400984012,0.4444444444444446,0.44471102225184195,0.01604278074866311
graph_047_mu_0_3_node_798,28,0.10846560846560846,0.000799610896555021,0.41060419235511714,2.4354354354354353,0.020990760377571388,17.0,11.0,1.5454545454545454,0.39285714285714296,0.10280373831775697,0.012318029115341547,0.24444444444444444,0.24481124560487,0.1588785046728972
graph_047_mu_0_3_node_799,28,0.09259259259259259,0.0009435550633047942,0.4197478991596639,2.3823823823823824,0.01931289009788262,19.0,9.0,2.111111111111111,0.32142857142857145,0.04812834224598929,0.011070110701107009,0.19148936170212763,0.19178953179851557,0.09625668449197858
graph_047_mu_0_3_node_800,16,0.08333333333333333,0.00027263056849279174,0.4157303370786517,2.4054054054054053,0.02106064630092025,8.0,8.0,1.0,0.5,0.05442176870748297,0.009378663540445488,0.33333333333333326,0.33359996444918466,0.04761904761904764
graph_047_mu_0_3_node_801,19,0.11695906432748537,0.0003714276921501121,0.41298057048367093,2.4214214214214214,0.021294855219921034,11.0,8.0,1.375,0.4210526315789473,0.05442176870748297,0.009378663540445488,0.2666666666666666,0.2669333511122963,0.07482993197278913
graph_047_mu_0_3_node_802,22,0.1341991341991342,0.0005032748414603223,0.4157303370786517,2.4054054054054053,0.029050078329882167,12.0,10.0,1.1999999999999995,0.45454545454545436,0.057142857142857155,0.012121212121212118,0.29411764705882354,0.2944510026158607,0.06857142857142859
graph_047_mu_0_3_node_803,26,0.07076923076923076,0.0010026185451748083,0.4211635750421585,2.374374374374374,0.019250588892273178,10.0,16.0,0.625,0.6153846153846152,0.3478260869565216,0.016771488469601685,0.4444444444444446,0.4449776355934712,0.2173913043478261
graph_047_mu_0_3_node_804,66,0.0882936507936508,0.004569303273545246,0.4532667876588022,2.206206206206206,0.035526258001149225,41.0,25.0,1.6400000000000003,0.37878787878787884,0.3246753246753248,0.027085590465872167,0.23364485981308417,0.23447944502423423,0.5194805194805195
graph_047_mu_0_3_node_805,24,0.14492753623188406,0.0006736514546001698,0.42912371134020616,2.33033033033033,0.03257559018509614,13.0,11.0,1.1818181818181819,0.4583333333333332,0.06285714285714285,0.013333333333333334,0.29729729729729737,0.2976640006342976,0.07428571428571427
graph_047_mu_0_3_node_806,35,0.11092436974789915,0.0012547267760872592,0.43873517786561267,2.279279279279279,0.03328514244873011,20.0,15.0,1.333333333333333,0.42857142857142855,0.10204081632653059,0.017584994138335284,0.2727272727272726,0.27322748948786885,0.13605442176870747
graph_047_mu_0_3_node_807,20,0.06315789473684211,0.000507080042732785,0.4024979854955681,2.4844844844844847,0.013354048218250474,10.0,10.0,1.0,0.5,0.053475935828877004,0.012300123001230012,0.33333333333333326,0.333666644445926,0.053475935828877004
graph_047_mu_0_3_node_808,17,0.08088235294117647,0.0005073156348098037,0.4074225122349103,2.4544544544544546,0.012725892374260485,7.0,10.0,0.6999999999999998,0.5882352941176471,0.053475935828877004,0.012300123001230012,0.41666666666666674,0.4169999111348084,0.03208556149732622
graph_047_mu_0_3_node_809,44,0.052854122621564484,0.0025279081639256623,0.4534725374489333,2.205205205205205,0.03212367300775038,22.0,22.0,1.0,0.5,0.11764705882352942,0.027060270602706035,0.33333333333333326,0.3340669111926197,0.11229946524064173
graph_047_mu_0_3_node_810,20,0.14210526315789473,0.00040790721665945735,0.40298507462686567,2.4814814814814814,0.020500600192419133,11.0,9.0,1.2222222222222217,0.4500000000000001,0.06122448979591836,0.01055099648300117,0.29032258064516125,0.2906225906454947,0.07482993197278913
graph_047_mu_0_3_node_811,27,0.11,0.000725012449677799,0.39423835832675613,2.5365365365365364,0.013488398134102738,17.0,10.0,1.6999999999999995,0.37037037037037035,0.2127659574468086,0.010493179433368307,0.22727272727272718,0.2276061939927487,0.3404255319148935
graph_047_mu_0_3_node_812,22,0.0735930735930736,0.0006339857668958485,0.3867595818815331,2.5855855855855854,0.01114865640619007,11.0,11.0,1.0,0.5,0.2619047619047619,0.01148225469728601,0.33333333333333326,0.33369998777818505,0.2619047619047619
graph_047_mu_0_3_node_813,27,0.09,0.0007820010713795344,0.39501779359430605,2.5315315315315314,0.013528727100797902,15.0,12.0,1.25,0.4444444444444446,0.2553191489361702,0.012591815320041971,0.2857142857142856,0.28611436573028903,0.297872340425532
graph_047_mu_0_3_node_814,48,0.07246376811594203,0.0023207588158691518,0.44380275433140826,2.2532532532532534,0.03491318972458473,31.0,17.0,1.8235294117647063,0.3541666666666667,0.11564625850340132,0.01992966002344666,0.21518987341772144,0.2157571641041432,0.20408163265306117
graph_047_mu_0_3_node_815,18,0.13071895424836602,0.0004016309296396124,0.3855654187572366,2.5935935935935936,0.010731397313845812,10.0,8.0,1.25,0.4444444444444446,0.19047619047619055,0.008350730688935283,0.2857142857142856,0.28598095238095234,0.2380952380952381
graph_047_mu_0_3_node_816,17,0.09558823529411764,0.0004624230358538383,0.41060419235511714,2.4354354354354353,0.01553227945634473,8.0,9.0,0.8888888888888892,0.5294117647058824,0.19148936170212763,0.00944386149003148,0.36,0.3602999500083319,0.17021276595744675
graph_047_mu_0_3_node_817,24,0.03985507246376811,0.0007686333082159368,0.4085889570552147,2.4474474474474475,0.016606793647172897,14.0,10.0,1.3999999999999997,0.41666666666666674,0.053475935828877004,0.012300123001230012,0.2631578947368421,0.2634912947501781,0.04812834224598929
graph_047_mu_0_3_node_818,18,0.08496732026143791,0.0005124980487758703,0.39161113288906313,2.5535535535535536,0.0103960860202387,10.0,8.0,1.25,0.4444444444444446,0.04278074866310159,0.009840098400984012,0.2857142857142856,0.28598095238095234,0.053475935828877004
graph_047_mu_0_3_node_819,34,0.1443850267379679,0.0009890607364429474,0.43989431968295906,2.2732732732732734,0.045091723160383124,23.0,11.0,2.09090909090909,0.3235294117647059,0.06285714285714285,0.013333333333333334,0.1929824561403509,0.19334940413381257,0.13142857142857145
graph_047_mu_0_3_node_820,21,0.14285714285714285,0.0007296567170705718,0.4145228215767635,2.4124124124124124,0.029673660095003707,11.0,10.0,1.0999999999999999,0.4761904761904762,0.057142857142857155,0.012121212121212118,0.3125,0.31283333333333335,0.06285714285714285
graph_047_mu_0_3_node_821,14,0.03296703296703297,0.0002485216652929163,0.3734579439252336,2.6776776776776776,0.00789114331646606,6.0,8.0,0.75,0.5714285714285712,0.04278074866310159,0.009840098400984012,0.4000000000000001,0.4002665955745135,0.01604278074866311
graph_047_mu_0_3_node_822,30,0.14022988505747128,0.0009508681396711304,0.4473802060008957,2.235235235235235,0.04035649461587166,15.0,15.0,1.0,0.5,0.08571428571428569,0.018181818181818184,0.33333333333333326,0.33383338333833373,0.08571428571428569
graph_047_mu_0_3_node_823,44,0.0412262156448203,0.002529300114446604,0.44047619047619047,2.27027027027027,0.027761217433649336,22.0,22.0,1.0,0.5,0.11764705882352942,0.027060270602706035,0.33333333333333326,0.3340669111926197,0.09090909090909091
graph_047_mu_0_3_node_824,27,0.17333333333333334,0.0005828463541787149,0.4201009251471825,2.3803803803803802,0.03395668408497184,18.0,9.0,2.0,0.33333333333333326,0.0514285714285714,0.010909090909090913,0.20000000000000004,0.2003001500750376,0.09714285714285717
graph_047_mu_0_3_node_825,17,0.15441176470588236,0.0003415078570705825,0.40478119935170176,2.4704704704704703,0.01839165612383688,9.0,8.0,1.125,0.4705882352941177,0.05442176870748297,0.009378663540445488,0.3076923076923076,0.3079589565823816,0.06122448979591836
graph_047_mu_0_3_node_826,32,0.09274193548387097,0.001284854062161324,0.43359375,2.3063063063063063,0.02568882076769297,14.0,18.0,0.777777777777778,0.5625,0.2337662337662337,0.01950162513542795,0.3913043478260869,0.3919043078287535,0.18181818181818182
graph_047_mu_0_3_node_827,58,0.07017543859649122,0.004184145510255132,0.4679156908665105,2.1371371371371373,0.040260009378968904,37.0,21.0,1.7619047619047623,0.3620689655172414,0.11229946524064173,0.025830258302583026,0.22105263157894728,0.2217535895548477,0.19251336898395716
graph_047_mu_0_3_node_828,36,0.04285714285714286,0.0021386127225617923,0.46036866359447004,2.1721721721721723,0.02965172423291987,9.0,27.0,0.33333333333333326,0.75,0.1443850267379679,0.033210332103321034,0.5999999999999998,0.6008993704406914,0.03208556149732622
graph_047_mu_0_3_node_829,58,0.09618874773139746,0.003378575731404151,0.46573426573426574,2.1471471471471473,0.06340284605628846,37.0,21.0,1.7619047619047623,0.3620689655172414,0.12000000000000005,0.025454545454545452,0.22105263157894728,0.2217535895548477,0.21142857142857138
graph_047_mu_0_3_node_830,39,0.10121457489878542,0.0016156921471036994,0.4416445623342175,2.264264264264264,0.04367019979641447,20.0,19.0,1.0526315789473684,0.48717948717948717,0.10857142857142855,0.023030303030303026,0.3220338983050847,0.3226674216954351,0.11428571428571431
graph_047_mu_0_3_node_831,19,0.08187134502923976,0.0004194911785103732,0.3981666002391391,2.5115115115115114,0.01445797533056567,8.0,11.0,0.7272727272727273,0.5789473684210529,0.1145833333333333,0.012168141592920354,0.4074074074074074,0.40777398853847663,0.08333333333333331
graph_047_mu_0_3_node_832,31,0.15268817204301074,0.0011256919511864196,0.43624454148471614,2.2922922922922924,0.04256481570071532,18.0,13.0,1.3846153846153846,0.4193548387096773,0.07428571428571427,0.015757575757575755,0.2653061224489796,0.26573961472948243,0.1028571428571428
graph_047_mu_0_3_node_833,96,0.06771905742393045,0.009133123784576003,0.49455445544554455,2.022022022022022,0.07220320962459824,60.0,36.0,1.666666666666667,0.375,0.24489795918367344,0.04220398593200468,0.2307692307692308,0.23197211769785941,0.4013605442176873
graph_047_mu_0_3_node_834,24,0.11956521739130435,0.0006235587944147921,0.408923454768727,2.4454454454454453,0.01957017155694759,12.0,12.0,1.0,0.5,0.15584415584415587,0.013001083423618635,0.33333333333333326,0.33373333333333327,0.15584415584415587
graph_047_mu_0_3_node_835,23,0.09486166007905138,0.0006851372507890857,0.4211635750421585,2.374374374374374,0.023122078911866132,8.0,15.0,0.5333333333333332,0.6521739130434784,0.10204081632653059,0.017584994138335284,0.4838709677419357,0.48437078447579984,0.05442176870748297
graph_047_mu_0_3_node_836,64,0.05654761904761905,0.004984895190277616,0.4696755994358251,2.129129129129129,0.04215238155843073,36.0,28.0,1.2857142857142858,0.4375,0.14973262032085558,0.03444034440344403,0.28000000000000014,0.2809343299519487,0.18181818181818182
graph_047_mu_0_3_node_837,19,0.09941520467836257,0.0005875409964340039,0.3984842441164739,2.5095095095095097,0.011110048140918764,12.0,7.0,1.7142857142857142,0.36842105263157887,0.16666666666666663,0.0073068893528183704,0.2258064516129031,0.22603982384160795,0.2857142857142856
graph_047_mu_0_3_node_838,24,0.08225108225108226,0.0006180783650895234,0.42027766091712243,2.3793793793793796,0.02273794324579386,10.0,14.0,0.7142857142857141,0.5833333333333334,0.14583333333333334,0.01548672566371681,0.41176470588235303,0.4122312792343494,0.09375
graph_047_mu_0_3_node_839,38,0.08250355618776671,0.0018666668481267597,0.4389279437609842,2.2782782782782784,0.031738890955134824,23.0,15.0,1.5333333333333337,0.3947368421052631,0.10204081632653059,0.017584994138335284,0.24590163934426232,0.24640195621161165,0.15646258503401358
graph_047_mu_0_3_node_840,26,0.16615384615384615,0.0006111291211245124,0.4229466553767993,2.364364364364364,0.034176510964376676,16.0,10.0,1.6000000000000003,0.38461538461538475,0.057142857142857155,0.012121212121212118,0.2380952380952381,0.23842868257673192,0.09142857142857143
graph_047_mu_0_3_node_841,28,0.17989417989417988,0.0008039570551226578,0.43548387096774194,2.2962962962962963,0.04142303249771479,16.0,12.0,1.333333333333333,0.42857142857142855,0.06857142857142859,0.01454545454545455,0.2727272727272726,0.2731273794223914,0.09142857142857143
graph_047_mu_0_3_node_842,27,0.11333333333333333,0.0009081091675848838,0.42045454545454547,2.3783783783783785,0.019326000388995495,11.0,16.0,0.6875,0.5925925925925926,1.2307692307692304,0.016210739614994942,0.4210526315789473,0.42158585826694317,0.7692307692307695
graph_047_mu_0_3_node_843,19,0.1286549707602339,0.00047982644212264837,0.40104375752709753,2.4934934934934936,0.017814021397046385,7.0,12.0,0.5833333333333334,0.6315789473684211,0.9230769230769232,0.0121580547112462,0.4615384615384616,0.46193832824955805,0.5384615384615384
graph_047_mu_0_3_node_844,23,0.07905138339920949,0.00074988587915402,0.4164235097957482,2.4014014014014013,0.017307450880009984,8.0,15.0,0.5333333333333332,0.6521739130434784,0.15625,0.016592920353982302,0.4838709677419357,0.48437078447579984,0.08333333333333331
graph_047_mu_0_3_node_845,18,0.13725490196078433,0.00042144121391600247,0.43321769297484825,2.3083083083083085,0.022898090527709254,8.0,10.0,0.8000000000000002,0.5555555555555556,0.053475935828877004,0.012300123001230012,0.38461538461538475,0.3849486512953819,0.04278074866310159
graph_047_mu_0_3_node_846,35,0.1949579831932773,0.0012801979783598387,0.4150394682176984,2.4094094094094096,0.020588072572790803,22.0,13.0,1.6923076923076923,0.37142857142857155,0.37142857142857155,0.013471502590673581,0.22807017543859642,0.22850378339029923,0.6285714285714284
graph_047_mu_0_3_node_847,28,0.164021164021164,0.0009672777060772441,0.4274711168164313,2.339339339339339,0.029298082109695527,18.0,10.0,1.8000000000000005,0.35714285714285704,0.06802721088435373,0.011723329425556862,0.2173913043478261,0.21772479330934139,0.12244897959183672
graph_047_mu_0_3_node_848,15,0.10476190476190476,0.00023846832634926148,0.40379951495553756,2.4764764764764764,0.014113890603860795,8.0,7.0,1.1428571428571423,0.46666666666666673,0.037433155080213894,0.008610086100861008,0.3043478260869565,0.3045811360892897,0.04278074866310159
graph_047_mu_0_3_node_849,20,0.12631578947368421,0.00048774713302575227,0.42366412213740456,2.3603603603603602,0.024812579443593163,11.0,9.0,1.2222222222222217,0.4500000000000001,0.06122448979591836,0.01055099648300117,0.29032258064516125,0.2906225906454947,0.07482993197278913
graph_047_mu_0_3_node_850,21,0.19523809523809524,0.0005320849806721993,0.41366459627329194,2.4174174174174174,0.03145622253783056,15.0,6.0,2.5,0.2857142857142856,0.034285714285714294,0.007272727272727275,0.16666666666666663,0.16686674669867949,0.08571428571428569
graph_047_mu_0_3_node_851,15,0.18095238095238095,0.00028527517241098917,0.408255006129955,2.4494494494494496,0.015517486061796777,6.0,9.0,0.6666666666666665,0.5999999999999998,0.19148936170212763,0.00944386149003148,0.42857142857142855,0.4288713385984204,0.1276595744680851
graph_047_mu_0_3_node_852,87,0.08319327731092437,0.007353376000839631,0.4889867841409692,2.045045045045045,0.06870237104075796,57.0,30.0,1.8999999999999995,0.3448275862068967,0.20408163265306117,0.03516998827667057,0.20833333333333337,0.20933573910719064,0.3809523809523811
graph_047_mu_0_3_node_853,18,0.13725490196078433,0.0003500511024530076,0.4171189979123173,2.3973973973973974,0.029311943500194677,10.0,8.0,1.25,0.4444444444444446,0.045714285714285714,0.009696969696969699,0.2857142857142856,0.28598095238095234,0.057142857142857155
graph_047_mu_0_3_node_854,24,0.2318840579710145,0.0005644307955248385,0.38735944164404806,2.5815815815815815,0.013151100750137753,16.0,8.0,2.0,0.33333333333333326,0.22857142857142862,0.008290155440414506,0.20000000000000004,0.2002667733760171,0.45714285714285724
graph_047_mu_0_3_node_855,18,0.08496732026143791,0.0003754166020818034,0.39330708661417324,2.5425425425425425,0.012095472385065304,13.0,5.0,2.600000000000001,0.2777777777777778,0.026737967914438502,0.006150061500615006,0.16129032258064516,0.16145703926231633,0.05882352941176471
graph_047_mu_0_3_node_856,31,0.13548387096774195,0.0010129239430420782,0.4276541095890411,2.3383383383383385,0.0388176747031463,20.0,11.0,1.8181818181818175,0.3548387096774193,0.06285714285714285,0.013333333333333334,0.21568627450980402,0.21605314907205597,0.11428571428571431
graph_047_mu_0_3_node_857,48,0.1099290780141844,0.0019365182751688967,0.4526506570004531,2.209209209209209,0.05513376488044406,33.0,15.0,2.1999999999999997,0.3125,0.08571428571428569,0.018181818181818184,0.18518518518518517,0.18568583603128508,0.18857142857142858
graph_047_mu_0_3_node_858,28,0.10052910052910052,0.0009963071503296624,0.4249255635899617,2.3533533533533535,0.026186193282009,14.0,14.0,1.0,0.5,0.09523809523809527,0.016412661195779606,0.33333333333333326,0.3338000311131853,0.09523809523809527
graph_047_mu_0_3_node_859,20,0.13157894736842105,0.0005055704040103767,0.3978494623655914,2.5135135135135136,0.015474437643921346,8.0,12.0,0.6666666666666665,0.5999999999999998,0.15584415584415587,0.013001083423618635,0.42857142857142855,0.4289713219331989,0.1038961038961039
graph_047_mu_0_3_node_860,28,0.18518518518518517,0.0006872750950813444,0.44419742107603377,2.2512512512512513,0.043858750805534294,17.0,11.0,1.5454545454545454,0.39285714285714296,0.06285714285714285,0.013333333333333334,0.24444444444444444,0.24481124560487,0.09714285714285717
graph_047_mu_0_3_node_861,29,0.12535612535612536,0.00099876738100803,0.4197478991596639,2.3823823823823824,0.023664097676339844,14.0,15.0,0.9333333333333335,0.5172413793103449,0.42857142857142855,0.0155440414507772,0.34883720930232553,0.34933722596954797,0.37142857142857155
graph_047_mu_0_3_node_862,26,0.1476923076923077,0.0006718107478347591,0.4201009251471825,2.3803803803803802,0.035900721639909525,15.0,11.0,1.3636363636363635,0.4230769230769231,0.06285714285714285,0.013333333333333334,0.26829268292682934,0.2686594351690191,0.08571428571428569
graph_047_mu_0_3_node_863,19,0.06432748538011696,0.00044399062048380194,0.4052738336713996,2.4674674674674675,0.016327234524501442,9.0,10.0,0.9000000000000002,0.5263157894736842,0.06802721088435373,0.011723329425556862,0.35714285714285704,0.35747614603767114,0.05442176870748297
graph_047_mu_0_3_node_864,56,0.05454545454545454,0.0037313006942342737,0.4674777725783809,2.139139139139139,0.03825184248635586,32.0,24.0,1.333333333333333,0.42857142857142855,0.12834224598930488,0.029520295202952025,0.2727272727272726,0.2735280200914793,0.16577540106951874
graph_047_mu_0_3_node_865,20,0.22631578947368422,0.0003231017045072245,0.41799163179916315,2.3923923923923924,0.024287461994584585,14.0,6.0,2.3333333333333335,0.2999999999999999,0.04081632653061224,0.007033997655334117,0.17647058823529405,0.17667065492419048,0.09523809523809527
graph_047_mu_0_3_node_866,27,0.16524216524216523,0.0008063798439476753,0.451831750339213,2.2132132132132134,0.04421359700892017,14.0,13.0,1.0769230769230769,0.4814814814814816,0.07428571428571427,0.015757575757575755,0.3170731707317073,0.3175065474027078,0.08
graph_047_mu_0_3_node_867,22,0.16883116883116883,0.0006142024429321704,0.4036363636363636,2.4774774774774775,0.015655250362976582,12.0,10.0,1.1999999999999995,0.45454545454545436,0.2857142857142856,0.010362694300518137,0.29411764705882354,0.2944510026158607,0.34285714285714275
graph_047_mu_0_3_node_868,20,0.2,0.0003880456331695563,0.4102669404517454,2.4374374374374375,0.029774455625844458,14.0,6.0,2.3333333333333335,0.2999999999999999,0.034285714285714294,0.007272727272727275,0.17647058823529405,0.17667065492419048,0.08
graph_047_mu_0_3_node_869,20,0.07894736842105263,0.0005760972822579368,0.4227676682183665,2.3653653653653652,0.018994936007319347,12.0,8.0,1.5,0.4000000000000001,0.04278074866310159,0.009840098400984012,0.25,0.2502667022269636,0.05882352941176471
graph_047_mu_0_3_node_870,24,0.15942028985507245,0.0008599836398390203,0.4406704896338774,2.269269269269269,0.0341431696528946,11.0,13.0,0.8461538461538461,0.5416666666666667,0.08843537414965989,0.015240328253223913,0.37142857142857155,0.37186186143290445,0.07482993197278913
graph_047_mu_0_3_node_871,25,0.11,0.0008087415344631735,0.436054124836316,2.2932932932932935,0.025278235945201087,12.0,13.0,0.9230769230769232,0.5199999999999998,0.13541666666666669,0.014380530973451324,0.3513513513513515,0.35178467024072185,0.125
graph_047_mu_0_3_node_872,24,0.15579710144927536,0.0006078706591964694,0.43548387096774194,2.2962962962962963,0.03176463180151012,13.0,11.0,1.1818181818181819,0.4583333333333332,0.07482993197278913,0.012895662368112544,0.29729729729729737,0.2976640006342976,0.08163265306122448
graph_047_mu_0_3_node_873,35,0.14962121212121213,0.0012609275632356194,0.4109419991772933,2.4334334334334335,0.02001218721889879,20.0,15.0,1.333333333333333,0.42857142857142855,0.42857142857142855,0.0155440414507772,0.2727272727272726,0.27322748948786885,0.5428571428571429
graph_047_mu_0_3_node_874,24,0.21014492753623187,0.0006042291426579646,0.40925850061450225,2.4434434434434436,0.018708675385354267,15.0,9.0,1.666666666666667,0.375,0.2571428571428571,0.00932642487046632,0.2307692307692308,0.23106932079623896,0.42857142857142855
graph_047_mu_0_3_node_875,18,0.12418300653594772,0.0005466969844627785,0.38158899923605805,2.6206206206206204,0.009180369072938045,10.0,8.0,1.25,0.4444444444444446,0.6153846153846152,0.008105369807497471,0.2857142857142856,0.28598095238095234,0.7692307692307695
graph_047_mu_0_3_node_876,16,0.058333333333333334,0.0003563669476695406,0.3981666002391391,2.5115115115115114,0.01251648522275358,5.0,11.0,0.45454545454545436,0.6875,0.23913043478260876,0.011530398322851156,0.5238095238095238,0.5241760316561237,0.10869565217391305
graph_047_mu_0_3_node_877,27,0.18518518518518517,0.0007528926702025433,0.4406704896338774,2.269269269269269,0.042898302586765254,16.0,11.0,1.4545454545454546,0.4074074074074074,0.06285714285714285,0.013333333333333334,0.2558139534883721,0.2561807301880487,0.09142857142857143
graph_047_mu_0_3_node_878,22,0.05627705627705628,0.0007220381867510554,0.4153846153846154,2.4074074074074074,0.019203218815378512,7.0,15.0,0.46666666666666673,0.6818181818181818,0.1948051948051948,0.016251354279523293,0.5172413793103449,0.5177411627375265,0.09090909090909091
graph_047_mu_0_3_node_879,17,0.10294117647058823,0.0003490206476639319,0.4178168130489335,2.3933933933933935,0.017984400078080897,7.0,10.0,0.6999999999999998,0.5882352941176471,0.053475935828877004,0.012300123001230012,0.41666666666666674,0.4169999111348084,0.037433155080213894
graph_047_mu_0_3_node_880,20,0.08947368421052632,0.0005552318761141647,0.4150394682176984,2.4094094094094096,0.016004603300182416,9.0,11.0,0.8181818181818182,0.5499999999999999,0.05882352941176471,0.013530135301353018,0.3793103448275863,0.3796769503933251,0.04278074866310159
graph_047_mu_0_3_node_881,24,0.09420289855072464,0.000814834940112392,0.427105600684053,2.3413413413413413,0.024347717363626686,9.0,15.0,0.5999999999999998,0.625,0.15625,0.016592920353982302,0.45454545454545436,0.455045304590441,0.09375
graph_047_mu_0_3_node_882,18,0.0392156862745098,0.0004778997976834151,0.4107730263157895,2.4344344344344346,0.01666934171198298,8.0,10.0,0.8000000000000002,0.5555555555555556,0.053475935828877004,0.012300123001230012,0.38461538461538475,0.3849486512953819,0.03208556149732622
graph_047_mu_0_3_node_883,16,0.075,0.00029514257657914497,0.38977760436987907,2.5655655655655654,0.01085338099657594,9.0,7.0,1.2857142857142858,0.4375,0.037433155080213894,0.008610086100861008,0.28000000000000014,0.28023332555581476,0.037433155080213894
graph_047_mu_0_3_node_884,17,0.051470588235294115,0.0003619761132241598,0.39564356435643566,2.5275275275275275,0.013498502199344805,8.0,9.0,0.8888888888888892,0.5294117647058824,0.04812834224598929,0.011070110701107009,0.36,0.3602999500083319,0.026737967914438502
graph_047_mu_0_3_node_885,20,0.032679738562091505,0.0005248249158889492,0.3911511354737666,2.5565565565565564,0.011560726371025232,9.0,11.0,0.8181818181818182,0.5499999999999999,0.2619047619047619,0.01148225469728601,0.3793103448275863,0.3796769503933251,0.19047619047619055
graph_047_mu_0_3_node_886,45,0.1101010101010101,0.0024973700545129988,0.4580467675378267,2.1831831831831834,0.0396177033927252,23.0,22.0,1.045454545454545,0.4888888888888889,0.20560747663551393,0.024636058230683093,0.3235294117647059,0.32426303854875277,0.2149532710280373
graph_047_mu_0_3_node_887,24,0.13768115942028986,0.0006177744118894093,0.41400745959386653,2.4154154154154153,0.020166405827761462,12.0,12.0,1.0,0.5,0.11214953271028037,0.013437849944008958,0.33333333333333326,0.33373333333333327,0.11214953271028037
graph_047_mu_0_3_node_888,28,0.12169312169312169,0.0008136674825338578,0.44203539823008847,2.2622622622622623,0.038087749273760775,16.0,12.0,1.333333333333333,0.42857142857142855,0.06857142857142859,0.01454545454545455,0.2727272727272726,0.2731273794223914,0.09142857142857143
graph_047_mu_0_3_node_889,19,0.05263157894736842,0.0005092767169108378,0.3978494623655914,2.5135135135135136,0.01354338871790062,6.0,13.0,0.4615384615384616,0.6842105263157895,0.3095238095238094,0.013569937369519834,0.5199999999999998,0.5204331456368907,0.1428571428571428
graph_047_mu_0_3_node_890,24,0.09057971014492754,0.0009152802740608418,0.43378202344767697,2.305305305305305,0.02163971137531636,9.0,15.0,0.5999999999999998,0.625,0.1948051948051948,0.016251354279523293,0.45454545454545436,0.455045304590441,0.11688311688311685
graph_047_mu_0_3_node_891,24,0.18840579710144928,0.0006750866225811592,0.39832535885167464,2.5105105105105103,0.013511909221069068,15.0,9.0,1.666666666666667,0.375,0.19565217391304346,0.009433962264150943,0.2307692307692308,0.23106932079623896,0.3260869565217392
graph_047_mu_0_3_node_892,44,0.07505285412262157,0.0020734892280001205,0.44618133095131757,2.2412412412412412,0.045710287841250634,27.0,17.0,1.5882352941176476,0.38636363636363635,0.09714285714285717,0.02060606060606061,0.23943661971830987,0.24000375900104537,0.14857142857142855
graph_047_mu_0_3_node_893,34,0.1354723707664884,0.0011571838375713784,0.46595149253731344,2.146146146146146,0.04244410369873211,18.0,16.0,1.125,0.4705882352941177,0.10884353741496594,0.018757327080890975,0.3076923076923076,0.3082257832857992,0.12244897959183672
graph_047_mu_0_3_node_894,19,0.029239766081871343,0.0005828563063964655,0.3964285714285714,2.5225225225225225,0.014455563491456751,3.0,16.0,0.1875,0.8421052631578946,1.2307692307692304,0.016210739614994942,0.7272727272727273,0.7278056697815544,0.2307692307692308
graph_047_mu_0_3_node_895,30,0.15402298850574714,0.0010543467927844072,0.4610059990770651,2.169169169169169,0.047910518471399856,16.0,14.0,1.1428571428571423,0.46666666666666673,0.08,0.01696969696969697,0.3043478260869565,0.30481458610562695,0.09142857142857143
graph_047_mu_0_3_node_896,24,0.14492753623188406,0.0005905024022468348,0.4141791044776119,2.4144144144144146,0.030433037124274327,14.0,10.0,1.3999999999999997,0.41666666666666674,0.057142857142857155,0.012121212121212118,0.2631578947368421,0.2634912947501781,0.08
graph_047_mu_0_3_node_897,75,0.07876712328767123,0.005850905166415429,0.46857410881801126,2.134134134134134,0.04935543889728203,49.0,26.0,1.8846153846153841,0.3466666666666666,0.24299065420560736,0.02911534154535274,0.20967741935483866,0.21054582282845266,0.4485981308411215
graph_047_mu_0_3_node_898,37,0.12612612612612611,0.001684402682973789,0.4528558476881233,2.2082082082082084,0.03236975914885955,21.0,16.0,1.3125,0.4324324324324325,0.1495327102803738,0.01791713325867861,0.2758620689655173,0.2763956513039418,0.19626168224299068
graph_047_mu_0_3_node_899,21,0.19047619047619047,0.0004639733437728283,0.4111111111111111,2.4324324324324325,0.024554870495680718,12.0,9.0,1.333333333333333,0.42857142857142855,0.06122448979591836,0.01055099648300117,0.2727272727272726,0.2730273027302728,0.08163265306122448
graph_047_mu_0_3_node_900,18,0.0915032679738562,0.0005725614913930308,0.42528735632183906,2.3513513513513513,0.01851950619079635,7.0,11.0,0.6363636363636365,0.6111111111111108,0.05882352941176471,0.013530135301353018,0.4400000000000001,0.44036655669965685,0.037433155080213894
graph_047_mu_0_3_node_901,30,0.12413793103448276,0.0010222852467220388,0.41366459627329194,2.4174174174174174,0.021136699285860202,17.0,13.0,1.3076923076923077,0.43333333333333346,0.12149532710280368,0.01455767077267637,0.27659574468085113,0.27702920805319614,0.1588785046728972
graph_047_mu_0_3_node_902,17,0.10294117647058823,0.0003033151950443566,0.4069246435845214,2.4574574574574575,0.014695196619121019,9.0,8.0,1.125,0.4705882352941177,0.04278074866310159,0.009840098400984012,0.3076923076923076,0.3079589565823816,0.04812834224598929
graph_047_mu_0_3_node_903,17,0.10294117647058823,0.00039475421935342354,0.4028225806451613,2.4824824824824825,0.01666647916338682,7.0,10.0,0.6999999999999998,0.5882352941176471,0.06802721088435373,0.011723329425556862,0.41666666666666674,0.4169999111348084,0.04761904761904764
graph_047_mu_0_3_node_904,61,0.060655737704918035,0.004470343803898459,0.4703389830508475,2.126126126126126,0.040948492910650634,42.0,19.0,2.2105263157894735,0.31147540983606564,0.10160427807486629,0.023370233702337026,0.18446601941747567,0.1851004736199,0.22459893048128346
graph_047_mu_0_3_node_905,13,0.08974358974358974,0.0002044006906178101,0.3908450704225352,2.5585585585585586,0.010952131394822621,5.0,8.0,0.625,0.6153846153846152,0.17021276595744675,0.00839454354669465,0.4444444444444446,0.44471102225184195,0.1063829787234043
graph_047_mu_0_3_node_906,28,0.14285714285714285,0.0007791996967757728,0.4320934256055363,2.314314314314314,0.037694127054050494,17.0,11.0,1.5454545454545454,0.39285714285714296,0.06285714285714285,0.013333333333333334,0.24444444444444444,0.24481124560487,0.09714285714285717
graph_047_mu_0_3_node_907,27,0.07977207977207977,0.0008929684194847674,0.43586387434554974,2.294294294294294,0.024478227450404642,13.0,14.0,0.9285714285714288,0.5185185185185184,0.07486631016042779,0.017220172201722016,0.3499999999999999,0.35046666666666665,0.05882352941176471
graph_047_mu_0_3_node_908,31,0.15053763440860216,0.00113001800812652,0.44203539823008847,2.2622622622622623,0.04392925815585966,20.0,11.0,1.8181818181818175,0.3548387096774193,0.06285714285714285,0.013333333333333334,0.21568627450980402,0.21605314907205597,0.11428571428571431
graph_047_mu_0_3_node_909,17,0.07352941176470588,0.00036364271610427745,0.40808823529411764,2.4504504504504503,0.016912852952101265,8.0,9.0,0.8888888888888892,0.5294117647058824,0.06122448979591836,0.01055099648300117,0.36,0.3602999500083319,0.04761904761904764
graph_047_mu_0_3_node_910,26,0.09538461538461539,0.0007792575431435454,0.4164235097957482,2.4014014014014013,0.028495423148322062,15.0,11.0,1.3636363636363635,0.4230769230769231,0.06285714285714285,0.013333333333333334,0.26829268292682934,0.2686594351690191,0.08571428571428569
graph_047_mu_0_3_node_911,32,0.07862903225806452,0.0014109866088608334,0.428204029147021,2.335335335335335,0.02378442278692077,14.0,18.0,0.777777777777778,0.5625,0.1682242990654205,0.02015677491601344,0.3913043478260869,0.3919043078287535,0.1308411214953271
graph_047_mu_0_3_node_912,32,0.11895161290322581,0.0010914210231996136,0.4109419991772933,2.4334334334334335,0.022168505709418567,20.0,12.0,1.666666666666667,0.375,0.11214953271028037,0.013437849944008958,0.2307692307692308,0.2311694442164027,0.1869158878504673
graph_047_mu_0_3_node_913,17,0.18382352941176472,0.00044434582396933673,0.378839590443686,2.6396396396396398,0.008030634681554143,9.0,8.0,1.125,0.4705882352941177,0.5333333333333332,0.008121827411167511,0.3076923076923076,0.3079589565823816,0.5999999999999998
graph_047_mu_0_3_node_914,27,0.13675213675213677,0.000943239041983114,0.4278372591006424,2.3373373373373374,0.022916694273968568,14.0,13.0,1.0769230769230769,0.4814814814814816,0.12149532710280368,0.01455767077267637,0.3170731707317073,0.3175065474027078,0.1308411214953271
graph_047_mu_0_3_node_915,29,0.14814814814814814,0.0008908821230219165,0.4138359569179785,2.4164164164164164,0.02005900478410674,16.0,13.0,1.2307692307692304,0.44827586206896536,0.37142857142857155,0.013471502590673581,0.2888888888888888,0.2893223233569314,0.42857142857142855
graph_047_mu_0_3_node_916,23,0.20952380952380953,0.0004483183330045659,0.3821729150726855,2.6166166166166165,0.01174493939252092,15.0,8.0,1.875,0.3478260869565216,0.22857142857142862,0.008290155440414506,0.21052631578947364,0.21079307137466868,0.4000000000000001
graph_047_mu_0_3_node_917,19,0.07017543859649122,0.0005605626549694121,0.40445344129554656,2.4724724724724725,0.013276313881345137,10.0,9.0,1.1111111111111112,0.4736842105263158,0.04812834224598929,0.011070110701107009,0.31034482758620696,0.3106448175865403,0.04812834224598929
graph_047_mu_0_3_node_918,19,0.10526315789473684,0.00039389964484235103,0.4102669404517454,2.4374374374374375,0.01834049731800375,9.0,10.0,0.9000000000000002,0.5263157894736842,0.09345794392523366,0.011198208286674137,0.35714285714285704,0.35747614603767114,0.08411214953271025
graph_047_mu_0_3_node_919,18,0.11764705882352941,0.0003980446854194837,0.4026602176541717,2.4834834834834836,0.0142532970102566,9.0,9.0,1.0,0.5,0.08411214953271025,0.01007838745800672,0.33333333333333326,0.3336333033363329,0.08411214953271025
graph_047_mu_0_3_node_920,20,0.17894736842105263,0.00045189413482446956,0.4233050847457627,2.3623623623623624,0.03220380850378727,10.0,10.0,1.0,0.5,0.057142857142857155,0.012121212121212118,0.33333333333333326,0.333666644445926,0.057142857142857155
graph_047_mu_0_3_node_921,27,0.13675213675213677,0.0009415282314151409,0.43397046046915727,2.304304304304304,0.0249511056758722,18.0,9.0,2.0,0.33333333333333326,0.08411214953271025,0.01007838745800672,0.20000000000000004,0.2003001500750376,0.1682242990654205
graph_047_mu_0_3_node_922,54,0.07966457023060797,0.002785483046095598,0.45658135283363804,2.19019019019019,0.054284852725189854,35.0,19.0,1.8421052631578938,0.35185185185185197,0.10857142857142855,0.023030303030303026,0.2134831460674157,0.2141173038058089,0.20000000000000004
graph_047_mu_0_3_node_923,23,0.1067193675889328,0.0006609537168714473,0.4238438693254137,2.359359359359359,0.022882744753478314,11.0,12.0,0.9166666666666664,0.5217391304347825,0.08163265306122448,0.014067995310668234,0.3529411764705881,0.35334114980569914,0.07482993197278913
graph_047_mu_0_3_node_924,21,0.14761904761904762,0.0005622936548814876,0.39315230224321135,2.5435435435435436,0.012808254550809103,9.0,12.0,0.75,0.5714285714285712,0.9230769230769232,0.0121580547112462,0.4000000000000001,0.40039992001599684,0.6923076923076923
graph_047_mu_0_3_node_925,13,0.038461538461538464,0.00018889890585311334,0.37641296156744536,2.6566566566566565,0.010780685476111504,5.0,8.0,0.625,0.6153846153846152,0.045714285714285714,0.009696969696969699,0.4444444444444446,0.44471102225184195,0.011428571428571429
graph_047_mu_0_3_node_926,29,0.15517241379310345,0.001017554126879426,0.4451871657754011,2.2462462462462462,0.04454613733220578,15.0,14.0,1.0714285714285714,0.482758620689655,0.08,0.01696969696969697,0.31818181818181823,0.31864854707900453,0.08571428571428569
graph_047_mu_0_3_node_927,187,0.042949471210340776,0.03868270791553107,0.5426398696360674,1.842842842842843,0.11062545065274944,129.0,58.0,2.224137931034483,0.3101604278074866,0.3101604278074866,0.07134071340713409,0.18354430379746842,0.18548982908929718,0.6844919786096254
graph_047_mu_0_3_node_928,51,0.09254901960784313,0.002877714322476738,0.4489887640449438,2.2272272272272273,0.03629899956312122,29.0,22.0,1.3181818181818181,0.43137254901960803,0.20560747663551393,0.024636058230683093,0.27499999999999997,0.2757339204697091,0.27102803738317754
graph_047_mu_0_3_node_929,15,0.0761904761904762,0.0002935874542344428,0.39928057553956836,2.5045045045045047,0.011570036288843373,9.0,6.0,1.5,0.4000000000000001,0.03208556149732622,0.007380073800738006,0.25,0.2502,0.03208556149732622
graph_047_mu_0_3_node_930,23,0.11462450592885376,0.0007464713211284135,0.44818304172274565,2.2312312312312312,0.03380970841360902,10.0,13.0,0.7692307692307695,0.5652173913043478,0.07428571428571427,0.015757575757575755,0.39393939393939387,0.39437265506254,0.057142857142857155
graph_047_mu_0_3_node_931,23,0.19367588932806323,0.00041894050271758926,0.42875536480686693,2.3323323323323324,0.03585004242350183,14.0,9.0,1.555555555555556,0.3913043478260869,0.0514285714285714,0.010909090909090913,0.24324324324324328,0.24354331325958037,0.08
graph_047_mu_0_3_node_932,17,0.3014705882352941,0.00011668257490308214,0.40396279822078446,2.4754754754754753,0.03174389527215148,16.0,1.0,16.0,0.05882352941176471,0.005714285714285714,0.0012121212121212123,0.03030303030303029,0.03033638476085359,0.09142857142857143
graph_047_mu_0_3_node_933,31,0.09462365591397849,0.001123687574474906,0.4178168130489335,2.3933933933933935,0.02251307824372014,15.0,16.0,0.9375,0.5161290322580643,0.1495327102803738,0.01791713325867861,0.3478260869565216,0.3483594558477812,0.14018691588785043
graph_047_mu_0_3_node_934,17,0.09558823529411764,0.0004512847513017204,0.4171189979123173,2.3973973973973974,0.02057747225267999,6.0,11.0,0.5454545454545452,0.6470588235294118,0.07482993197278913,0.012895662368112544,0.4782608695652175,0.478627401836718,0.03401360544217687
graph_047_mu_0_3_node_935,30,0.07816091954022988,0.0009734954532790609,0.411619283065513,2.4294294294294296,0.019725023577379177,16.0,14.0,1.1428571428571423,0.46666666666666673,0.1308411214953271,0.01567749160134379,0.3043478260869565,0.30481458610562695,0.1495327102803738
graph_047_mu_0_3_node_936,18,0.10457516339869281,0.00032984747389483725,0.3976910828025478,2.5145145145145147,0.017337000081131804,10.0,8.0,1.25,0.4444444444444446,0.05442176870748297,0.009378663540445488,0.2857142857142856,0.28598095238095234,0.06122448979591836
graph_047_mu_0_3_node_937,24,0.12681159420289856,0.000902188665146676,0.4201009251471825,2.3803803803803802,0.021011562836683303,9.0,15.0,0.5999999999999998,0.625,1.0,0.015228426395939085,0.45454545454545436,0.455045304590441,0.5999999999999998
graph_047_mu_0_3_node_938,23,0.14624505928853754,0.0005274686493437128,0.4085889570552147,2.4474474474474475,0.019273033210317838,14.0,9.0,1.555555555555556,0.3913043478260869,0.08411214953271025,0.01007838745800672,0.24324324324324328,0.24354331325958037,0.1308411214953271
graph_047_mu_0_3_node_939,22,0.1471861471861472,0.00047174773034440925,0.40976210008203445,2.4404404404404403,0.021412080895702904,13.0,9.0,1.444444444444444,0.4090909090909091,0.06122448979591836,0.01055099648300117,0.2571428571428571,0.2574429071511918,0.08843537414965989
graph_047_mu_0_3_node_940,22,0.09523809523809523,0.0006227186128954449,0.3994402239104358,2.5035035035035036,0.014460374844551484,10.0,12.0,0.8333333333333335,0.5454545454545452,0.26086956521739124,0.012578616352201257,0.375,0.3753999466737768,0.2173913043478261
graph_047_mu_0_3_node_941,28,0.12169312169312169,0.0011220745911591572,0.427105600684053,2.3413413413413413,0.01943241581001108,12.0,16.0,0.75,0.5714285714285712,0.3478260869565216,0.016771488469601685,0.4000000000000001,0.40053326223170244,0.26086956521739124
graph_047_mu_0_3_node_942,53,0.09579100145137881,0.002904002737130383,0.4428191489361702,2.2582582582582584,0.03698471635013487,32.0,21.0,1.5238095238095244,0.3962264150943397,0.19626168224299068,0.02351623740201568,0.24705882352941178,0.24775954761096267,0.2990654205607476
graph_047_mu_0_3_node_943,24,0.06884057971014493,0.0007904363398921879,0.4064279902359642,2.4604604604604603,0.016185578683860374,13.0,11.0,1.1818181818181819,0.4583333333333332,0.05882352941176471,0.013530135301353018,0.29729729729729737,0.2976640006342976,0.06417112299465244
graph_047_mu_0_3_node_944,46,0.11884057971014493,0.0022772539457396315,0.45867768595041325,2.18018018018018,0.04003223064488585,26.0,20.0,1.3000000000000005,0.4347826086956522,0.1869158878504673,0.022396416573348274,0.2777777777777778,0.27844488918538285,0.24299065420560736
graph_047_mu_0_3_node_945,36,0.05396825396825397,0.0020323719991759796,0.43359375,2.3063063063063063,0.020697167062947858,13.0,23.0,0.5652173913043478,0.6388888888888892,0.48936170212765967,0.02413431269674711,0.4693877551020407,0.4701541918376869,0.27659574468085113
graph_047_mu_0_3_node_946,28,0.1693121693121693,0.0009339912683437071,0.39470564994073487,2.5335335335335336,0.014253603643164777,16.0,12.0,1.333333333333333,0.42857142857142855,0.34285714285714275,0.012435233160621758,0.2727272727272726,0.2731273794223914,0.45714285714285724
graph_047_mu_0_3_node_947,22,0.15584415584415584,0.00048292721137729676,0.4267407090986758,2.3433433433433435,0.03251806311126513,12.0,10.0,1.1999999999999995,0.45454545454545436,0.057142857142857155,0.012121212121212118,0.29411764705882354,0.2944510026158607,0.06857142857142859
graph_047_mu_0_3_node_948,27,0.11396011396011396,0.0009606550180911196,0.4164235097957482,2.4014014014014013,0.021437031684437186,14.0,13.0,1.0769230769230769,0.4814814814814816,0.27659574468085113,0.013641133263378801,0.3170731707317073,0.3175065474027078,0.297872340425532
graph_047_mu_0_3_node_949,15,0.05714285714285714,0.00036850607828103714,0.4034733441033926,2.4784784784784786,0.01357469769458863,6.0,9.0,0.6666666666666665,0.5999999999999998,0.04812834224598929,0.011070110701107009,0.42857142857142855,0.4288713385984204,0.026737967914438502
graph_047_mu_0_3_node_950,15,0.29523809523809524,0.00017163842692749265,0.39564356435643566,2.5275275275275275,0.01835193911007017,12.0,3.0,4.0,0.20000000000000004,0.02040816326530612,0.0035169988276670585,0.11111111111111115,0.11121114112011378,0.08163265306122448
graph_047_mu_0_3_node_951,19,0.14619883040935672,0.0003757382796526575,0.4197478991596639,2.3823823823823824,0.023574966572276066,8.0,11.0,0.7272727272727273,0.5789473684210529,0.07482993197278913,0.012895662368112544,0.4074074074074074,0.40777398853847663,0.05442176870748297
graph_047_mu_0_3_node_952,17,0.1323529411764706,0.0004280200840624608,0.3867595818815331,2.5855855855855854,0.011755836909839168,8.0,9.0,0.8888888888888892,0.5294117647058824,0.2571428571428571,0.00932642487046632,0.36,0.3602999500083319,0.22857142857142862
graph_047_mu_0_3_node_953,47,0.12580943570767808,0.0027036280710108843,0.42857142857142855,2.3333333333333335,0.021696483200270608,31.0,16.0,1.9375,0.3404255319148935,0.3478260869565216,0.016771488469601685,0.2051282051282052,0.20566214359179724,0.6739130434782611
graph_047_mu_0_3_node_954,27,0.18518518518518517,0.0006607625631259287,0.4220532319391635,2.369369369369369,0.0376736376554063,18.0,9.0,2.0,0.33333333333333326,0.0514285714285714,0.010909090909090913,0.20000000000000004,0.2003001500750376,0.1028571428571428
graph_047_mu_0_3_node_955,69,0.11167945439045183,0.004300353257140066,0.47458432304038006,2.1071071071071072,0.05661521061745599,47.0,22.0,2.1363636363636362,0.3188405797101449,0.20560747663551393,0.024636058230683093,0.18965517241379315,0.19038997535300484,0.4392523364485983
graph_047_mu_0_3_node_956,23,0.1,0.0006625836920779158,0.40056134723336007,2.4964964964964964,0.015238430027339742,13.0,10.0,1.3000000000000005,0.4347826086956522,0.09345794392523366,0.011198208286674137,0.2777777777777778,0.27811115556148236,0.11214953271028037
graph_047_mu_0_3_node_957,18,0.12418300653594772,0.0004006659285403348,0.4428191489361702,2.2582582582582584,0.02919456672621784,8.0,10.0,0.8000000000000002,0.5555555555555556,0.053475935828877004,0.012300123001230012,0.38461538461538475,0.3849486512953819,0.03208556149732622
graph_047_mu_0_3_node_958,22,0.15151515151515152,0.0006859388653426721,0.40775510204081633,2.4524524524524525,0.021241528346443495,11.0,11.0,1.0,0.5,0.07482993197278913,0.012895662368112544,0.33333333333333326,0.33369998777818505,0.07482993197278913
graph_047_mu_0_3_node_959,25,0.12333333333333334,0.0009815459854625936,0.42223161453930685,2.3683683683683685,0.024183255665264802,12.0,13.0,0.9230769230769232,0.5199999999999998,0.08843537414965989,0.015240328253223913,0.3513513513513515,0.35178467024072185,0.08163265306122448
graph_047_mu_0_3_node_960,30,0.10574712643678161,0.0009710743742722954,0.43548387096774194,2.2962962962962963,0.02540199261976502,16.0,14.0,1.1428571428571423,0.46666666666666673,0.1308411214953271,0.01567749160134379,0.3043478260869565,0.30481458610562695,0.1495327102803738
graph_047_mu_0_3_node_961,21,0.06666666666666667,0.0006012288047727202,0.4034733441033926,2.4784784784784786,0.013986042551584324,9.0,12.0,0.75,0.5714285714285712,0.06417112299465244,0.014760147601476013,0.4000000000000001,0.40039992001599684,0.037433155080213894
graph_047_mu_0_3_node_962,16,0.10833333333333334,0.00039652149122222966,0.3842307692307692,2.6026026026026026,0.0106759356828832,7.0,9.0,0.777777777777778,0.5625,0.11688311688311685,0.009750812567713976,0.3913043478260869,0.3916042778424165,0.09090909090909091
graph_047_mu_0_3_node_963,23,0.1383399209486166,0.0006905572466782802,0.43548387096774194,2.2962962962962963,0.03563742421414031,12.0,11.0,1.0909090909090904,0.4782608695652175,0.06285714285714285,0.013333333333333334,0.3142857142857142,0.3146523931750105,0.06857142857142859
graph_047_mu_0_3_node_964,29,0.09852216748768473,0.0010058197225424246,0.41366459627329194,2.4174174174174174,0.018257290917032862,15.0,14.0,1.0714285714285714,0.482758620689655,0.14583333333333334,0.01548672566371681,0.31818181818181823,0.31864854707900453,0.15625
graph_047_mu_0_3_node_965,17,0.13970588235294118,0.0003528455646865083,0.40104375752709753,2.4934934934934936,0.01698304667638875,8.0,9.0,0.8888888888888892,0.5294117647058824,0.06122448979591836,0.01055099648300117,0.36,0.3602999500083319,0.05442176870748297
graph_047_mu_0_3_node_966,20,0.13157894736842105,0.00046439808701557257,0.41195876288659794,2.4274274274274275,0.025823935908594553,11.0,9.0,1.2222222222222217,0.4500000000000001,0.0514285714285714,0.010909090909090913,0.29032258064516125,0.2906225906454947,0.06285714285714285
graph_047_mu_0_3_node_967,26,0.08923076923076922,0.0008906185813623524,0.4201009251471825,2.3803803803803802,0.020946170681187565,13.0,13.0,1.0,0.5,0.12149532710280368,0.01455767077267637,0.33333333333333326,0.33376668111159263,0.12149532710280368
graph_047_mu_0_3_node_968,21,0.10952380952380952,0.0005290566376935954,0.4128099173553719,2.4224224224224224,0.01736014945114162,11.0,10.0,1.0999999999999999,0.4761904761904762,0.09345794392523366,0.011198208286674137,0.3125,0.31283333333333335,0.09345794392523366
graph_047_mu_0_3_node_969,22,0.10822510822510822,0.0006895998342534295,0.4164235097957482,2.4014014014014013,0.019814508770238402,10.0,12.0,0.8333333333333335,0.5454545454545452,0.11214953271028037,0.013437849944008958,0.375,0.3753999466737768,0.09345794392523366
graph_047_mu_0_3_node_970,18,0.1895424836601307,0.0003060949174828979,0.40808823529411764,2.4504504504504503,0.017217748887789618,10.0,8.0,1.25,0.4444444444444446,0.08333333333333331,0.008849557522123894,0.2857142857142856,0.28598095238095234,0.10416666666666669
graph_047_mu_0_3_node_971,25,0.17666666666666667,0.0006653397480859749,0.4245643858903527,2.3553553553553552,0.027355276638733907,13.0,12.0,1.0833333333333335,0.4800000000000002,0.08163265306122448,0.014067995310668234,0.31578947368421056,0.31618950035265503,0.08843537414965989
graph_047_mu_0_3_node_972,23,0.06324110671936758,0.0007801984351419783,0.40675895765472314,2.4584584584584586,0.015655632577235443,7.0,16.0,0.4375,0.6956521739130432,0.3478260869565216,0.016771488469601685,0.5333333333333332,0.5338664178938718,0.13043478260869562
graph_047_mu_0_3_node_973,17,0.11764705882352941,0.00037685120583795414,0.4148671096345515,2.4104104104104103,0.017136848723972687,6.0,11.0,0.5454545454545452,0.6470588235294118,0.07482993197278913,0.012895662368112544,0.4782608695652175,0.478627401836718,0.04081632653061224
graph_047_mu_0_3_node_974,21,0.3142857142857143,0.00016770569092382736,0.44878706199460916,2.2282282282282284,0.044799844244151996,16.0,5.0,3.2000000000000006,0.2380952380952381,0.028571428571428577,0.006060606060606059,0.13513513513513511,0.13530188517682265,0.09142857142857143
graph_047_mu_0_3_node_975,23,0.11462450592885376,0.0006998706180570245,0.41298057048367093,2.4214214214214214,0.020421619018174995,14.0,9.0,1.555555555555556,0.3913043478260869,0.09375,0.009955752212389377,0.24324324324324328,0.24354331325958037,0.13541666666666669
graph_047_mu_0_3_node_976,25,0.14666666666666667,0.0006384386505280123,0.4267407090986758,2.3433433433433435,0.02625527850640472,13.0,12.0,1.0833333333333335,0.4800000000000002,0.08163265306122448,0.014067995310668234,0.31578947368421056,0.31618950035265503,0.08843537414965989
graph_047_mu_0_3_node_977,22,0.09523809523809523,0.0006037571752965274,0.41332230037236245,2.4194194194194196,0.02156902882964331,9.0,13.0,0.6923076923076923,0.5909090909090909,0.13541666666666669,0.014380530973451324,0.4193548387096773,0.41978807095548665,0.08333333333333331
graph_047_mu_0_3_node_978,32,0.10080645161290322,0.000993102211029817,0.436435124508519,2.2912912912912913,0.03812538043429761,16.0,16.0,1.0,0.5,0.09142857142857143,0.019393939393939397,0.33333333333333326,0.3338667377872605,0.09142857142857143
graph_047_mu_0_3_node_979,29,0.15270935960591134,0.0009213916072664639,0.4397007042253521,2.274274274274274,0.04012022997827788,16.0,13.0,1.2307692307692304,0.44827586206896536,0.07428571428571427,0.015757575757575755,0.2888888888888888,0.2893223233569314,0.09142857142857143
graph_047_mu_0_3_node_980,24,0.15217391304347827,0.0007220315788152873,0.42312579415501905,2.3633633633633635,0.03470901285886925,13.0,11.0,1.1818181818181819,0.4583333333333332,0.06285714285714285,0.013333333333333334,0.29729729729729737,0.2976640006342976,0.07428571428571427
graph_047_mu_0_3_node_981,16,0.09166666666666666,0.00035680489028517057,0.3925343811394892,2.5475475475475475,0.011105497373482473,7.0,9.0,0.777777777777778,0.5625,0.11688311688311685,0.009750812567713976,0.3913043478260869,0.3916042778424165,0.09090909090909091
graph_047_mu_0_3_node_982,29,0.11330049261083744,0.0009772032271396695,0.43265482893027285,2.3113113113113113,0.03514588217574193,15.0,14.0,1.0714285714285714,0.482758620689655,0.08,0.01696969696969697,0.31818181818181823,0.31864854707900453,0.08571428571428569
graph_047_mu_0_3_node_983,17,0.04411764705882353,0.0004074758371458006,0.3943939992104224,2.5355355355355353,0.0115171100052458,7.0,10.0,0.6999999999999998,0.5882352941176471,0.053475935828877004,0.012300123001230012,0.41666666666666674,0.4169999111348084,0.026737967914438502
graph_047_mu_0_3_node_984,19,0.05847953216374269,0.0005012891899938175,0.4059325477448192,2.4634634634634636,0.014790217361138152,7.0,12.0,0.5833333333333334,0.6315789473684211,0.125,0.013274336283185835,0.4615384615384616,0.46193832824955805,0.0625
graph_047_mu_0_3_node_985,27,0.1339031339031339,0.0009501334382556018,0.4276541095890411,2.3383383383383385,0.022481251912904784,12.0,15.0,0.8000000000000002,0.5555555555555556,0.1948051948051948,0.016251354279523293,0.38461538461538475,0.38511533462038405,0.15584415584415587
graph_047_mu_0_3_node_986,20,0.11578947368421053,0.0005509656289890747,0.4141791044776119,2.4144144144144146,0.018276156934328252,10.0,10.0,1.0,0.5,0.10416666666666669,0.011061946902654865,0.33333333333333326,0.333666644445926,0.10416666666666669
graph_047_mu_0_3_node_987,19,0.14035087719298245,0.0005034446391759802,0.42420382165605097,2.3573573573573574,0.019674538609479646,8.0,11.0,0.7272727272727273,0.5789473684210529,0.07482993197278913,0.012895662368112544,0.4074074074074074,0.40777398853847663,0.05442176870748297
graph_047_mu_0_3_node_988,26,0.052307692307692305,0.0008444373206885884,0.4267407090986758,2.3433433433433435,0.02271844667212917,12.0,14.0,0.8571428571428571,0.5384615384615384,0.09523809523809527,0.016412661195779606,0.36842105263157887,0.3688876881892085,0.07482993197278913
graph_047_mu_0_3_node_989,27,0.1282051282051282,0.0008708716939060017,0.42420382165605097,2.3573573573573574,0.026798492080182035,14.0,13.0,1.0769230769230769,0.4814814814814816,0.08843537414965989,0.015240328253223913,0.3170731707317073,0.3175065474027078,0.09523809523809527
graph_047_mu_0_3_node_990,33,0.09659090909090909,0.001272698097776475,0.43434782608695655,2.3023023023023024,0.027169442035178362,16.0,17.0,0.9411764705882354,0.5151515151515154,0.1588785046728972,0.019036954087346018,0.34693877551020413,0.3475054988492046,0.1495327102803738
graph_047_mu_0_3_node_991,16,0.13333333333333333,0.00039402085747119916,0.3864603481624758,2.5875875875875876,0.010731188939410724,7.0,9.0,0.777777777777778,0.5625,0.11688311688311685,0.009750812567713976,0.3913043478260869,0.3916042778424165,0.07792207792207793
graph_047_mu_0_3_node_992,48,0.07358156028368794,0.003611339161652226,0.45,2.2222222222222223,0.0281133934158986,23.0,25.0,0.9200000000000002,0.5208333333333333,0.5952380952380952,0.026096033402922762,0.35211267605633806,0.3529462594646938,0.5476190476190476
graph_047_mu_0_3_node_993,21,0.21428571428571427,0.00039326654638788836,0.451831750339213,2.2132132132132134,0.04193578573066311,13.0,8.0,1.625,0.3809523809523811,0.045714285714285714,0.009696969696969699,0.23529411764705885,0.23556083765772765,0.07428571428571427
graph_047_mu_0_3_node_994,16,0.15,0.00036241419825932175,0.41263940520446096,2.4234234234234235,0.015152482216898529,10.0,6.0,1.666666666666667,0.375,0.03208556149732622,0.007380073800738006,0.2307692307692308,0.23096924410345301,0.053475935828877004
graph_047_mu_0_3_node_995,34,0.10873440285204991,0.0014101956520132441,0.43796580447172295,2.2832832832832834,0.026150036363652752,18.0,16.0,1.125,0.4705882352941177,0.1495327102803738,0.01791713325867861,0.3076923076923076,0.3082257832857992,0.1682242990654205
graph_047_mu_0_3_node_996,32,0.11491935483870967,0.001126331829665071,0.43415906127770537,2.3033033033033035,0.04115425192895662,17.0,15.0,1.133333333333333,0.46875,0.08571428571428569,0.018181818181818184,0.3061224489795918,0.3066225656734871,0.09714285714285717
graph_047_mu_0_3_node_997,17,0.13970588235294118,0.00042313332810053883,0.41298057048367093,2.4214214214214214,0.015426451026752597,8.0,9.0,0.8888888888888892,0.5294117647058824,0.11688311688311685,0.009750812567713976,0.36,0.3602999500083319,0.1038961038961039
graph_047_mu_0_3_node_998,52,0.04600301659125189,0.0029617046984056665,0.4526506570004531,2.209209209209209,0.03362381432550242,32.0,20.0,1.6000000000000003,0.38461538461538475,0.10695187165775401,0.024600246002460024,0.2380952380952381,0.23876261663234424,0.16042780748663105
graph_047_mu_0_3_node_999,19,0.07017543859649122,0.0004753343611534579,0.4111111111111111,2.4324324324324325,0.016492353910183225,8.0,11.0,0.7272727272727273,0.5789473684210529,0.05882352941176471,0.013530135301353018,0.4074074074074074,0.40777398853847663,0.03208556149732622
