,Degree,Clustering Coefficient,Betweenness,Closeness,Shortest Path,Eigenvector,E In,E Out,E In Over E Out,ODF,Expansion,Cut Ratio,Conductance,Normalised Cut,Triangle Participation
graph_065_mu_0_4_node_0,21,0.13333333333333333,0.0007490898045116774,0.38349328214971207,2.6076076076076076,0.02003902120645753,11.0,10.0,1.0999999999999999,0.4761904761904762,0.4000000000000001,0.010256410256410255,0.3125,0.3128655772464722,0.4400000000000001
graph_065_mu_0_4_node_1,21,0.02857142857142857,0.0009425150965620987,0.39737470167064437,2.5165165165165164,0.022292611112411705,3.0,18.0,0.16666666666666663,0.8571428571428571,0.5,0.018672199170124477,0.75,0.7506574621959239,0.027777777777777787
graph_065_mu_0_4_node_2,28,0.12433862433862433,0.0015221643625230534,0.4046172539489672,2.4714714714714714,0.02893873434726288,13.0,15.0,0.8666666666666669,0.5357142857142857,0.625,0.015368852459016395,0.36585365853658547,0.366402004360018,0.5416666666666667
graph_065_mu_0_4_node_3,28,0.11904761904761904,0.0013911750916226454,0.4026602176541717,2.4834834834834836,0.028652753065230442,15.0,13.0,1.1538461538461535,0.4642857142857144,0.27659574468085113,0.013641133263378801,0.3023255813953489,0.3028009187020145,0.297872340425532
graph_065_mu_0_4_node_4,30,0.06436781609195402,0.001671710016040699,0.4143508917461634,2.4134134134134135,0.0358042991228424,11.0,19.0,0.5789473684210529,0.6333333333333331,0.4130434782608694,0.019916142557652002,0.46341463414634165,0.4641090024539103,0.23913043478260876
graph_065_mu_0_4_node_5,27,0.05982905982905983,0.0016638620419338632,0.4069246435845214,2.4574574574574575,0.026928285843706566,9.0,18.0,0.5,0.6666666666666665,0.72,0.018461538461538467,0.5,0.500657750493313,0.36
graph_065_mu_0_4_node_6,31,0.05591397849462366,0.0019543288606902586,0.41400745959386653,2.4154154154154153,0.03430313991494201,11.0,20.0,0.5499999999999999,0.6451612903225806,0.4347826086956522,0.02096436058700209,0.4761904761904762,0.47692136348765496,0.19565217391304346
graph_065_mu_0_4_node_7,33,0.1032258064516129,0.001725690537096872,0.4114497528830313,2.4304304304304303,0.03620853882083967,15.0,18.0,0.8333333333333335,0.5454545454545452,0.6206896551724139,0.01853759011328527,0.375,0.3756580390436498,0.482758620689655
graph_065_mu_0_4_node_8,32,0.16129032258064516,0.0017987824466313743,0.415211970074813,2.4084084084084085,0.039849559853576404,15.0,17.0,0.8823529411764709,0.53125,0.5862068965517241,0.01750772399588054,0.3617021276595746,0.3623236316993506,0.5172413793103449
graph_065_mu_0_4_node_9,27,0.042735042735042736,0.0014519259834325036,0.41366459627329194,2.4174174174174174,0.03405720388558758,5.0,22.0,0.22727272727272718,0.8148148148148148,0.6470588235294118,0.022774327122153208,0.6875,0.688303564906129,0.11764705882352942
graph_065_mu_0_4_node_10,48,0.11524822695035461,0.003929319109254668,0.44203539823008847,2.2622622622622623,0.055483800359516576,24.0,24.0,1.0,0.5,0.648648648648649,0.024922118380062305,0.33333333333333326,0.3342111037963571,0.648648648648649
graph_065_mu_0_4_node_11,21,0.10476190476190476,0.0008902223291768049,0.39611419508326723,2.5245245245245247,0.0262084664599265,7.0,14.0,0.5,0.6666666666666665,0.41176470588235303,0.01449275362318841,0.5,0.500511583717021,0.20588235294117652
graph_065_mu_0_4_node_12,31,0.07635467980295567,0.001608769020691768,0.4036363636363636,2.4774774774774775,0.028769182998678703,17.0,14.0,1.2142857142857142,0.4516129032258062,0.3783783783783784,0.01453790238836968,0.2916666666666667,0.29217862453984733,0.4324324324324325
graph_065_mu_0_4_node_13,26,0.043076923076923075,0.0015939485709751653,0.4023358840112767,2.4854854854854853,0.024430014244647014,7.0,19.0,0.36842105263157887,0.7307692307692305,0.5277777777777778,0.019709543568464723,0.5757575757575759,0.5764517411150709,0.16666666666666663
graph_065_mu_0_4_node_14,22,0.09956709956709957,0.0008715155122278342,0.39161113288906313,2.5535535535535536,0.024080389077512126,11.0,11.0,1.0,0.5,0.3055555555555554,0.011410788381742733,0.33333333333333326,0.3337354536038505,0.2777777777777778
graph_065_mu_0_4_node_15,28,0.14285714285714285,0.001290882937304891,0.4085889570552147,2.4474474474474475,0.034979595422686645,13.0,15.0,0.8666666666666669,0.5357142857142857,0.45454545454545436,0.015511892450879004,0.36585365853658547,0.366402004360018,0.39393939393939387
graph_065_mu_0_4_node_16,18,0.058823529411764705,0.0007706527289472678,0.38290532771176694,2.6116116116116115,0.01699286627773672,4.0,14.0,0.2857142857142856,0.777777777777778,0.388888888888889,0.014522821576763488,0.6363636363636365,0.6368751079404301,0.08333333333333331
graph_065_mu_0_4_node_17,38,0.08534850640113797,0.002698046639331652,0.42893945899527697,2.3313313313313313,0.04051881354256785,14.0,24.0,0.5833333333333334,0.6315789473684211,0.8000000000000002,0.02474226804123712,0.4615384615384616,0.4624155904033105,0.46666666666666673
graph_065_mu_0_4_node_18,23,0.13438735177865613,0.0009091638892278789,0.388715953307393,2.5725725725725725,0.021666682271056704,14.0,9.0,1.555555555555556,0.3913043478260869,0.19148936170212763,0.00944386149003148,0.24324324324324328,0.24357234698405572,0.27659574468085113
graph_065_mu_0_4_node_19,34,0.13911290322580644,0.0018176537235609987,0.41332230037236245,2.4194194194194196,0.03986162772342613,16.0,18.0,0.8888888888888892,0.5294117647058824,0.5454545454545452,0.018614270941054813,0.36,0.3606580871599883,0.45454545454545436
graph_065_mu_0_4_node_20,29,0.08831908831908832,0.0014472703101518923,0.4013660104459622,2.4914914914914914,0.026230228221172183,12.0,17.0,0.7058823529411762,0.5862068965517241,1.133333333333333,0.01725888324873096,0.41463414634146356,0.41525551408151257,0.7333333333333332
graph_065_mu_0_4_node_21,32,0.13709677419354838,0.0018316979114604353,0.41263940520446096,2.4234234234234235,0.0360668477212586,14.0,18.0,0.777777777777778,0.5625,0.75,0.01844262295081967,0.3913043478260869,0.39196233876043424,0.5833333333333334
graph_065_mu_0_4_node_22,37,0.11260504201680673,0.0021287985154190793,0.408923454768727,2.4454454454454453,0.03482395927420808,19.0,18.0,1.0555555555555556,0.48648648648648657,0.6206896551724139,0.01853759011328527,0.32142857142857145,0.3220868029798038,0.6206896551724139
graph_065_mu_0_4_node_23,31,0.0967741935483871,0.0017270428286784063,0.4145228215767635,2.4124124124124124,0.03484911396893304,16.0,15.0,1.0666666666666664,0.4838709677419357,0.4054054054054053,0.01557632398753894,0.3191489361702127,0.3196974022932885,0.4324324324324325
graph_065_mu_0_4_node_24,28,0.06613756613756613,0.0016270742250381026,0.40478119935170176,2.4704704704704703,0.028391023054471113,9.0,19.0,0.4736842105263158,0.6785714285714288,0.7916666666666665,0.019467213114754103,0.5135135135135133,0.5142077803312136,0.375
graph_065_mu_0_4_node_25,20,0.042105263157894736,0.000875509233668778,0.38977760436987907,2.5655655655655654,0.02088311430282279,6.0,14.0,0.42857142857142855,0.6999999999999998,0.46666666666666673,0.014432989690721652,0.5384615384615384,0.5389730847930202,0.16666666666666663
graph_065_mu_0_4_node_26,22,0.11578947368421053,0.0008478906124434817,0.3801369863013699,2.630630630630631,0.017027939706372924,11.0,11.0,1.0,0.5,0.6470588235294118,0.011190233977619533,0.33333333333333326,0.3337354536038505,0.5882352941176471
graph_065_mu_0_4_node_27,25,0.26877470355731226,0.000679229346253908,0.3943939992104224,2.5355355355355353,0.03866349773575796,16.0,9.0,1.7777777777777783,0.36,0.2999999999999999,0.009278350515463916,0.21951219512195133,0.21984134700726002,0.5
graph_065_mu_0_4_node_28,26,0.06769230769230769,0.0012720764600006001,0.4052738336713996,2.4674674674674675,0.028131312007774408,12.0,14.0,0.8571428571428571,0.5384615384615384,0.27450980392156854,0.014752370916754472,0.36842105263157887,0.36893282335829347,0.23529411764705885
graph_065_mu_0_4_node_29,22,0.05789473684210526,0.0008317389231358681,0.3855654187572366,2.5935935935935936,0.02014652447112209,8.0,14.0,0.5714285714285712,0.6363636363636365,0.7368421052631577,0.014271151885830781,0.46666666666666673,0.4671782877746918,0.36842105263157887
graph_065_mu_0_4_node_30,32,0.19556451612903225,0.0014572185659009163,0.4150394682176984,2.4094094094094096,0.04749267848093368,17.0,15.0,1.133333333333333,0.46875,0.5,0.015463917525773198,0.3061224489795918,0.3066709552142794,0.5666666666666665
graph_065_mu_0_4_node_31,31,0.11612903225806452,0.0016240394108172423,0.41128036228900783,2.4314314314314314,0.036738005642414806,14.0,17.0,0.8235294117647061,0.5483870967741937,0.5,0.017598343685300215,0.3777777777777778,0.37839923637766815,0.41176470588235303
graph_065_mu_0_4_node_32,24,0.06159420289855073,0.0011738594898476771,0.4013660104459622,2.4914914914914914,0.025382624808595395,9.0,15.0,0.5999999999999998,0.625,0.5,0.015463917525773198,0.45454545454545436,0.4550936400514296,0.2999999999999999
graph_065_mu_0_4_node_33,28,0.08615384615384615,0.0013978292689305174,0.40217391304347827,2.4864864864864864,0.02743758322649193,12.0,16.0,0.75,0.5714285714285712,0.8421052631578946,0.0163098878695209,0.4000000000000001,0.40058483807295864,0.5789473684210529
graph_065_mu_0_4_node_34,21,0.17142857142857143,0.0006868147334596482,0.3893219017926734,2.5685685685685686,0.024353290565113234,12.0,9.0,1.333333333333333,0.42857142857142855,0.31034482758620696,0.009268795056642635,0.2727272727272726,0.27305632833767085,0.41379310344827586
graph_065_mu_0_4_node_35,34,0.08377896613190731,0.0022230280032682604,0.4220532319391635,2.369369369369369,0.040340767307662145,13.0,21.0,0.6190476190476188,0.6176470588235293,0.45652173913043465,0.0220125786163522,0.44680851063829785,0.44757602644546857,0.2826086956521739
graph_065_mu_0_4_node_36,30,0.10582010582010581,0.001388860121306716,0.40428976123027116,2.4734734734734736,0.032971076786780094,12.0,18.0,0.6666666666666665,0.5999999999999998,0.72,0.018461538461538467,0.42857142857142855,0.42922932330827046,0.4400000000000001
graph_065_mu_0_4_node_37,20,0.05263157894736842,0.0008143168697889285,0.38962558502340094,2.5665665665665665,0.02090890808830354,5.0,15.0,0.33333333333333326,0.75,0.36585365853658547,0.015641293013555792,0.5999999999999998,0.600548025282233,0.12195121951219516
graph_065_mu_0_4_node_38,25,0.10333333333333333,0.0011924655838705966,0.3958003169572108,2.5265265265265264,0.0248193576064632,10.0,15.0,0.6666666666666665,0.5999999999999998,0.7894736842105262,0.015290519877675844,0.42857142857142855,0.4291196541479792,0.5263157894736842
graph_065_mu_0_4_node_39,33,0.07954545454545454,0.001938728517800819,0.41799163179916315,2.3923923923923924,0.03786048388203545,12.0,21.0,0.5714285714285712,0.6363636363636365,0.5833333333333334,0.02178423236514522,0.46666666666666673,0.46743412637503207,0.33333333333333326
graph_065_mu_0_4_node_40,31,0.14623655913978495,0.001613751909924637,0.41816659690246966,2.3913913913913913,0.04487969542834559,13.0,18.0,0.722222222222222,0.5806451612903225,0.5999999999999998,0.01855670103092783,0.4090909090909091,0.40974885192298766,0.43333333333333346
graph_065_mu_0_4_node_41,29,0.1477832512315271,0.0014578969426260828,0.408255006129955,2.4494494494494496,0.035162845178732034,13.0,16.0,0.8125,0.5517241379310346,0.64,0.016410256410256403,0.3809523809523811,0.38153726178291164,0.5199999999999998
graph_065_mu_0_4_node_42,35,0.11363636363636363,0.0018748933017500198,0.4145228215767635,2.4124124124124124,0.040074605267218455,16.0,19.0,0.8421052631578946,0.5428571428571429,0.5757575757575759,0.019648397104446748,0.3725490196078432,0.373243641769946,0.45454545454545436
graph_065_mu_0_4_node_43,29,0.12315270935960591,0.0015720353545364539,0.4046172539489672,2.4714714714714714,0.030225526426486633,13.0,16.0,0.8125,0.5517241379310346,0.5517241379310346,0.0164778578784758,0.3809523809523811,0.38153726178291164,0.44827586206896536
graph_065_mu_0_4_node_44,18,0.0457516339869281,0.0006727527246436897,0.39176470588235296,2.5525525525525525,0.02198537469122239,5.0,13.0,0.38461538461538475,0.722222222222222,0.44827586206896536,0.013388259526261582,0.5652173913043478,0.5656923812564835,0.13793103448275865
graph_065_mu_0_4_node_45,24,0.06493506493506493,0.0011006616852036414,0.3976910828025478,2.5145145145145147,0.022875437687935193,10.0,14.0,0.7142857142857141,0.5833333333333334,0.34146341463414637,0.014598540145985404,0.41176470588235303,0.4122764017887856,0.21951219512195133
graph_065_mu_0_4_node_46,29,0.09359605911330049,0.0016241739590884003,0.4143508917461634,2.4134134134134135,0.03336653036868309,11.0,18.0,0.6111111111111108,0.6206896551724139,0.5454545454545452,0.018614270941054813,0.4500000000000001,0.4506578466486369,0.33333333333333326
graph_065_mu_0_4_node_47,22,0.025974025974025976,0.001153648184872467,0.3997599039615846,2.5015015015015014,0.022587296825460245,7.0,15.0,0.46666666666666673,0.6818181818181818,0.29411764705882354,0.015806111696522657,0.5172413793103449,0.5177894846927398,0.11764705882352942
graph_065_mu_0_4_node_48,35,0.09243697478991597,0.00242165149435606,0.4185169669040637,2.3893893893893896,0.03574519027143898,14.0,21.0,0.6666666666666665,0.5999999999999998,0.875,0.02151639344262296,0.42857142857142855,0.42933900048560675,0.5833333333333334
graph_065_mu_0_4_node_49,31,0.15483870967741936,0.0016092374276549634,0.41625,2.4024024024024024,0.045252189226027584,13.0,18.0,0.722222222222222,0.5806451612903225,0.5999999999999998,0.01855670103092783,0.4090909090909091,0.40974885192298766,0.43333333333333346
graph_065_mu_0_4_node_50,25,0.10333333333333333,0.0011531539471563693,0.39880239520958083,2.5075075075075075,0.026058629511902017,10.0,15.0,0.6666666666666665,0.5999999999999998,0.7894736842105262,0.015290519877675844,0.42857142857142855,0.4291196541479792,0.5263157894736842
graph_065_mu_0_4_node_51,20,0.1437908496732026,0.0007208532539052682,0.3804265041888804,2.6286286286286287,0.016841078578744947,10.0,10.0,1.0,0.5,0.45454545454545436,0.010224948875255628,0.33333333333333326,0.33369888385241503,0.4090909090909091
graph_065_mu_0_4_node_52,34,0.19153225806451613,0.0015339195749695645,0.41060419235511714,2.4354354354354353,0.04086717409851649,18.0,16.0,1.125,0.4705882352941177,0.5517241379310346,0.0164778578784758,0.3076923076923076,0.3082774024045142,0.5862068965517241
graph_065_mu_0_4_node_53,39,0.06756756756756757,0.0029982973271294763,0.4145228215767635,2.4124124124124124,0.03154502434363037,20.0,19.0,1.0526315789473684,0.48717948717948717,0.7599999999999999,0.019487179487179488,0.3220338983050847,0.32272872368449596,0.7599999999999999
graph_065_mu_0_4_node_54,21,0.04285714285714286,0.0009826829031756173,0.3909980430528376,2.5575575575575575,0.020318208037383597,6.0,15.0,0.4000000000000001,0.7142857142857141,0.29411764705882354,0.015806111696522657,0.5555555555555556,0.5561036208849428,0.11764705882352942
graph_065_mu_0_4_node_55,28,0.07671957671957672,0.00165565609190913,0.4114497528830313,2.4304304304304303,0.029214043653103993,9.0,19.0,0.4736842105263158,0.6785714285714288,1.1176470588235292,0.019328585961342827,0.5135135135135133,0.5142077803312136,0.5294117647058824
graph_065_mu_0_4_node_56,34,0.0766488413547237,0.0022169317094663716,0.4145228215767635,2.4124124124124124,0.03336263753902555,18.0,16.0,1.125,0.4705882352941177,0.4324324324324325,0.0166147455867082,0.3076923076923076,0.3082774024045142,0.48648648648648657
graph_065_mu_0_4_node_57,44,0.1440185830429733,0.0030731393520930608,0.4304179233089186,2.3233233233233235,0.04760086379288909,23.0,21.0,1.0952380952380951,0.4772727272727274,0.777777777777778,0.021582733812949634,0.31343283582089565,0.31420091306752146,0.8148148148148148
graph_065_mu_0_4_node_58,29,0.08620689655172414,0.0016772426045359114,0.40478119935170176,2.4704704704704703,0.029370726061439617,10.0,19.0,0.5263157894736842,0.6551724137931033,1.0,0.01936799184505606,0.48717948717948717,0.487873804738413,0.5263157894736842
graph_065_mu_0_4_node_59,35,0.16302521008403362,0.0018868018652053648,0.421875,2.3703703703703702,0.044315703641187296,18.0,17.0,1.0588235294117647,0.4857142857142857,0.5862068965517241,0.01750772399588054,0.3207547169811321,0.32137635738044457,0.6206896551724139
graph_065_mu_0_4_node_60,18,0.0718954248366013,0.0006954315768558541,0.38841368584758945,2.5745745745745747,0.018919349525257066,6.0,12.0,0.5,0.6666666666666665,0.2926829268292682,0.012513034410844635,0.5,0.5004385003288753,0.1463414634146341
graph_065_mu_0_4_node_61,28,0.047619047619047616,0.0016506125633520613,0.4028225806451613,2.4824824824824825,0.027486645243251707,9.0,19.0,0.4736842105263158,0.6785714285714288,0.8636363636363634,0.019427402862985686,0.5135135135135133,0.5142077803312136,0.4090909090909091
graph_065_mu_0_4_node_62,21,0.12380952380952381,0.0009118015988323954,0.3842307692307692,2.6026026026026026,0.01811399430832976,8.0,13.0,0.6153846153846152,0.6190476190476188,1.1818181818181819,0.013144590495449943,0.44827586206896536,0.44875095617414396,0.7272727272727273
graph_065_mu_0_4_node_63,22,0.08658008658008658,0.0010262095171073033,0.38886726352666406,2.5715715715715715,0.019682560859262423,8.0,14.0,0.5714285714285712,0.6363636363636365,0.875,0.01422764227642276,0.46666666666666673,0.4671782877746918,0.4375
graph_065_mu_0_4_node_64,28,0.07671957671957672,0.0015031235019595077,0.40314769975786924,2.4804804804804803,0.02856259572304642,11.0,17.0,0.6470588235294118,0.6071428571428571,0.3617021276595746,0.01783840503672613,0.43589743589743607,0.43651875821752656,0.23404255319148948
graph_065_mu_0_4_node_65,19,0.0935672514619883,0.0007539888097324014,0.3837879369957741,2.6056056056056054,0.0185071448125383,7.0,12.0,0.5833333333333334,0.6315789473684211,0.5454545454545452,0.012269938650306752,0.4615384615384616,0.46197699391676905,0.31818181818181823
graph_065_mu_0_4_node_66,21,0.12857142857142856,0.000840502022888573,0.3903868698710434,2.5615615615615615,0.02518509761393604,9.0,12.0,0.75,0.5714285714285712,0.3243243243243245,0.012461059190031152,0.4000000000000001,0.40043859649122815,0.24324324324324328
graph_065_mu_0_4_node_67,25,0.23333333333333334,0.0008915433932152089,0.390539483971853,2.5605605605605604,0.030123214181542273,15.0,10.0,1.5,0.4000000000000001,0.29411764705882354,0.010351966873706004,0.25,0.25036568419512906,0.44117647058823545
graph_065_mu_0_4_node_68,34,0.07862903225806452,0.001983076556441123,0.41128036228900783,2.4314314314314314,0.03350588845757379,15.0,19.0,0.7894736842105262,0.5588235294117646,0.7916666666666665,0.019467213114754103,0.38775510204081615,0.3884496734171643,0.5833333333333334
graph_065_mu_0_4_node_69,25,0.05333333333333334,0.0014168110365334512,0.4059325477448192,2.4634634634634636,0.025245968149221518,5.0,20.0,0.25,0.8000000000000002,1.4285714285714282,0.020283975659229212,0.6666666666666665,0.6673972335865965,0.35714285714285704
graph_065_mu_0_4_node_70,24,0.021739130434782608,0.001317733448864933,0.4065934065934066,2.4594594594594597,0.025777636979726,4.0,20.0,0.20000000000000004,0.8333333333333335,0.4255319148936172,0.020986358866736613,0.7142857142857141,0.7150162278367407,0.08510638297872337
graph_065_mu_0_4_node_71,18,0.0196078431372549,0.0007820258978639224,0.38115223197252956,2.6236236236236237,0.016013917248936877,2.0,16.0,0.125,0.8888888888888892,0.7272727272727273,0.016359918200409,0.8000000000000002,0.8005844108408214,0.0
graph_065_mu_0_4_node_72,18,0.10457516339869281,0.0005766505211964921,0.3953304313415117,2.5295295295295297,0.02225218991684709,5.0,13.0,0.38461538461538475,0.722222222222222,0.5416666666666667,0.01331967213114754,0.5652173913043478,0.5656923812564835,0.20833333333333337
graph_065_mu_0_4_node_73,30,0.04367816091954023,0.0019379244047509645,0.4185169669040637,2.3893893893893896,0.03289875193695174,6.0,24.0,0.25,0.8000000000000002,0.8000000000000002,0.02474226804123712,0.6666666666666665,0.6675432829278983,0.16666666666666663
graph_065_mu_0_4_node_74,23,0.05533596837944664,0.001201973290782886,0.3951740506329114,2.5305305305305303,0.022254315058567,7.0,16.0,0.4375,0.6956521739130432,0.8421052631578946,0.0163098878695209,0.5333333333333332,0.53391795771217,0.36842105263157887
graph_065_mu_0_4_node_75,25,0.2134387351778656,0.0006953822230979077,0.3885647607934656,2.5735735735735736,0.028561031197102543,15.0,10.0,1.5,0.4000000000000001,0.41666666666666674,0.010245901639344265,0.25,0.25036568419512906,0.5833333333333334
graph_065_mu_0_4_node_76,18,0.0784313725490196,0.0005563583854772127,0.39330708661417324,2.5425425425425425,0.022509810155852548,8.0,10.0,0.8000000000000002,0.5555555555555556,0.19607843137254907,0.010537407797681772,0.38461538461538475,0.38498088169140815,0.15686274509803916
graph_065_mu_0_4_node_77,26,0.15076923076923077,0.0012077814847410264,0.40396279822078446,2.4754754754754753,0.032905268539421405,13.0,13.0,1.0,0.5,0.44827586206896536,0.013388259526261582,0.33333333333333326,0.3338086011284564,0.44827586206896536
graph_065_mu_0_4_node_78,18,0.0392156862745098,0.0006932943882135114,0.384526558891455,2.6006006006006004,0.019045194686063673,5.0,13.0,0.38461538461538475,0.722222222222222,0.5416666666666667,0.01331967213114754,0.5652173913043478,0.5656923812564835,0.20833333333333337
graph_065_mu_0_4_node_79,23,0.07905138339920949,0.0011158238957548734,0.39705882352941174,2.5185185185185186,0.023566030465310014,9.0,14.0,0.6428571428571429,0.608695652173913,0.777777777777778,0.014256619144602854,0.4375,0.43801165850449525,0.5
graph_065_mu_0_4_node_80,19,0.022058823529411766,0.0007441934513548104,0.3776937618147448,2.6476476476476476,0.014538017515337908,4.0,15.0,0.2666666666666666,0.7894736842105262,0.4054054054054053,0.01557632398753894,0.6521739130434784,0.652721898284409,0.08108108108108113
graph_065_mu_0_4_node_81,28,0.10461538461538461,0.001398108806413676,0.39454976303317535,2.5345345345345347,0.02276325115891665,12.0,16.0,0.75,0.5714285714285712,1.0,0.016260162601626018,0.4000000000000001,0.40058483807295864,0.6875
graph_065_mu_0_4_node_82,20,0.13157894736842105,0.0005998386701872347,0.3920722135007849,2.5505505505505504,0.025200477748569435,10.0,10.0,1.0,0.5,0.3448275862068967,0.010298661174047374,0.33333333333333326,0.33369888385241503,0.3448275862068967
graph_065_mu_0_4_node_83,23,0.11067193675889328,0.0010426931700052591,0.39880239520958083,2.5075075075075075,0.025080238582089954,10.0,13.0,0.7692307692307695,0.5652173913043478,0.39393939393939387,0.013443640124095137,0.39393939393939387,0.39441455750531385,0.30303030303030304
graph_065_mu_0_4_node_84,38,0.10476190476190476,0.002308902212778365,0.41729323308270677,2.3963963963963963,0.03917812487167611,19.0,19.0,1.0,0.5,0.7916666666666665,0.019467213114754103,0.33333333333333326,0.3340281078972707,0.75
graph_065_mu_0_4_node_85,23,0.11857707509881422,0.0009805536063354479,0.39705882352941174,2.5185185185185186,0.02520953372451592,9.0,14.0,0.6428571428571429,0.608695652173913,0.777777777777778,0.014256619144602854,0.4375,0.43801165850449525,0.5
graph_065_mu_0_4_node_86,19,0.04678362573099415,0.0008572378715666229,0.39315230224321135,2.5435435435435436,0.019727867610342537,3.0,16.0,0.1875,0.8421052631578946,0.6666666666666665,0.016393442622950814,0.7272727272727273,0.7278571808086711,0.08333333333333331
graph_065_mu_0_4_node_87,26,0.16615384615384615,0.0011102872322674726,0.39361702127659576,2.5405405405405403,0.026706862387391693,12.0,14.0,0.8571428571428571,0.5384615384615384,0.777777777777778,0.014256619144602854,0.36842105263157887,0.36893282335829347,0.6666666666666665
graph_065_mu_0_4_node_88,23,0.02766798418972332,0.0012316286581849959,0.39564356435643566,2.5275275275275275,0.02102892818548992,4.0,19.0,0.21052631578947364,0.8260869565217388,0.6333333333333331,0.019587628865979374,0.7037037037037039,0.7043977169264822,0.1333333333333333
graph_065_mu_0_4_node_89,19,0.09941520467836257,0.0007934942557740925,0.38467462456680784,2.5995995995995997,0.017370031023475337,6.0,13.0,0.4615384615384616,0.6842105263157895,0.7647058823529413,0.013224821973550353,0.5199999999999998,0.5204750246647425,0.3529411764705881
graph_065_mu_0_4_node_90,26,0.06461538461538462,0.001545535944092687,0.40056134723336007,2.4964964964964964,0.02415750994358912,7.0,19.0,0.36842105263157887,0.7307692307692305,1.7272727272727268,0.019211324570273008,0.5757575757575759,0.5764517411150709,0.6363636363636365
graph_065_mu_0_4_node_91,49,0.08078231292517007,0.004479816083348013,0.4397007042253521,2.274274274274274,0.05096704510047193,22.0,27.0,0.8148148148148148,0.5510204081632653,0.7941176470588238,0.027950310559006212,0.38028169014084506,0.3812689291623814,0.6470588235294118
graph_065_mu_0_4_node_92,25,0.15333333333333332,0.0012133666789939403,0.39377217185652347,2.5395395395395397,0.02384253868795979,13.0,12.0,1.0833333333333335,0.4800000000000002,0.5454545454545452,0.012269938650306752,0.31578947368421056,0.31622819845753597,0.5909090909090909
graph_065_mu_0_4_node_93,23,0.15019762845849802,0.0009171547769885287,0.39377217185652347,2.5395395395395397,0.02559127275880419,12.0,11.0,1.0909090909090904,0.4782608695652175,0.3793103448275863,0.011328527291452116,0.3142857142857142,0.3146878639585108,0.41379310344827586
graph_065_mu_0_4_node_94,25,0.09,0.0012879841748019603,0.399919935948759,2.5005005005005003,0.025409186391573323,9.0,16.0,0.5625,0.64,0.6666666666666665,0.016393442622950814,0.4705882352941177,0.4711729451318608,0.375
graph_065_mu_0_4_node_95,15,0.047619047619047616,0.0005204109360900688,0.3791271347248577,2.6376376376376376,0.015375598799639966,2.0,13.0,0.1538461538461538,0.8666666666666669,0.39393939393939387,0.013443640124095137,0.7647058823529413,0.76518076819769,0.0
graph_065_mu_0_4_node_96,21,0.21428571428571427,0.0007570084028889712,0.38886726352666406,2.5715715715715715,0.024787959097410047,11.0,10.0,1.0999999999999999,0.4761904761904762,0.41666666666666674,0.010245901639344265,0.3125,0.3128655772464722,0.4583333333333332
graph_065_mu_0_4_node_97,29,0.06837606837606838,0.0016455647606943842,0.4024979854955681,2.4844844844844847,0.025145160481095247,10.0,19.0,0.5263157894736842,0.6551724137931033,0.7916666666666665,0.019467213114754103,0.48717948717948717,0.487873804738413,0.375
graph_065_mu_0_4_node_98,19,0.04411764705882353,0.0006157635115087948,0.3852680293096799,2.5955955955955954,0.018970736945464677,5.0,14.0,0.35714285714285704,0.7368421052631577,0.5833333333333334,0.01434426229508196,0.5833333333333334,0.58384484228474,0.16666666666666663
graph_065_mu_0_4_node_99,18,0.24183006535947713,0.00041972651665609273,0.38349328214971207,2.6076076076076076,0.023956764633834695,11.0,7.0,1.5714285714285718,0.388888888888889,0.21212121212121207,0.007238883143743536,0.2413793103448275,0.24163524248624843,0.33333333333333326
graph_065_mu_0_4_node_100,29,0.11822660098522167,0.001572577002893688,0.4018503620273532,2.4884884884884886,0.031331880279456256,13.0,16.0,0.8125,0.5517241379310346,0.5517241379310346,0.0164778578784758,0.3809523809523811,0.38153726178291164,0.44827586206896536
graph_065_mu_0_4_node_101,23,0.11857707509881422,0.0009944229052057862,0.3958003169572108,2.5265265265265264,0.026167184482014928,9.0,14.0,0.6428571428571429,0.608695652173913,0.5185185185185184,0.014388489208633089,0.4375,0.43801165850449525,0.33333333333333326
graph_065_mu_0_4_node_102,38,0.041251778093883355,0.003000690500738546,0.4263764404609475,2.3453453453453452,0.037027347771481596,16.0,22.0,0.7272727272727273,0.5789473684210529,0.43137254901960803,0.023182297154899893,0.4074074074074074,0.4082116185493873,0.3137254901960783
graph_065_mu_0_4_node_103,31,0.06881720430107527,0.0019632158068905647,0.42312579415501905,2.3633633633633635,0.038189512394261924,8.0,23.0,0.3478260869565216,0.7419354838709677,0.676470588235294,0.02380952380952382,0.5897435897435896,0.5905838337796838,0.23529411764705885
graph_065_mu_0_4_node_104,26,0.036923076923076927,0.001586329842821766,0.4007220216606498,2.4954954954954953,0.02309731841572428,9.0,17.0,0.5294117647058824,0.6538461538461539,0.4722222222222222,0.017634854771784225,0.4857142857142857,0.48633551721437684,0.25
graph_065_mu_0_4_node_105,33,0.13068181818181818,0.0019488748328086436,0.42080876158382474,2.3763763763763763,0.04471897318375572,14.0,19.0,0.7368421052631577,0.5757575757575759,0.6333333333333331,0.019587628865979374,0.404255319148936,0.4049498397469549,0.46666666666666673
graph_065_mu_0_4_node_106,28,0.06084656084656084,0.001765024824398679,0.40396279822078446,2.4754754754754753,0.024965846241159884,13.0,15.0,0.8666666666666669,0.5357142857142857,0.36585365853658547,0.015641293013555792,0.36585365853658547,0.366402004360018,0.3170731707317073
graph_065_mu_0_4_node_107,50,0.10549645390070922,0.0040429949856532555,0.43950725912890454,2.275275275275275,0.055408694760501774,23.0,27.0,0.8518518518518517,0.54,0.9310344827586208,0.0278063851699279,0.36986301369863017,0.3708503249210677,0.7586206896551726
graph_065_mu_0_4_node_108,23,0.039525691699604744,0.001084317615684315,0.4028225806451613,2.4824824824824825,0.025355143360620058,7.0,16.0,0.4375,0.6956521739130432,0.3137254901960783,0.016859852476290824,0.5333333333333332,0.53391795771217,0.07843137254901958
graph_065_mu_0_4_node_109,39,0.16966966966966968,0.002019729699704909,0.42027766091712243,2.3793793793793796,0.04755760803007761,22.0,17.0,1.2941176470588236,0.43589743589743607,0.5,0.017598343685300215,0.27868852459016397,0.27931034689529577,0.6176470588235293
graph_065_mu_0_4_node_110,38,0.11904761904761904,0.002049204467983691,0.4251063829787234,2.3523523523523524,0.04645126012564745,18.0,20.0,0.9000000000000002,0.5263157894736842,0.5405405405405405,0.020768431983385256,0.35714285714285704,0.3578741185688168,0.4594594594594596
graph_065_mu_0_4_node_111,34,0.09982174688057041,0.002060034561286355,0.4169449081803005,2.3983983983983985,0.04098291807849844,14.0,20.0,0.6999999999999998,0.5882352941176471,0.5405405405405405,0.020768431983385256,0.41666666666666674,0.4173977142578647,0.3783783783783784
graph_065_mu_0_4_node_112,21,0.04285714285714286,0.0009121248242184277,0.39161113288906313,2.5535535535535536,0.020884324663125682,5.0,16.0,0.3125,0.7619047619047622,0.4324324324324325,0.0166147455867082,0.6153846153846152,0.6159691543295226,0.13513513513513511
graph_065_mu_0_4_node_113,35,0.054924242424242424,0.00215416775791931,0.4213412062420919,2.3733733733733735,0.03722038813188948,13.0,22.0,0.5909090909090909,0.6285714285714284,0.43137254901960803,0.023182297154899893,0.4583333333333332,0.4591373681261117,0.23529411764705885
graph_065_mu_0_4_node_114,17,0.08088235294117647,0.0005324978582762852,0.39377217185652347,2.5395395395395397,0.022566634344618506,6.0,11.0,0.5454545454545452,0.6470588235294118,0.33333333333333326,0.01137538779731127,0.4782608695652175,0.47866284288880584,0.18181818181818182
graph_065_mu_0_4_node_115,18,0.06535947712418301,0.0007461843464884031,0.3794151158374478,2.635635635635636,0.015716820155131195,6.0,12.0,0.5,0.6666666666666665,0.2926829268292682,0.012513034410844635,0.5,0.5004385003288753,0.1463414634146341
graph_065_mu_0_4_node_116,23,0.22134387351778656,0.00065336342637221,0.38886726352666406,2.5715715715715715,0.026468925027722377,15.0,8.0,1.875,0.3478260869565216,0.2758620689655173,0.0082389289392379,0.21052631578947364,0.21081888454313083,0.5172413793103449
graph_065_mu_0_4_node_117,38,0.1126984126984127,0.002291447265693704,0.42402376910016976,2.3583583583583585,0.04001629874189187,20.0,18.0,1.1111111111111112,0.4736842105263158,0.38297872340425526,0.01888772298006296,0.31034482758620696,0.3110031072819354,0.404255319148936
graph_065_mu_0_4_node_118,19,0.023391812865497075,0.0008830200028562981,0.38917023763147646,2.5695695695695697,0.019934524435302595,3.0,16.0,0.1875,0.8421052631578946,0.3137254901960783,0.016859852476290824,0.7272727272727273,0.7278571808086711,0.0
graph_065_mu_0_4_node_119,30,0.06436781609195402,0.001791898707116731,0.4090909090909091,2.4444444444444446,0.032650037826887954,8.0,22.0,0.36363636363636365,0.7333333333333332,0.9166666666666664,0.022540983606557374,0.5789473684210529,0.5797511094703,0.33333333333333326
graph_065_mu_0_4_node_120,23,0.10276679841897234,0.000939928509008335,0.3958003169572108,2.5265265265265264,0.026069372234802598,10.0,13.0,0.7692307692307695,0.5652173913043478,0.44827586206896536,0.013388259526261582,0.39393939393939387,0.39441455750531385,0.3448275862068967
graph_065_mu_0_4_node_121,16,0.058333333333333334,0.0005327574315517476,0.38202676864244745,2.6176176176176176,0.016573661707216133,5.0,11.0,0.45454545454545436,0.6875,0.21568627450980402,0.011591148577449946,0.5238095238095238,0.5242114677566133,0.07843137254901958
graph_065_mu_0_4_node_122,24,0.17028985507246377,0.0010151927924731859,0.39564356435643566,2.5275275275275275,0.029338464900692567,11.0,13.0,0.8461538461538461,0.5416666666666667,0.3823529411764707,0.013457556935817802,0.37142857142857155,0.37190376973247913,0.3235294117647059
graph_065_mu_0_4_node_123,24,0.10869565217391304,0.001121662759716995,0.39737470167064437,2.5165165165165164,0.024352778209630714,10.0,14.0,0.7142857142857141,0.5833333333333334,0.297872340425532,0.014690451206715636,0.41176470588235303,0.4122764017887856,0.2127659574468086
graph_065_mu_0_4_node_124,22,0.06493506493506493,0.0010658917444858113,0.39176470588235296,2.5525525525525525,0.020627030442903663,7.0,15.0,0.46666666666666673,0.6818181818181818,1.0714285714285714,0.015212981744421901,0.5172413793103449,0.5177894846927398,0.5
graph_065_mu_0_4_node_125,27,0.1225071225071225,0.0014125413229464597,0.4107730263157895,2.4344344344344346,0.03291374265912828,10.0,17.0,0.5882352941176471,0.6296296296296297,0.6296296296296297,0.017471736896197326,0.4594594594594596,0.46008073636623154,0.37037037037037035
graph_065_mu_0_4_node_126,18,0.13725490196078433,0.0005555445155750762,0.3906922174423152,2.5595595595595597,0.02302674922197124,7.0,11.0,0.6363636363636365,0.6111111111111108,0.3235294117647059,0.011387163561076604,0.4400000000000001,0.440402002704382,0.20588235294117652
graph_065_mu_0_4_node_127,42,0.15897435897435896,0.0025185400155728014,0.427105600684053,2.3413413413413413,0.04746849877544374,22.0,20.0,1.0999999999999999,0.4761904761904762,0.8333333333333335,0.02049180327868853,0.3125,0.31323147538585333,0.875
graph_065_mu_0_4_node_128,26,0.07692307692307693,0.0013579046386165549,0.404126213592233,2.4744744744744747,0.030351592842388586,9.0,17.0,0.5294117647058824,0.6538461538461539,0.4594594594594596,0.01765316718587747,0.4857142857142857,0.48633551721437684,0.24324324324324328
graph_065_mu_0_4_node_129,27,0.19,0.0010300568407245242,0.39690107270560193,2.5195195195195197,0.026843710709915987,14.0,13.0,1.0769230769230769,0.4814814814814816,0.722222222222222,0.013238289205702643,0.3170731707317073,0.3175484732800601,0.722222222222222
graph_065_mu_0_4_node_130,26,0.06884057971014493,0.0013317254463790318,0.39361702127659576,2.5405405405405403,0.02347184306528064,11.0,15.0,0.7333333333333332,0.5769230769230768,0.8823529411764709,0.015259409969481184,0.4054054054054053,0.40595367105838975,0.5882352941176471
graph_065_mu_0_4_node_131,25,0.20333333333333334,0.0011112706936285052,0.39548693586698336,2.5285285285285286,0.025410192319416002,13.0,12.0,1.0833333333333335,0.4800000000000002,0.6666666666666665,0.012219959266802444,0.31578947368421056,0.31622819845753597,0.722222222222222
graph_065_mu_0_4_node_132,43,0.11341463414634147,0.0028248869896128253,0.4283876500857633,2.334334334334334,0.048027046544216384,23.0,20.0,1.15,0.4651162790697675,0.5405405405405405,0.020768431983385256,0.30303030303030304,0.30376183192569434,0.5945945945945947
graph_065_mu_0_4_node_133,22,0.13852813852813853,0.0009520480406326007,0.38349328214971207,2.6076076076076076,0.019929199194869,11.0,11.0,1.0,0.5,0.5,0.011247443762781187,0.33333333333333326,0.3337354536038505,0.5
graph_065_mu_0_4_node_134,18,0.032679738562091505,0.0007989360327139405,0.38071646341463417,2.6266266266266265,0.01674679280242691,3.0,15.0,0.20000000000000004,0.8333333333333335,1.0714285714285714,0.015212981744421901,0.7142857142857141,0.7148336594911939,0.21428571428571427
graph_065_mu_0_4_node_135,24,0.057971014492753624,0.0013436117123660244,0.39361702127659576,2.5405405405405403,0.021462815588324156,8.0,16.0,0.5,0.6666666666666665,0.6666666666666665,0.016393442622950814,0.5,0.5005846671051672,0.33333333333333326
graph_065_mu_0_4_node_136,22,0.025974025974025976,0.001254825036112038,0.3976910828025478,2.5145145145145147,0.020048211237940674,5.0,17.0,0.29411764705882354,0.7727272727272727,0.4722222222222222,0.017634854771784225,0.6296296296296297,0.6302506795693514,0.11111111111111115
graph_065_mu_0_4_node_137,35,0.125,0.0019687723868520653,0.413151364764268,2.4204204204204203,0.034123823406216267,20.0,15.0,1.333333333333333,0.42857142857142855,0.5,0.015463917525773198,0.2727272727272726,0.2732758993320056,0.6333333333333331
graph_065_mu_0_4_node_138,36,0.08377896613190731,0.0022121682090020336,0.41764214046822745,2.3943943943943946,0.03555985048289279,16.0,20.0,0.8000000000000002,0.5555555555555556,0.8333333333333335,0.02049180327868853,0.38461538461538475,0.3853465391083289,0.625
graph_065_mu_0_4_node_139,30,0.14482758620689656,0.0014243266095884748,0.4148671096345515,2.4104104104104103,0.03735997042408453,13.0,17.0,0.7647058823529413,0.5666666666666665,0.6799999999999998,0.017435897435897435,0.3953488372093022,0.3959702503759506,0.5199999999999998
graph_065_mu_0_4_node_140,19,0.029239766081871343,0.0008648597555648007,0.3836405529953917,2.6066066066066065,0.01599327509716687,3.0,16.0,0.1875,0.8421052631578946,0.4705882352941177,0.016563146997929604,0.7272727272727273,0.7278571808086711,0.0
graph_065_mu_0_4_node_141,19,0.14705882352941177,0.0005596728016826479,0.3713754646840149,2.6926926926926926,0.015776345254252064,10.0,9.0,1.1111111111111112,0.4736842105263158,0.4090909090909091,0.009202453987730062,0.31034482758620696,0.3106738350802666,0.4090909090909091
graph_065_mu_0_4_node_142,36,0.13012477718360071,0.0020357775477261135,0.427105600684053,2.3413413413413413,0.05184446612597552,17.0,19.0,0.8947368421052634,0.5277777777777778,0.6333333333333331,0.019587628865979374,0.3584905660377358,0.35918523899302096,0.5333333333333332
graph_065_mu_0_4_node_143,19,0.0661764705882353,0.0006148321852028999,0.3784090909090909,2.6426426426426426,0.015404054121434519,7.0,12.0,0.5833333333333334,0.6315789473684211,0.8571428571428571,0.012170385395537525,0.4615384615384616,0.46197699391676905,0.42857142857142855
graph_065_mu_0_4_node_144,20,0.06842105263157895,0.0008404516043883383,0.3858632676709154,2.5915915915915915,0.01869618187673395,7.0,13.0,0.5384615384615384,0.6500000000000002,0.5199999999999998,0.013333333333333334,0.4814814814814816,0.48195654086390427,0.28000000000000014
graph_065_mu_0_4_node_145,32,0.08669354838709678,0.0018252391441239075,0.40976210008203445,2.4404404404404403,0.03200539390826497,17.0,15.0,1.133333333333333,0.46875,0.29411764705882354,0.015806111696522657,0.3061224489795918,0.3066709552142794,0.3137254901960783
graph_065_mu_0_4_node_146,19,0.13450292397660818,0.0007398935021384388,0.38028169014084506,2.6296296296296298,0.01589911617367263,9.0,10.0,0.9000000000000002,0.5263157894736842,0.45454545454545436,0.010224948875255628,0.35714285714285704,0.35750838093845616,0.4090909090909091
graph_065_mu_0_4_node_147,26,0.05846153846153846,0.001442884534463659,0.39721669980119284,2.5175175175175175,0.024489924154674013,9.0,17.0,0.5294117647058824,0.6538461538461539,0.7727272727272727,0.017382413087934562,0.4857142857142857,0.48633551721437684,0.4090909090909091
graph_065_mu_0_4_node_148,46,0.08668076109936575,0.0035483076505126404,0.4375821287779238,2.285285285285285,0.052984392205566465,21.0,25.0,0.84,0.5434782608695653,0.5434782608695653,0.026205450733752626,0.3731343283582091,0.3740484385633352,0.4347826086956522
graph_065_mu_0_4_node_149,38,0.0380952380952381,0.002881701590439307,0.4320934256055363,2.314314314314314,0.038556960853266986,13.0,25.0,0.5199999999999998,0.6578947368421054,0.6097560975609755,0.026068821689259655,0.49019607843137253,0.49110965416680075,0.2926829268292682
graph_065_mu_0_4_node_150,32,0.13306451612903225,0.0017099294578483627,0.40808823529411764,2.4504504504504503,0.036553057646937746,18.0,14.0,1.2857142857142858,0.4375,0.3043478260869565,0.014675052410901472,0.28000000000000014,0.2805119953189,0.3913043478260869
graph_065_mu_0_4_node_151,17,0.03676470588235294,0.0006717894932184376,0.38334612432847276,2.6086086086086087,0.016306155307504414,2.0,15.0,0.1333333333333333,0.8823529411764709,0.36585365853658547,0.015641293013555792,0.7894736842105262,0.7900215893864039,0.04878048780487806
graph_065_mu_0_4_node_152,20,0.031578947368421054,0.0008877846632623438,0.3976910828025478,2.5145145145145147,0.023423176148076076,2.0,18.0,0.11111111111111115,0.9000000000000002,1.125,0.018292682926829264,0.8181818181818182,0.8188392323527456,0.0625
graph_065_mu_0_4_node_153,25,0.08,0.0013891349156794795,0.4013660104459622,2.4914914914914914,0.0237122538015837,10.0,15.0,0.6666666666666665,0.5999999999999998,0.6818181818181818,0.015337423312883432,0.42857142857142855,0.4291196541479792,0.45454545454545436
graph_065_mu_0_4_node_154,35,0.03865546218487395,0.0028689875134256426,0.4263764404609475,2.3453453453453452,0.03640944675438139,13.0,22.0,0.5909090909090909,0.6285714285714284,0.5365853658536587,0.02294056308654848,0.4583333333333332,0.4591373681261117,0.2926829268292682
graph_065_mu_0_4_node_155,20,0.031578947368421054,0.0008168031544392315,0.39658594680428744,2.5215215215215214,0.023268106432119694,5.0,15.0,0.33333333333333326,0.75,0.4054054054054053,0.01557632398753894,0.5999999999999998,0.600548025282233,0.13513513513513511
graph_065_mu_0_4_node_156,24,0.12987012987012986,0.001026276464427777,0.38841368584758945,2.5745745745745747,0.020961649945454266,11.0,13.0,0.8461538461538461,0.5416666666666667,1.1818181818181819,0.013144590495449943,0.37142857142857155,0.37190376973247913,0.9090909090909087
graph_065_mu_0_4_node_157,32,0.0625,0.002328790441951073,0.41332230037236245,2.4194194194194196,0.030671332271144307,12.0,20.0,0.5999999999999998,0.625,1.1111111111111112,0.020366598778004067,0.45454545454545436,0.45527639526616226,0.6666666666666665
graph_065_mu_0_4_node_158,18,0.10457516339869281,0.0006572632749706041,0.38071646341463417,2.6266266266266265,0.016843067878580833,8.0,10.0,0.8000000000000002,0.5555555555555556,0.5555555555555556,0.010183299389002034,0.38461538461538475,0.38498088169140815,0.4444444444444446
graph_065_mu_0_4_node_159,37,0.12462462462462462,0.002265597727130288,0.421875,2.3703703703703702,0.044874404330824166,20.0,17.0,1.1764705882352942,0.4594594594594596,0.3695652173913044,0.017819706498951784,0.29824561403508765,0.29886734537400445,0.4347826086956522
graph_065_mu_0_4_node_160,18,0.16993464052287582,0.0005848050786168056,0.3734579439252336,2.6776776776776776,0.01419561413397552,9.0,9.0,1.0,0.5,0.5625,0.009146341463414632,0.33333333333333326,0.3336623167745002,0.5625
graph_065_mu_0_4_node_161,28,0.12169312169312169,0.0013280064978657383,0.40396279822078446,2.4754754754754753,0.02961871824968897,13.0,15.0,0.8666666666666669,0.5357142857142857,0.625,0.015368852459016395,0.36585365853658547,0.366402004360018,0.5416666666666667
graph_065_mu_0_4_node_162,17,0.058823529411764705,0.0006455898965469179,0.3872093023255814,2.5825825825825826,0.01984787361802645,3.0,14.0,0.21428571428571427,0.8235294117647061,0.8235294117647061,0.014242115971515762,0.6999999999999998,0.7005114342076422,0.17647058823529405
graph_065_mu_0_4_node_163,35,0.125,0.0018480446954727413,0.411619283065513,2.4294294294294296,0.03792939886334621,17.0,18.0,0.9444444444444444,0.5142857142857142,0.6206896551724139,0.01853759011328527,0.34615384615384615,0.34681198143720987,0.5517241379310346
graph_065_mu_0_4_node_164,38,0.1422475106685633,0.002438077609197118,0.4169449081803005,2.3983983983983985,0.04241075789952973,19.0,19.0,1.0,0.5,0.5757575757575759,0.019648397104446748,0.33333333333333326,0.3340281078972707,0.5757575757575759
graph_065_mu_0_4_node_165,19,0.14035087719298245,0.0006248585686473945,0.3940828402366864,2.5375375375375375,0.023959932288441094,7.0,12.0,0.5833333333333334,0.6315789473684211,0.41379310344827586,0.012358393408856852,0.4615384615384616,0.46197699391676905,0.2413793103448275
graph_065_mu_0_4_node_166,46,0.11627906976744186,0.0034235189597294374,0.42728828058169377,2.34034034034034,0.046168320610731964,22.0,24.0,0.9166666666666664,0.5217391304347825,0.8275862068965517,0.024716786817713703,0.3529411764705881,0.35381881853889807,0.7241379310344828
graph_065_mu_0_4_node_167,38,0.0873015873015873,0.002536463936505522,0.4178168130489335,2.3933933933933935,0.03711631108608889,17.0,21.0,0.8095238095238098,0.5526315789473684,0.7241379310344828,0.021627188465499485,0.38181818181818183,0.38258592210261144,0.5517241379310346
graph_065_mu_0_4_node_168,21,0.04285714285714286,0.0009422486533857526,0.3991210547343188,2.5055055055055053,0.0252924659591741,5.0,16.0,0.3125,0.7619047619047622,0.3137254901960783,0.016859852476290824,0.6153846153846152,0.6159691543295226,0.09803921568627454
graph_065_mu_0_4_node_169,24,0.028985507246376812,0.0012976566650229975,0.40445344129554656,2.4724724724724725,0.024337169182566894,4.0,20.0,0.20000000000000004,0.8333333333333335,0.5555555555555556,0.020746887966804975,0.7142857142857141,0.7150162278367407,0.05555555555555557
graph_065_mu_0_4_node_170,25,0.1,0.0011286535258603252,0.4023358840112767,2.4854854854854853,0.030094540759313046,11.0,14.0,0.7857142857142859,0.5600000000000003,0.3043478260869565,0.014675052410901472,0.388888888888889,0.38940062220272775,0.23913043478260876
graph_065_mu_0_4_node_171,21,0.0761904761904762,0.0008148118577772348,0.39330708661417324,2.5425425425425425,0.024045199418802125,7.0,14.0,0.5,0.6666666666666665,0.3783783783783784,0.01453790238836968,0.5,0.500511583717021,0.1891891891891892
graph_065_mu_0_4_node_172,21,0.09523809523809523,0.0009343457508802179,0.38408304498269896,2.6036036036036037,0.0184969059930608,7.0,14.0,0.5,0.6666666666666665,0.9333333333333335,0.01421319796954315,0.5,0.500511583717021,0.46666666666666673
graph_065_mu_0_4_node_173,33,0.05303030303030303,0.002301620575864967,0.41799163179916315,2.3923923923923924,0.03420446138138979,12.0,21.0,0.5714285714285712,0.6363636363636365,0.5833333333333334,0.02178423236514522,0.46666666666666673,0.46743412637503207,0.2777777777777778
graph_065_mu_0_4_node_174,31,0.13333333333333333,0.0017979320272711163,0.4052738336713996,2.4674674674674675,0.02853500529095917,13.0,18.0,0.722222222222222,0.5806451612903225,1.0588235294117647,0.01831129196337742,0.4090909090909091,0.40974885192298766,0.7647058823529413
graph_065_mu_0_4_node_175,45,0.09634551495016612,0.0030858722235082023,0.43023255813953487,2.324324324324324,0.046131284543112154,24.0,21.0,1.1428571428571423,0.46666666666666673,0.6363636363636365,0.021716649431230618,0.3043478260869565,0.3051159595227076,0.6969696969696971
graph_065_mu_0_4_node_176,40,0.12051282051282051,0.002630054332026042,0.4317199654278306,2.3163163163163163,0.04874410938412009,20.0,20.0,1.0,0.5,0.5405405405405405,0.020768431983385256,0.33333333333333326,0.3340647017235915,0.5405405405405405
graph_065_mu_0_4_node_177,39,0.13813813813813813,0.0022389788591307236,0.42045454545454547,2.3783783783783785,0.04630368239117828,21.0,18.0,1.1666666666666667,0.4615384615384616,0.5294117647058824,0.018633540372670808,0.2999999999999999,0.3006583278472679,0.5882352941176471
graph_065_mu_0_4_node_178,25,0.11,0.0011445095530343604,0.39611419508326723,2.5245245245245247,0.02540563407405309,10.0,15.0,0.6666666666666665,0.5999999999999998,0.7894736842105262,0.015290519877675844,0.42857142857142855,0.4291196541479792,0.5263157894736842
graph_065_mu_0_4_node_179,18,0.032679738562091505,0.0007202621364821131,0.38917023763147646,2.5695695695695697,0.019648145421485137,4.0,14.0,0.2857142857142856,0.777777777777778,0.34146341463414637,0.014598540145985404,0.6363636363636365,0.6368751079404301,0.07317073170731705
graph_065_mu_0_4_node_180,33,0.10416666666666667,0.002123176025477916,0.4069246435845214,2.4574574574574575,0.030594300885559728,15.0,18.0,0.8333333333333335,0.5454545454545452,0.75,0.01844262295081967,0.375,0.3756580390436498,0.625
graph_065_mu_0_4_node_181,34,0.044563279857397504,0.002356720136697698,0.42258883248730966,2.3663663663663663,0.03462262447421918,13.0,21.0,0.6190476190476188,0.6176470588235293,0.41176470588235303,0.022128556375131718,0.44680851063829785,0.44757602644546857,0.2549019607843137
graph_065_mu_0_4_node_182,14,0.02197802197802198,0.0005117409618753661,0.37712344280860705,2.6516516516516515,0.013676196815128374,3.0,11.0,0.2727272727272726,0.7857142857142859,0.23404255319148948,0.011542497376705143,0.6470588235294118,0.6474607087363827,0.0
graph_065_mu_0_4_node_183,38,0.155049786628734,0.0024816672010054283,0.4238438693254137,2.359359359359359,0.04601736118634143,19.0,19.0,1.0,0.5,0.5588235294117646,0.019668737060041408,0.33333333333333326,0.3340281078972707,0.5588235294117646
graph_065_mu_0_4_node_184,18,0.06535947712418301,0.0006323691548231172,0.3872093023255814,2.5825825825825826,0.020681157744708023,7.0,11.0,0.6363636363636365,0.6111111111111108,0.23913043478260876,0.011530398322851156,0.4400000000000001,0.440402002704382,0.10869565217391305
graph_065_mu_0_4_node_185,36,0.11229946524064172,0.0022958314736034715,0.42258883248730966,2.3663663663663663,0.04078077874777648,14.0,22.0,0.6363636363636365,0.6111111111111108,0.8148148148148148,0.02261048304213771,0.4400000000000001,0.44080409356725164,0.4814814814814816
graph_065_mu_0_4_node_186,29,0.11576354679802955,0.0016942667772849062,0.3984842441164739,2.5095095095095097,0.024406982815799658,14.0,15.0,0.9333333333333335,0.5172413793103449,0.6818181818181818,0.015337423312883432,0.34883720930232553,0.34938559521977525,0.6363636363636365
graph_065_mu_0_4_node_187,22,0.12987012987012986,0.0008578924821675583,0.3882627283326856,2.5755755755755754,0.021574544965332135,10.0,12.0,0.8333333333333335,0.5454545454545452,0.5454545454545452,0.012269938650306752,0.375,0.375438628554719,0.45454545454545436
graph_065_mu_0_4_node_188,28,0.21164021164021163,0.0010962324779997797,0.4054383116883117,2.4664664664664664,0.036844908708288104,16.0,12.0,1.333333333333333,0.42857142857142855,0.41379310344827586,0.012358393408856852,0.2727272727272726,0.27316609376142764,0.5517241379310346
graph_065_mu_0_4_node_189,14,0.054945054945054944,0.00043655242064384803,0.3706864564007421,2.6976976976976976,0.013519849164636989,3.0,11.0,0.2727272727272726,0.7857142857142859,0.3666666666666666,0.011340206185567005,0.6470588235294118,0.6474607087363827,0.06666666666666665
graph_065_mu_0_4_node_190,38,0.13174603174603175,0.0023763423492225207,0.4197478991596639,2.3823823823823824,0.040126898200742556,18.0,20.0,0.9000000000000002,0.5263157894736842,0.8333333333333335,0.02049180327868853,0.35714285714285704,0.3578741185688168,0.7083333333333334
graph_065_mu_0_4_node_191,23,0.3715415019762846,0.0005788856528467411,0.39800796812749006,2.5125125125125125,0.03908741533309793,16.0,7.0,2.2857142857142847,0.3043478260869565,0.23333333333333336,0.007216494845360826,0.1794871794871794,0.17974320523605486,0.5333333333333332
graph_065_mu_0_4_node_192,42,0.07317073170731707,0.0034920026498481476,0.4294926913155632,2.3283283283283285,0.043436367039298644,16.0,26.0,0.6153846153846152,0.6190476190476188,0.5531914893617023,0.027282266526757602,0.44827586206896536,0.44922615446662645,0.3404255319148935
graph_065_mu_0_4_node_193,33,0.07954545454545454,0.0022771205476042056,0.42027766091712243,2.3793793793793796,0.036599184663254396,10.0,23.0,0.4347826086956522,0.6969696969696971,0.676470588235294,0.02380952380952382,0.5348837209302326,0.5357240877686265,0.29411764705882354
graph_065_mu_0_4_node_194,19,0.04678362573099415,0.0008028022675903366,0.38766006984866125,2.5795795795795797,0.019833604138859703,6.0,13.0,0.4615384615384616,0.6842105263157895,0.27659574468085113,0.013641133263378801,0.5199999999999998,0.5204750246647425,0.08510638297872337
graph_065_mu_0_4_node_195,15,0.06666666666666667,0.00047289875434671327,0.37955927051671734,2.6346346346346348,0.015083918165430997,3.0,12.0,0.25,0.8000000000000002,0.2926829268292682,0.012513034410844635,0.6666666666666665,0.6671050708753471,0.07317073170731705
graph_065_mu_0_4_node_196,39,0.10256410256410256,0.00274987144490588,0.4278372591006424,2.3373373373373374,0.049420340349954336,15.0,24.0,0.625,0.6153846153846152,0.8000000000000002,0.02474226804123712,0.4444444444444446,0.4453216374269005,0.5
graph_065_mu_0_4_node_197,28,0.13756613756613756,0.0015092232513393073,0.4036363636363636,2.4774774774774775,0.030537450360965824,12.0,16.0,0.75,0.5714285714285712,0.5517241379310346,0.0164778578784758,0.4000000000000001,0.40058483807295864,0.41379310344827586
graph_065_mu_0_4_node_198,26,0.04710144927536232,0.0012710730613347465,0.39470564994073487,2.5335335335335336,0.023657313349303235,7.0,19.0,0.36842105263157887,0.7307692307692305,1.2666666666666662,0.01928934010152284,0.5757575757575759,0.5764517411150709,0.4000000000000001
graph_065_mu_0_4_node_199,14,0.04395604395604396,0.00047132232223735083,0.3735976065818998,2.6766766766766765,0.012428375943695764,4.0,10.0,0.4000000000000001,0.7142857142857141,0.24390243902439032,0.010427528675703854,0.5555555555555556,0.5559209457923284,0.09756097560975611
graph_065_mu_0_4_node_200,27,0.1908831908831909,0.0010189880078791953,0.4004008016032064,2.4974974974974975,0.03491361078299866,15.0,12.0,1.25,0.4444444444444446,0.3529411764705881,0.012422360248447204,0.2857142857142856,0.2861530746568043,0.44117647058823545
graph_065_mu_0_4_node_201,28,0.047619047619047616,0.0015934295663383464,0.4109419991772933,2.4334334334334335,0.03057845476544221,9.0,19.0,0.4736842105263158,0.6785714285714288,0.5757575757575759,0.019648397104446748,0.5135135135135133,0.5142077803312136,0.24242424242424232
graph_065_mu_0_4_node_202,38,0.12698412698412698,0.002418653927549247,0.42912371134020616,2.33033033033033,0.05202742531516445,15.0,23.0,0.6521739130434784,0.6052631578947368,0.7666666666666668,0.023711340206185576,0.4339622641509433,0.43480293815218624,0.46666666666666673
graph_065_mu_0_4_node_203,19,0.125,0.0005808313446758148,0.3769811320754717,2.6526526526526526,0.015945365155368808,13.0,6.0,2.166666666666667,0.31578947368421056,0.1463414634146341,0.006256517205422318,0.1875,0.1877194105170775,0.2926829268292682
graph_065_mu_0_4_node_204,25,0.09333333333333334,0.0013489149640392806,0.3911511354737666,2.5565565565565564,0.021083946282836018,9.0,16.0,0.5625,0.64,0.7272727272727273,0.016359918200409,0.4705882352941177,0.4711729451318608,0.4090909090909091
graph_065_mu_0_4_node_205,24,0.07971014492753623,0.0012429110949314958,0.38977760436987907,2.5655655655655654,0.019739074094288673,8.0,16.0,0.5,0.6666666666666665,1.0,0.016260162601626018,0.5,0.5005846671051672,0.5
graph_065_mu_0_4_node_206,28,0.0582010582010582,0.0018474245706858491,0.4020120724346076,2.4874874874874875,0.025756124913334944,8.0,20.0,0.4000000000000001,0.7142857142857141,1.25,0.020325203252032523,0.5555555555555556,0.5562862826289938,0.5
graph_065_mu_0_4_node_207,27,0.037037037037037035,0.0015495534256123613,0.41555740432612315,2.4064064064064064,0.03253363735278834,6.0,21.0,0.2857142857142856,0.777777777777778,0.5675675675675675,0.021806853582554516,0.6363636363636365,0.6371307596513079,0.13513513513513511
graph_065_mu_0_4_node_208,30,0.08505747126436781,0.0016890120683906904,0.4138359569179785,2.4164164164164164,0.03170094017485715,12.0,18.0,0.6666666666666665,0.5999999999999998,0.5999999999999998,0.01855670103092783,0.42857142857142855,0.42922932330827046,0.4000000000000001
graph_065_mu_0_4_node_209,28,0.17846153846153845,0.0009996478158752246,0.4008828250401284,2.4944944944944947,0.03056128996911263,13.0,15.0,0.8666666666666669,0.5357142857142857,0.8333333333333335,0.01527494908350305,0.36585365853658547,0.366402004360018,0.6666666666666665
graph_065_mu_0_4_node_210,29,0.12315270935960591,0.0015530278767300872,0.411619283065513,2.4294294294294296,0.03280056792478833,12.0,17.0,0.7058823529411762,0.5862068965517241,0.7083333333333334,0.017418032786885248,0.41463414634146356,0.41525551408151257,0.5
graph_065_mu_0_4_node_211,27,0.09971509971509972,0.0013330779423951057,0.4099302421009438,2.4394394394394396,0.030238949362821795,11.0,16.0,0.6875,0.5925925925925926,0.4444444444444446,0.01659751037344398,0.4210526315789473,0.42163742690058476,0.3055555555555554
graph_065_mu_0_4_node_212,21,0.14619883040935672,0.0006066428847635631,0.3791271347248577,2.6376376376376376,0.01910602832934856,11.0,10.0,1.0999999999999999,0.4761904761904762,0.41666666666666674,0.010245901639344265,0.3125,0.3128655772464722,0.41666666666666674
graph_065_mu_0_4_node_213,31,0.06451612903225806,0.0018231678187846316,0.41764214046822745,2.3943943943943946,0.03779222403624385,13.0,18.0,0.722222222222222,0.5806451612903225,0.48648648648648657,0.018691588785046724,0.4090909090909091,0.40974885192298766,0.3243243243243245
graph_065_mu_0_4_node_214,19,0.05847953216374269,0.0007376494749071181,0.38188073394495414,2.6186186186186187,0.0179033797615233,7.0,12.0,0.5833333333333334,0.6315789473684211,0.5,0.012295081967213118,0.4615384615384616,0.46197699391676905,0.25
graph_065_mu_0_4_node_215,22,0.1341991341991342,0.0009503744553627691,0.39627132090440303,2.5235235235235236,0.022866343419846995,10.0,12.0,0.8333333333333335,0.5454545454545452,0.4000000000000001,0.01237113402061856,0.375,0.375438628554719,0.33333333333333326
graph_065_mu_0_4_node_216,28,0.12698412698412698,0.0012942321486908346,0.4079216006533279,2.4514514514514514,0.03298624417851918,14.0,14.0,1.0,0.5,0.3783783783783784,0.01453790238836968,0.33333333333333326,0.33384517890221316,0.3783783783783784
graph_065_mu_0_4_node_217,29,0.19950738916256158,0.0011941976613521245,0.4079216006533279,2.4514514514514514,0.03971183381745637,15.0,14.0,1.0714285714285714,0.482758620689655,0.41176470588235303,0.01449275362318841,0.31818181818181823,0.3186937011799901,0.44117647058823545
graph_065_mu_0_4_node_218,39,0.0728744939271255,0.0028942648393632466,0.4188679245283019,2.3873873873873874,0.036790215146450374,18.0,21.0,0.8571428571428571,0.5384615384615384,0.5675675675675675,0.021806853582554516,0.36842105263157887,0.36918884905584126,0.4594594594594596
graph_065_mu_0_4_node_219,25,0.04743083003952569,0.001211590489854569,0.3920722135007849,2.5505505505505504,0.021519917420667396,7.0,18.0,0.388888888888889,0.72,1.0588235294117647,0.01831129196337742,0.5625,0.5631576543660942,0.3529411764705881
graph_065_mu_0_4_node_220,20,0.02631578947368421,0.0010153326349180204,0.3908450704225352,2.5585585585585586,0.018627266259657948,4.0,16.0,0.25,0.8000000000000002,0.6666666666666665,0.016393442622950814,0.6666666666666665,0.667251162903972,0.16666666666666663
graph_065_mu_0_4_node_221,19,0.16176470588235295,0.0004674029767498663,0.38497109826589593,2.5975975975975976,0.0239114483687545,10.0,9.0,1.1111111111111112,0.4736842105263158,0.2647058823529412,0.009316770186335404,0.31034482758620696,0.3106738350802666,0.2647058823529412
graph_065_mu_0_4_node_222,16,0.09166666666666666,0.0005133824395028325,0.3928430987023201,2.5455455455455454,0.02035676425082244,6.0,10.0,0.5999999999999998,0.625,0.4000000000000001,0.010256410256410255,0.45454545454545436,0.45491089819404373,0.2400000000000001
graph_065_mu_0_4_node_223,18,0.0457516339869281,0.0006573831036961426,0.3851195065535852,2.5965965965965965,0.019566227595666195,5.0,13.0,0.38461538461538475,0.722222222222222,0.5416666666666667,0.01331967213114754,0.5652173913043478,0.5656923812564835,0.20833333333333337
graph_065_mu_0_4_node_224,21,0.01904761904761905,0.0009872537201068364,0.38766006984866125,2.5795795795795797,0.01877795552009208,4.0,17.0,0.23529411764705885,0.8095238095238098,0.41463414634146356,0.01772679874869656,0.6799999999999998,0.6806210045662103,0.09756097560975611
graph_065_mu_0_4_node_225,17,0.04411764705882353,0.0006670433197111343,0.3867595818815331,2.5855855855855854,0.017790690919500727,6.0,11.0,0.5454545454545452,0.6470588235294118,0.4583333333333332,0.011270491803278687,0.4782608695652175,0.47866284288880584,0.25
graph_065_mu_0_4_node_226,26,0.09846153846153846,0.0011581247205179725,0.4085889570552147,2.4474474474474475,0.031705781508076764,9.0,17.0,0.5294117647058824,0.6538461538461539,0.7083333333333334,0.017418032786885248,0.4857142857142857,0.48633551721437684,0.375
graph_065_mu_0_4_node_227,32,0.08735632183908046,0.001752987018254859,0.40875613747954176,2.4464464464464464,0.030586864958346838,13.0,19.0,0.6842105263157895,0.59375,0.5135135135135133,0.019730010384215995,0.4222222222222223,0.42291669204933585,0.3243243243243245
graph_065_mu_0_4_node_228,24,0.06926406926406926,0.0010769977665353253,0.3920722135007849,2.5505505505505504,0.020256640767754613,10.0,14.0,0.7142857142857141,0.5833333333333334,0.34146341463414637,0.014598540145985404,0.41176470588235303,0.4122764017887856,0.21951219512195133
graph_065_mu_0_4_node_229,33,0.045454545454545456,0.002456506059774728,0.41764214046822745,2.3943943943943946,0.03270496659307633,10.0,23.0,0.4347826086956522,0.6969696969696971,0.6216216216216217,0.02388369678089304,0.5348837209302326,0.5357240877686265,0.24324324324324328
graph_065_mu_0_4_node_230,22,0.06493506493506493,0.0009861550124681936,0.3929976396538159,2.5445445445445447,0.023678250879235436,7.0,15.0,0.46666666666666673,0.6818181818181818,0.625,0.015368852459016395,0.5172413793103449,0.5177894846927398,0.2916666666666667
graph_065_mu_0_4_node_231,17,0.07352941176470588,0.0005503962366104341,0.38497109826589593,2.5975975975975976,0.018141796041715657,5.0,12.0,0.41666666666666674,0.7058823529411762,0.4800000000000002,0.012307692307692306,0.5454545454545452,0.5458930137386728,0.20000000000000004
graph_065_mu_0_4_node_232,19,0.06432748538011696,0.0007551789132712608,0.3863109048723898,2.5885885885885886,0.021810234162164748,6.0,13.0,0.4615384615384616,0.6842105263157895,0.2826086956521739,0.013626834381551357,0.5199999999999998,0.5204750246647425,0.0869565217391304
graph_065_mu_0_4_node_233,18,0.058823529411764705,0.0006405342273391808,0.3836405529953917,2.6066066066066065,0.018148337435205445,6.0,12.0,0.5,0.6666666666666665,0.3243243243243245,0.012461059190031152,0.5,0.5004385003288753,0.16216216216216225
graph_065_mu_0_4_node_234,38,0.11379800853485064,0.0026879896647893837,0.4276541095890411,2.3383383383383385,0.04211524503992405,17.0,21.0,0.8095238095238098,0.5526315789473684,0.7241379310344828,0.021627188465499485,0.38181818181818183,0.38258592210261144,0.5862068965517241
graph_065_mu_0_4_node_235,17,0.051470588235294115,0.0005579414992680353,0.3864603481624758,2.5875875875875876,0.019265546402607105,5.0,12.0,0.41666666666666674,0.7058823529411762,0.23529411764705885,0.01264488935721813,0.5454545454545452,0.5458930137386728,0.09803921568627454
graph_065_mu_0_4_node_236,29,0.06896551724137931,0.0018343984686591411,0.408255006129955,2.4494494494494496,0.02903604731646562,10.0,19.0,0.5263157894736842,0.6551724137931033,0.6551724137931033,0.01956745623069001,0.48717948717948717,0.487873804738413,0.3448275862068967
graph_065_mu_0_4_node_237,25,0.02,0.001464695320654794,0.4074225122349103,2.4544544544544546,0.02522451932359346,5.0,20.0,0.25,0.8000000000000002,0.39215686274509814,0.021074815595363543,0.6666666666666665,0.6673972335865965,0.05882352941176471
graph_065_mu_0_4_node_238,35,0.1553030303030303,0.0018260872065944387,0.41366459627329194,2.4174174174174174,0.039340935898309726,18.0,17.0,1.0588235294117647,0.4857142857142857,0.5862068965517241,0.01750772399588054,0.3207547169811321,0.32137635738044457,0.5862068965517241
graph_065_mu_0_4_node_239,51,0.07227891156462585,0.004841394656174494,0.44047619047619047,2.27027027027027,0.051208712417840085,23.0,28.0,0.8214285714285712,0.5490196078431371,0.8235294117647061,0.02898550724637682,0.3783783783783784,0.3794022192442554,0.6470588235294118
graph_065_mu_0_4_node_240,32,0.09475806451612903,0.002121877821790386,0.4104354971240756,2.4364364364364364,0.030682448754442742,13.0,19.0,0.6842105263157895,0.59375,0.7599999999999999,0.019487179487179488,0.4222222222222223,0.42291669204933585,0.5199999999999998
graph_065_mu_0_4_node_241,26,0.13230769230769232,0.001147972703803335,0.4057676685621446,2.4644644644644647,0.03422857822741851,11.0,15.0,0.7333333333333332,0.5769230769230768,0.44117647058823545,0.015527950310559004,0.4054054054054053,0.40595367105838975,0.3235294117647059
graph_065_mu_0_4_node_242,26,0.15384615384615385,0.0012425027365570846,0.3978494623655914,2.5135135135135136,0.02824992733289005,12.0,14.0,0.8571428571428571,0.5384615384615384,0.5185185185185184,0.014388489208633089,0.36842105263157887,0.36893282335829347,0.4444444444444446
graph_065_mu_0_4_node_243,27,0.13105413105413105,0.0013131531740910158,0.4079216006533279,2.4514514514514514,0.03401827165355647,11.0,16.0,0.6875,0.5925925925925926,0.48484848484848464,0.01654601861427094,0.4210526315789473,0.42163742690058476,0.33333333333333326
graph_065_mu_0_4_node_244,15,0.02857142857142857,0.00048278747576742365,0.38086160884483417,2.625625625625626,0.01681214616840175,3.0,12.0,0.25,0.8000000000000002,0.3529411764705881,0.012422360248447204,0.6666666666666665,0.6671050708753471,0.08823529411764702
graph_065_mu_0_4_node_245,21,0.06190476190476191,0.0007482143328036106,0.39737470167064437,2.5165165165165164,0.025625517828236268,8.0,13.0,0.6153846153846152,0.6190476190476188,0.2826086956521739,0.013626834381551357,0.44827586206896536,0.44875095617414396,0.15217391304347824
graph_065_mu_0_4_node_246,24,0.057971014492753624,0.0011980025723466977,0.4056029232643118,2.4654654654654653,0.027724479827306282,6.0,18.0,0.33333333333333326,0.75,0.72,0.018461538461538467,0.5999999999999998,0.6006576063130206,0.2400000000000001
graph_065_mu_0_4_node_247,20,0.03684210526315789,0.0009156572504730672,0.3843786071565987,2.6016016016016015,0.017297396313575488,7.0,13.0,0.5384615384615384,0.6500000000000002,0.722222222222222,0.013238289205702643,0.4814814814814816,0.48195654086390427,0.33333333333333326
graph_065_mu_0_4_node_248,15,0.047619047619047616,0.00045129946277614423,0.3776937618147448,2.6476476476476476,0.015318000555265122,4.0,11.0,0.36363636363636365,0.7333333333333332,0.4400000000000001,0.011282051282051285,0.5789473684210529,0.5793492829959366,0.16
graph_065_mu_0_4_node_249,21,0.07142857142857142,0.0009179773124362646,0.39423835832675613,2.5365365365365364,0.021497384872539063,7.0,14.0,0.5,0.6666666666666665,0.3783783783783784,0.01453790238836968,0.5,0.500511583717021,0.1891891891891892
graph_065_mu_0_4_node_250,24,0.043478260869565216,0.0012756622034770834,0.39705882352941174,2.5185185185185186,0.023300046222550073,7.0,17.0,0.41176470588235303,0.7083333333333334,0.7083333333333334,0.017418032786885248,0.5483870967741937,0.5490082374808323,0.2916666666666667
graph_065_mu_0_4_node_251,17,0.14705882352941177,0.0005372694418345168,0.390234375,2.5625625625625625,0.02120154442234658,6.0,11.0,0.5454545454545452,0.6470588235294118,0.3235294117647059,0.011387163561076604,0.4782608695652175,0.47866284288880584,0.17647058823529405
graph_065_mu_0_4_node_252,23,0.12648221343873517,0.0010376775734058697,0.39346199291059475,2.5415415415415414,0.023354855244899667,10.0,13.0,0.7692307692307695,0.5652173913043478,0.5416666666666667,0.01331967213114754,0.39393939393939387,0.39441455750531385,0.41666666666666674
graph_065_mu_0_4_node_253,17,0.07352941176470588,0.0006118871611870921,0.3824655436447167,2.6146146146146148,0.019122006699156043,6.0,11.0,0.5454545454545452,0.6470588235294118,0.3235294117647059,0.011387163561076604,0.4782608695652175,0.47866284288880584,0.17647058823529405
graph_065_mu_0_4_node_254,28,0.05555555555555555,0.001805144348053892,0.4069246435845214,2.4574574574574575,0.025861284027049625,7.0,21.0,0.33333333333333326,0.75,1.1666666666666667,0.02138492871690428,0.5999999999999998,0.6007671793373033,0.388888888888889
graph_065_mu_0_4_node_255,18,0.032679738562091505,0.0007167927344552934,0.3854166666666667,2.5945945945945947,0.018646004457873674,4.0,14.0,0.2857142857142856,0.777777777777778,0.5600000000000003,0.014358974358974354,0.6363636363636365,0.6368751079404301,0.16
graph_065_mu_0_4_node_256,28,0.12962962962962962,0.0012347286489408369,0.4051094890510949,2.4684684684684686,0.033553753995425595,13.0,15.0,0.8666666666666669,0.5357142857142857,0.3260869565217392,0.015723270440251572,0.36585365853658547,0.366402004360018,0.2826086956521739
graph_065_mu_0_4_node_257,19,0.029239766081871343,0.0007488848786825899,0.3976910828025478,2.5145145145145147,0.022142635145660425,2.0,17.0,0.11764705882352942,0.8947368421052634,0.5666666666666665,0.017525773195876282,0.8095238095238098,0.8101447233628833,0.06666666666666665
graph_065_mu_0_4_node_258,33,0.1053763440860215,0.0019277881894327379,0.40925850061450225,2.4434434434434436,0.028867350575908574,17.0,16.0,1.0625,0.48484848484848464,0.8888888888888892,0.01629327902240326,0.32,0.3205850519233583,0.8888888888888892
graph_065_mu_0_4_node_259,22,0.06060606060606061,0.0010208571063609288,0.3976910828025478,2.5145145145145147,0.022537820300549665,8.0,14.0,0.5714285714285712,0.6363636363636365,0.27450980392156854,0.014752370916754472,0.46666666666666673,0.4671782877746918,0.15686274509803916
graph_065_mu_0_4_node_260,27,0.18333333333333332,0.0009820147757743935,0.39658594680428744,2.5215215215215214,0.028920489548024075,15.0,12.0,1.25,0.4444444444444446,0.4800000000000002,0.012307692307692306,0.2857142857142856,0.2861530746568043,0.5600000000000003
graph_065_mu_0_4_node_261,30,0.13333333333333333,0.0018144695185588558,0.4054383116883117,2.4664664664664664,0.027109257718176946,13.0,17.0,0.7647058823529413,0.5666666666666665,1.0,0.017293997965412002,0.3953488372093022,0.3959702503759506,0.7647058823529413
graph_065_mu_0_4_node_262,42,0.14615384615384616,0.0028566127803444446,0.4229466553767993,2.364364364364364,0.04397287387017884,22.0,20.0,1.0999999999999999,0.4761904761904762,0.8000000000000002,0.02051282051282051,0.3125,0.31323147538585333,0.84
graph_065_mu_0_4_node_263,34,0.04435483870967742,0.002444048658656447,0.4171189979123173,2.3973973973973974,0.03315591632370705,12.0,22.0,0.5454545454545452,0.6470588235294118,0.5365853658536587,0.02294056308654848,0.4782608695652175,0.4790648455921138,0.26829268292682934
graph_065_mu_0_4_node_264,60,0.13732607380520268,0.0052002989035480895,0.46164510166358597,2.166166166166166,0.08469942535979222,30.0,30.0,1.0,0.5,1.0,0.030927835051546396,0.33333333333333326,0.3344307872402691,0.9666666666666668
graph_065_mu_0_4_node_265,22,0.1038961038961039,0.0010317100970038688,0.3940828402366864,2.5375375375375375,0.021151099033420964,9.0,13.0,0.6923076923076923,0.5909090909090909,0.8125,0.013211382113821137,0.4193548387096773,0.4198299675426878,0.5625
graph_065_mu_0_4_node_266,53,0.07137254901960784,0.0047804457310099266,0.45574817518248173,2.194194194194194,0.06424922932292475,23.0,30.0,0.7666666666666668,0.5660377358490566,0.6521739130434784,0.031446540880503145,0.3947368421052631,0.39583373424420276,0.4782608695652175
graph_065_mu_0_4_node_267,30,0.18160919540229886,0.001378066271945056,0.41263940520446096,2.4234234234234235,0.035743382247773174,16.0,14.0,1.1428571428571423,0.46666666666666673,0.5833333333333334,0.01434426229508196,0.3043478260869565,0.30485974651989495,0.6666666666666665
graph_065_mu_0_4_node_268,33,0.08172043010752689,0.001915441610449368,0.4190436241610738,2.3863863863863863,0.03322955774512871,15.0,18.0,0.8333333333333335,0.5454545454545452,0.5,0.018672199170124477,0.375,0.3756580390436498,0.388888888888889
graph_065_mu_0_4_node_269,35,0.1226890756302521,0.002258046896912889,0.4185169669040637,2.3893893893893896,0.039000030812104056,14.0,21.0,0.6666666666666665,0.5999999999999998,0.84,0.021538461538461545,0.42857142857142855,0.42933900048560675,0.5600000000000003
graph_065_mu_0_4_node_270,25,0.08695652173913043,0.0011496020217491227,0.38962558502340094,2.5665665665665665,0.020107768550960668,12.0,13.0,0.9230769230769232,0.5199999999999998,0.27659574468085113,0.013641133263378801,0.3513513513513515,0.3518265843983262,0.23404255319148948
graph_065_mu_0_4_node_271,39,0.10121457489878542,0.00295760057071133,0.42366412213740456,2.3603603603603602,0.03771428297226169,20.0,19.0,1.0526315789473684,0.48717948717948717,0.7916666666666665,0.019467213114754103,0.3220338983050847,0.32272872368449596,0.8333333333333335
graph_065_mu_0_4_node_272,26,0.09846153846153846,0.001193558833157343,0.3948616600790514,2.5325325325325325,0.02416343635753714,14.0,12.0,1.1666666666666667,0.4615384615384616,0.5454545454545452,0.012269938650306752,0.2999999999999999,0.3004387568555758,0.5909090909090909
graph_065_mu_0_4_node_273,15,0.06666666666666667,0.0005171400498500557,0.37054896142433236,2.6986986986986987,0.012301569864625609,4.0,11.0,0.36363636363636365,0.7333333333333332,0.26829268292682934,0.01147028154327424,0.5789473684210529,0.5793492829959366,0.09756097560975611
graph_065_mu_0_4_node_274,26,0.09846153846153846,0.0012949774227305848,0.4024979854955681,2.4844844844844847,0.030237599392246305,9.0,17.0,0.5294117647058824,0.6538461538461539,0.5862068965517241,0.01750772399588054,0.4857142857142857,0.48633551721437684,0.31034482758620696
graph_065_mu_0_4_node_275,28,0.07671957671957672,0.0014833931701436593,0.4095940959409594,2.4414414414414414,0.034825853946096316,10.0,18.0,0.5555555555555556,0.6428571428571429,0.3913043478260869,0.018867924528301886,0.4736842105263158,0.4743420090937765,0.2173913043478261
graph_065_mu_0_4_node_276,37,0.11861861861861862,0.0024692531573419618,0.4243840271877655,2.3563563563563563,0.03912825912554449,18.0,19.0,0.9473684210526316,0.5135135135135133,0.7916666666666665,0.019467213114754103,0.3454545454545456,0.34614926921044137,0.75
graph_065_mu_0_4_node_277,30,0.06878306878306878,0.0016407428723764661,0.4095940959409594,2.4414414414414414,0.03000766448400351,10.0,20.0,0.5,0.6666666666666665,1.333333333333333,0.020304568527918787,0.5,0.5007308338814588,0.5999999999999998
graph_065_mu_0_4_node_278,21,0.0380952380952381,0.0010011508467543168,0.39238020424194814,2.5485485485485486,0.020590252567650045,5.0,16.0,0.3125,0.7619047619047622,1.0666666666666664,0.016243654822335023,0.6153846153846152,0.6159691543295226,0.2666666666666666
graph_065_mu_0_4_node_279,31,0.05806451612903226,0.0019557347561610515,0.41729323308270677,2.3963963963963963,0.03446610559346855,9.0,22.0,0.4090909090909091,0.7096774193548386,0.7586206896551726,0.02265705458290423,0.5499999999999999,0.550803799780782,0.31034482758620696
graph_065_mu_0_4_node_280,25,0.06666666666666667,0.0011815115056584026,0.4049452776651804,2.4694694694694697,0.030035819562840727,9.0,16.0,0.5625,0.64,0.3478260869565216,0.016771488469601685,0.4705882352941177,0.4711729451318608,0.1739130434782608
graph_065_mu_0_4_node_281,20,0.07894736842105263,0.0008486916713678046,0.38660990712074306,2.5865865865865865,0.019016446067121436,7.0,13.0,0.5384615384615384,0.6500000000000002,0.5416666666666667,0.01331967213114754,0.4814814814814816,0.48195654086390427,0.2916666666666667
graph_065_mu_0_4_node_282,23,0.039525691699604744,0.0012062084113009875,0.4074225122349103,2.4544544544544546,0.02503796057514413,5.0,18.0,0.2777777777777778,0.7826086956521738,0.43902439024390266,0.018769551616266946,0.6428571428571429,0.6435147011241116,0.12195121951219516
graph_065_mu_0_4_node_283,26,0.052307692307692305,0.0013833038816027916,0.40675895765472314,2.4584584584584586,0.02901461258820042,10.0,16.0,0.625,0.6153846153846152,0.3137254901960783,0.016859852476290824,0.4444444444444446,0.4450291970210103,0.13725490196078427
graph_065_mu_0_4_node_284,18,0.0784313725490196,0.0007021577277054081,0.38290532771176694,2.6116116116116115,0.0160635976042933,6.0,12.0,0.5,0.6666666666666665,0.7058823529411762,0.012207527975584944,0.5,0.5004385003288753,0.3529411764705881
graph_065_mu_0_4_node_285,25,0.05138339920948617,0.0012110058860562516,0.39008199921905506,2.5635635635635636,0.02168165076415676,9.0,16.0,0.5625,0.64,0.39024390243902446,0.016684045881126177,0.4705882352941177,0.4711729451318608,0.19512195121951223
graph_065_mu_0_4_node_286,27,0.06552706552706553,0.001533579984376038,0.4036363636363636,2.4774774774774775,0.027251255353664978,8.0,19.0,0.4210526315789473,0.7037037037037039,1.0555555555555556,0.019348268839103868,0.5428571428571429,0.5435513589410333,0.4444444444444446
graph_065_mu_0_4_node_287,37,0.11861861861861862,0.002502918278215511,0.43246753246753245,2.3123123123123124,0.050740387329615104,15.0,22.0,0.6818181818181818,0.5945945945945947,0.7333333333333332,0.02268041237113401,0.4230769230769231,0.42388107542724107,0.5
graph_065_mu_0_4_node_288,16,0.016666666666666666,0.0005539651291163,0.3870592793490895,2.5835835835835836,0.017827266316222317,4.0,12.0,0.33333333333333326,0.75,0.33333333333333326,0.01244813278008299,0.5999999999999998,0.6004384362440629,0.08333333333333331
graph_065_mu_0_4_node_289,31,0.060215053763440864,0.0020022330457831676,0.4190436241610738,2.3863863863863863,0.033695315294526164,9.0,22.0,0.4090909090909091,0.7096774193548386,1.4666666666666663,0.022335025380710655,0.5499999999999999,0.550803799780782,0.5999999999999998
graph_065_mu_0_4_node_290,36,0.17777777777777778,0.0019228882684373492,0.4206315789473684,2.3773773773773774,0.0529708037917014,19.0,17.0,1.1176470588235292,0.4722222222222222,0.5666666666666665,0.017525773195876282,0.309090909090909,0.30971259495669806,0.6333333333333331
graph_065_mu_0_4_node_291,19,0.11029411764705882,0.0006044010637113246,0.37641296156744536,2.6566566566566565,0.0155292289522706,9.0,10.0,0.9000000000000002,0.5263157894736842,0.5555555555555556,0.010183299389002034,0.35714285714285704,0.35750838093845616,0.4444444444444446
graph_065_mu_0_4_node_292,37,0.12762762762762764,0.0023232461964045933,0.4211635750421585,2.374374374374374,0.04141560809808421,17.0,20.0,0.8499999999999998,0.5405405405405405,0.7407407407407407,0.02055498458376156,0.37037037037037035,0.3711015783259129,0.6296296296296297
graph_065_mu_0_4_node_293,25,0.06,0.0013022562503203427,0.39753282928770395,2.5155155155155153,0.025509286006670275,9.0,16.0,0.5625,0.64,0.5333333333333332,0.01649484536082474,0.4705882352941177,0.4711729451318608,0.2666666666666666
graph_065_mu_0_4_node_294,26,0.15942028985507245,0.0010650863921355719,0.3881118881118881,2.5765765765765765,0.020522446996788665,15.0,11.0,1.3636363636363635,0.4230769230769231,0.5,0.011247443762781187,0.26829268292682934,0.26869492083226687,0.6363636363636365
graph_065_mu_0_4_node_295,26,0.08,0.001458498422104004,0.40758873929008566,2.4534534534534536,0.029543096586481906,7.0,19.0,0.36842105263157887,0.7307692307692305,0.5588235294117646,0.019668737060041408,0.5757575757575759,0.5764517411150709,0.20588235294117652
graph_065_mu_0_4_node_296,22,0.09523809523809523,0.0008823766467236777,0.3997599039615846,2.5015015015015014,0.025842176970979527,9.0,13.0,0.6923076923076923,0.5909090909090909,0.6842105263157895,0.013251783893985734,0.4193548387096773,0.4198299675426878,0.4736842105263158
graph_065_mu_0_4_node_297,22,0.08225108225108226,0.0009602255986984102,0.3964285714285714,2.5225225225225225,0.02586411618953795,9.0,13.0,0.6923076923076923,0.5909090909090909,0.2826086956521739,0.013626834381551357,0.4193548387096773,0.4198299675426878,0.1739130434782608
graph_065_mu_0_4_node_298,29,0.09971509971509972,0.0012920240706344158,0.3903868698710434,2.5615615615615615,0.02552734305796117,15.0,14.0,1.0714285714285714,0.482758620689655,0.482758620689655,0.01441812564366632,0.31818181818181823,0.3186937011799901,0.482758620689655
graph_065_mu_0_4_node_299,32,0.06896551724137931,0.0019040713566097355,0.4148671096345515,2.4104104104104103,0.03166348751830289,12.0,20.0,0.5999999999999998,0.625,1.333333333333333,0.020304568527918787,0.45454545454545436,0.45527639526616226,0.7333333333333332
graph_065_mu_0_4_node_300,30,0.12643678160919541,0.0015086247404799968,0.41060419235511714,2.4354354354354353,0.03721627872230484,12.0,18.0,0.6666666666666665,0.5999999999999998,0.6206896551724139,0.01853759011328527,0.42857142857142855,0.42922932330827046,0.41379310344827586
graph_065_mu_0_4_node_301,26,0.08,0.0013790212626233309,0.408255006129955,2.4494494494494496,0.02981427513486752,8.0,18.0,0.4444444444444446,0.6923076923076923,0.5454545454545452,0.018614270941054813,0.5294117647058824,0.5300694671320735,0.24242424242424232
graph_065_mu_0_4_node_302,17,0.04411764705882353,0.0006245386933497841,0.3842307692307692,2.6026026026026026,0.01689671377288104,4.0,13.0,0.3076923076923076,0.7647058823529413,0.27659574468085113,0.013641133263378801,0.6190476190476188,0.6195225742922208,0.06382978723404255
graph_065_mu_0_4_node_303,20,0.05789473684210526,0.0008946380694488383,0.3872093023255814,2.5825825825825826,0.01863428349290725,5.0,15.0,0.33333333333333326,0.75,0.36585365853658547,0.015641293013555792,0.5999999999999998,0.600548025282233,0.12195121951219516
graph_065_mu_0_4_node_304,30,0.16551724137931034,0.0013443855641978907,0.40428976123027116,2.4734734734734736,0.03631085702413917,17.0,13.0,1.3076923076923077,0.43333333333333346,0.3823529411764707,0.013457556935817802,0.27659574468085113,0.2770711515193956,0.5
graph_065_mu_0_4_node_305,34,0.11586452762923351,0.0019571247753908646,0.4178168130489335,2.3933933933933935,0.04130052129279188,14.0,20.0,0.6999999999999998,0.5882352941176471,0.6896551724137934,0.02059732234809475,0.41666666666666674,0.4173977142578647,0.482758620689655
graph_065_mu_0_4_node_306,34,0.09269162210338681,0.0018112267205592602,0.41555740432612315,2.4064064064064064,0.041004506906408576,17.0,17.0,1.0,0.5,0.3695652173913044,0.017819706498951784,0.33333333333333326,0.3339549282728192,0.3695652173913044
graph_065_mu_0_4_node_307,17,0.0661764705882353,0.0006815897941667237,0.3799923925446938,2.6316316316316315,0.015217277989891151,5.0,12.0,0.41666666666666674,0.7058823529411762,0.6666666666666665,0.012219959266802444,0.5454545454545452,0.5458930137386728,0.2777777777777778
graph_065_mu_0_4_node_308,25,0.05333333333333334,0.0013738132604889511,0.4099302421009438,2.4394394394394396,0.028817753986066726,7.0,18.0,0.388888888888889,0.72,0.5454545454545452,0.018614270941054813,0.5625,0.5631576543660942,0.21212121212121207
graph_065_mu_0_4_node_309,30,0.1103448275862069,0.0016291847469709346,0.41263940520446096,2.4234234234234235,0.035926182025187596,14.0,16.0,0.875,0.5333333333333332,0.5517241379310346,0.0164778578784758,0.36363636363636365,0.364221287230719,0.482758620689655
graph_065_mu_0_4_node_310,24,0.05434782608695652,0.001140335124580716,0.40379951495553756,2.4764764764764764,0.027054222910408224,7.0,17.0,0.41176470588235303,0.7083333333333334,0.33333333333333326,0.01791359325605901,0.5483870967741937,0.5490082374808323,0.13725490196078427
graph_065_mu_0_4_node_311,46,0.07632850241545894,0.004000669128704993,0.4414494034467521,2.265265265265265,0.04825906815364541,19.0,27.0,0.7037037037037039,0.5869565217391305,0.8181818181818182,0.02792140641158221,0.41538461538461546,0.4163716378667941,0.5757575757575759
graph_065_mu_0_4_node_312,28,0.08465608465608465,0.0013880906862338933,0.4070904645476773,2.4564564564564564,0.032235807264180974,11.0,17.0,0.6470588235294118,0.6071428571428571,0.3695652173913044,0.017819706498951784,0.43589743589743607,0.43651875821752656,0.23913043478260876
graph_065_mu_0_4_node_313,34,0.10080645161290322,0.00203175147609776,0.40875613747954176,2.4464464464464464,0.032193100680137476,15.0,19.0,0.7894736842105262,0.5588235294117646,1.0,0.01936799184505606,0.38775510204081615,0.3884496734171643,0.7368421052631577
graph_065_mu_0_4_node_314,21,0.08771929824561403,0.0007825690396934147,0.3852680293096799,2.5955955955955954,0.019136561067448356,10.0,11.0,0.9090909090909087,0.5238095238095238,0.26829268292682934,0.01147028154327424,0.3548387096774193,0.35524080054995644,0.21951219512195133
graph_065_mu_0_4_node_315,16,0.1,0.0005626413304397011,0.3774083868530412,2.6496496496496498,0.014862260189471701,7.0,9.0,0.777777777777778,0.5625,0.5999999999999998,0.009137055837563452,0.3913043478260869,0.3916332831720172,0.46666666666666673
graph_065_mu_0_4_node_316,29,0.03201970443349754,0.001954655412672209,0.4072564207093355,2.4554554554554553,0.025610079788426766,6.0,23.0,0.26086956521739124,0.7931034482758619,0.48936170212765967,0.02413431269674711,0.6571428571428573,0.657982978412536,0.08510638297872337
graph_065_mu_0_4_node_317,23,0.19367588932806323,0.0008270066238950656,0.39176470588235296,2.5525525525525525,0.02656785105100065,13.0,10.0,1.3000000000000005,0.4347826086956522,0.37037037037037035,0.01027749229188078,0.2777777777777778,0.2781434084907577,0.4814814814814816
graph_065_mu_0_4_node_318,36,0.07308377896613191,0.002425255713799612,0.4190436241610738,2.3863863863863863,0.03544461680132322,15.0,21.0,0.7142857142857141,0.5833333333333334,0.44680851063829785,0.022035676810073453,0.41176470588235303,0.41253233391174216,0.297872340425532
graph_065_mu_0_4_node_319,30,0.2,0.0014376638388124614,0.4062627084180561,2.4614614614614614,0.03439845373407651,16.0,14.0,1.1428571428571423,0.46666666666666673,0.5833333333333334,0.01434426229508196,0.3043478260869565,0.30485974651989495,0.6666666666666665
graph_065_mu_0_4_node_320,20,0.06842105263157895,0.0008356335776994955,0.391304347826087,2.5555555555555554,0.021343271450364507,7.0,13.0,0.5384615384615384,0.6500000000000002,0.44827586206896536,0.013388259526261582,0.4814814814814816,0.48195654086390427,0.2413793103448275
graph_065_mu_0_4_node_321,42,0.11538461538461539,0.002667069997039537,0.42912371134020616,2.33033033033033,0.04791745068903199,21.0,21.0,1.0,0.5,0.5675675675675675,0.021806853582554516,0.33333333333333326,0.33410129822636675,0.5405405405405405
graph_065_mu_0_4_node_322,28,0.03968253968253968,0.0017281943202975898,0.4065934065934066,2.4594594594594597,0.026463042062639063,7.0,21.0,0.33333333333333326,0.75,0.5121951219512193,0.021897810218978093,0.5999999999999998,0.6007671793373033,0.17073170731707318
graph_065_mu_0_4_node_323,39,0.1349527665317139,0.00256750298077628,0.4247448979591837,2.354354354354354,0.043039952244131256,17.0,22.0,0.7727272727272727,0.564102564102564,0.9166666666666664,0.022540983606557374,0.39285714285714296,0.39366141279938177,0.7083333333333334
graph_065_mu_0_4_node_324,31,0.17204301075268819,0.0016112915039500826,0.4099302421009438,2.4394394394394396,0.03681017292221499,16.0,15.0,1.0666666666666664,0.4838709677419357,0.5172413793103449,0.015447991761071062,0.3191489361702127,0.3196974022932885,0.5517241379310346
graph_065_mu_0_4_node_325,23,0.1067193675889328,0.0009863343839387004,0.39008199921905506,2.5635635635635636,0.02126145037371897,12.0,11.0,1.0909090909090904,0.4782608695652175,0.4583333333333332,0.011270491803278687,0.3142857142857142,0.3146878639585108,0.5
graph_065_mu_0_4_node_326,22,0.11255411255411256,0.0008746293056139945,0.3984842441164739,2.5095095095095097,0.024708217907580945,10.0,12.0,0.8333333333333335,0.5454545454545452,0.4000000000000001,0.01237113402061856,0.375,0.375438628554719,0.33333333333333326
graph_065_mu_0_4_node_327,27,0.10541310541310542,0.0014185024872734131,0.40875613747954176,2.4464464464464464,0.03191417289731222,9.0,18.0,0.5,0.6666666666666665,0.6666666666666665,0.018499486125385402,0.5,0.500657750493313,0.33333333333333326
graph_065_mu_0_4_node_328,25,0.12666666666666668,0.001105819298632018,0.39705882352941174,2.5185185185185186,0.02783030382942227,10.0,15.0,0.6666666666666665,0.5999999999999998,0.625,0.015368852459016395,0.42857142857142855,0.4291196541479792,0.41666666666666674
graph_065_mu_0_4_node_329,21,0.09523809523809523,0.001009108042805078,0.39008199921905506,2.5635635635635636,0.020178500741519407,6.0,15.0,0.4000000000000001,0.7142857142857141,1.3636363636363635,0.015166835187057635,0.5555555555555556,0.5561036208849428,0.5454545454545452
graph_065_mu_0_4_node_330,22,0.20346320346320346,0.0007707699582675795,0.3967434471803018,2.5205205205205203,0.02791127439273194,12.0,10.0,1.1999999999999995,0.45454545454545436,0.37037037037037035,0.01027749229188078,0.29411764705882354,0.2944832510365948,0.4444444444444446
graph_065_mu_0_4_node_331,30,0.12183908045977011,0.0016221358590044065,0.4122988031366075,2.4254254254254253,0.03597605246504326,14.0,16.0,0.875,0.5333333333333332,0.4324324324324325,0.0166147455867082,0.36363636363636365,0.364221287230719,0.3783783783783784
graph_065_mu_0_4_node_332,35,0.10252100840336134,0.0022371108750800714,0.42802056555269924,2.3363363363363363,0.04370278445870906,13.0,22.0,0.5909090909090909,0.6285714285714284,0.7586206896551726,0.02265705458290423,0.4583333333333332,0.4591373681261117,0.44827586206896536
graph_065_mu_0_4_node_333,21,0.11428571428571428,0.0008995073090567487,0.38886726352666406,2.5715715715715715,0.02136915304598264,9.0,12.0,0.75,0.5714285714285712,0.5454545454545452,0.012269938650306752,0.4000000000000001,0.40043859649122815,0.36363636363636365
graph_065_mu_0_4_node_334,42,0.08717948717948718,0.0031218420542045806,0.4245643858903527,2.3553553553553552,0.040820248071587295,17.0,25.0,0.6799999999999998,0.5952380952380952,0.5319148936170212,0.026232948583420786,0.42372881355932185,0.4246426564514519,0.3404255319148935
graph_065_mu_0_4_node_335,25,0.09333333333333334,0.0011535476125075965,0.4033104561970125,2.4794794794794797,0.02727373836122787,10.0,15.0,0.6666666666666665,0.5999999999999998,0.41666666666666674,0.015560165975103736,0.42857142857142855,0.4291196541479792,0.2777777777777778
graph_065_mu_0_4_node_336,29,0.09852216748768473,0.001709672758634004,0.4023358840112767,2.4854854854854853,0.02649262824892985,11.0,18.0,0.6111111111111108,0.6206896551724139,1.1999999999999995,0.018274111675126905,0.4500000000000001,0.4506578466486369,0.7333333333333332
graph_065_mu_0_4_node_337,16,0.0,0.00046337394990666125,0.3779795686719637,2.645645645645646,0.015646364148623516,5.0,11.0,0.45454545454545436,0.6875,0.21568627450980402,0.011591148577449946,0.5238095238095238,0.5242114677566133,0.07843137254901958
graph_065_mu_0_4_node_338,20,0.1111111111111111,0.0007595643062364637,0.37528174305033807,2.664664664664665,0.014912381863927574,8.0,12.0,0.6666666666666665,0.5999999999999998,0.6666666666666665,0.012219959266802444,0.42857142857142855,0.429009993003853,0.388888888888889
graph_065_mu_0_4_node_339,39,0.1282051282051282,0.0026204714657484932,0.4276541095890411,2.3383383383383385,0.047530151181341976,18.0,21.0,0.8571428571428571,0.5384615384615384,0.7241379310344828,0.021627188465499485,0.36842105263157887,0.36918884905584126,0.6206896551724139
graph_065_mu_0_4_node_340,27,0.08262108262108261,0.001411291148485233,0.40024038461538464,2.4984984984984986,0.028555089993777327,11.0,16.0,0.6875,0.5925925925925926,0.4324324324324325,0.0166147455867082,0.4210526315789473,0.42163742690058476,0.29729729729729737
graph_065_mu_0_4_node_341,23,0.05533596837944664,0.0011036702116851138,0.4052738336713996,2.4674674674674675,0.02734103468636543,4.0,19.0,0.21052631578947364,0.8260869565217388,0.8636363636363634,0.019427402862985686,0.7037037037037039,0.7043977169264822,0.18181818181818182
graph_065_mu_0_4_node_342,19,0.06432748538011696,0.0008429877923987368,0.390234375,2.5625625625625625,0.018665048400551963,5.0,14.0,0.35714285714285704,0.7368421052631577,0.297872340425532,0.014690451206715636,0.5833333333333334,0.58384484228474,0.1063829787234043
graph_065_mu_0_4_node_343,26,0.12,0.0011850317375153715,0.4052738336713996,2.4674674674674675,0.03273720947729831,9.0,17.0,0.5294117647058824,0.6538461538461539,0.5,0.017598343685300215,0.4857142857142857,0.48633551721437684,0.2647058823529412
graph_065_mu_0_4_node_344,37,0.08558558558558559,0.002570087266804078,0.4276541095890411,2.3383383383383385,0.044519239421137134,15.0,22.0,0.6818181818181818,0.5945945945945947,0.5945945945945947,0.022845275181723787,0.4230769230769231,0.42388107542724107,0.4054054054054053
graph_065_mu_0_4_node_345,52,0.11020408163265306,0.004296459470354476,0.4445927903871829,2.249249249249249,0.059085259617253506,26.0,26.0,1.0,0.5,0.7878787878787877,0.026887280248190273,0.33333333333333326,0.3342843208973421,0.7575757575757577
graph_065_mu_0_4_node_346,25,0.08333333333333333,0.0011574972463767323,0.4036363636363636,2.4774774774774775,0.03155872853791506,8.0,17.0,0.4705882352941177,0.6799999999999998,0.4594594594594596,0.01765316718587747,0.5151515151515154,0.5157727012515626,0.21621621621621626
graph_065_mu_0_4_node_347,37,0.0957983193277311,0.00244377244477267,0.4229466553767993,2.364364364364364,0.037473628914167736,15.0,22.0,0.6818181818181818,0.5945945945945947,0.8800000000000002,0.02256410256410257,0.4230769230769231,0.42388107542724107,0.5600000000000003
graph_065_mu_0_4_node_348,37,0.12941176470588237,0.0021366469017455618,0.41764214046822745,2.3943943943943946,0.03979288940603145,17.0,20.0,0.8499999999999998,0.5405405405405405,0.8333333333333335,0.02049180327868853,0.37037037037037035,0.3711015783259129,0.6666666666666665
graph_065_mu_0_4_node_349,27,0.12,0.0012409701668976334,0.40298507462686567,2.4814814814814814,0.030429072660798768,12.0,15.0,0.8000000000000002,0.5555555555555556,0.5172413793103449,0.015447991761071062,0.38461538461538475,0.3851636903506626,0.3793103448275863
graph_065_mu_0_4_node_350,20,0.07368421052631578,0.0007766010826338501,0.3864603481624758,2.5875875875875876,0.019458264418683036,6.0,14.0,0.42857142857142855,0.6999999999999998,0.297872340425532,0.014690451206715636,0.5384615384615384,0.5389730847930202,0.1276595744680851
graph_065_mu_0_4_node_351,41,0.12439024390243902,0.0028224592342650377,0.4274711168164313,2.339339339339339,0.046312709169692365,20.0,21.0,0.9523809523809524,0.5121951219512193,0.7241379310344828,0.021627188465499485,0.3442622950819674,0.34503020381052973,0.6896551724137934
graph_065_mu_0_4_node_352,20,0.08421052631578947,0.0008769757051655547,0.38992974238875877,2.5645645645645647,0.02132378508960325,9.0,11.0,0.8181818181818182,0.5499999999999999,0.3666666666666666,0.011340206185567005,0.3793103448275863,0.3797124063064414,0.2666666666666666
graph_065_mu_0_4_node_353,34,0.06951871657754011,0.0023537979685758397,0.42348452734209413,2.3613613613613613,0.03764742357247698,9.0,25.0,0.36,0.7352941176470587,1.0,0.02564102564102565,0.5813953488372092,0.582308657572094,0.36
graph_065_mu_0_4_node_354,22,0.08225108225108226,0.0010024191133977268,0.38992974238875877,2.5645645645645647,0.021732246439979164,11.0,11.0,1.0,0.5,0.23404255319148948,0.011542497376705143,0.33333333333333326,0.3337354536038505,0.19148936170212763
graph_065_mu_0_4_node_355,23,0.11904761904761904,0.0008092680917334925,0.391304347826087,2.5555555555555554,0.02572342881895071,12.0,11.0,1.0909090909090904,0.4782608695652175,0.3793103448275863,0.011328527291452116,0.3142857142857142,0.3146878639585108,0.3793103448275863
graph_065_mu_0_4_node_356,22,0.1038961038961039,0.0008630307793568927,0.3986432561851556,2.5085085085085086,0.026803051667942075,7.0,15.0,0.46666666666666673,0.6818181818181818,0.4054054054054053,0.01557632398753894,0.5172413793103449,0.5177894846927398,0.16216216216216225
graph_065_mu_0_4_node_357,53,0.11683599419448476,0.004677879253454588,0.44818304172274565,2.2312312312312312,0.05850829506676187,25.0,28.0,0.8928571428571427,0.5283018867924528,1.0370370370370368,0.028776978417266178,0.3589743589743588,0.35999834961215893,0.9259259259259256
graph_065_mu_0_4_node_358,19,0.15204678362573099,0.0005486674991553939,0.39330708661417324,2.5425425425425425,0.025191196385398983,9.0,10.0,0.9000000000000002,0.5263157894736842,0.27027027027027023,0.010384215991692628,0.35714285714285704,0.35750838093845616,0.24324324324324328
graph_065_mu_0_4_node_359,25,0.06333333333333334,0.0013060380179292582,0.39880239520958083,2.5075075075075075,0.024999044386393884,7.0,18.0,0.388888888888889,0.72,0.72,0.018461538461538467,0.5625,0.5631576543660942,0.28000000000000014
graph_065_mu_0_4_node_360,15,0.05714285714285714,0.0004518347203675979,0.3776937618147448,2.6476476476476476,0.01626516294214225,5.0,10.0,0.5,0.6666666666666665,0.19607843137254907,0.010537407797681772,0.5,0.5003654169407293,0.05882352941176471
graph_065_mu_0_4_node_361,37,0.15015015015015015,0.0023321068839661854,0.42241014799154336,2.3673673673673674,0.0455813592346864,18.0,19.0,0.9473684210526316,0.5135135135135133,0.5588235294117646,0.019668737060041408,0.3454545454545456,0.34614926921044137,0.5294117647058824
graph_065_mu_0_4_node_362,41,0.1282051282051282,0.002743227420114163,0.42348452734209413,2.3613613613613613,0.042741880342115894,21.0,20.0,1.0500000000000005,0.48780487804878064,0.6896551724137934,0.02059732234809475,0.3225806451612903,0.3233120670454331,0.6896551724137934
graph_065_mu_0_4_node_363,24,0.06159420289855073,0.0011971050470485065,0.3911511354737666,2.5565565565565564,0.020960376317462767,11.0,13.0,0.8461538461538461,0.5416666666666667,0.27659574468085113,0.013641133263378801,0.37142857142857155,0.37190376973247913,0.17021276595744675
graph_065_mu_0_4_node_364,24,0.05434782608695652,0.0011788953715411187,0.3951740506329114,2.5305305305305303,0.025254176406642882,8.0,16.0,0.5,0.6666666666666665,0.4324324324324325,0.0166147455867082,0.5,0.5005846671051672,0.21621621621621626
graph_065_mu_0_4_node_365,18,0.10457516339869281,0.0006062550474631775,0.3842307692307692,2.6026026026026026,0.02224733470567527,6.0,12.0,0.5,0.6666666666666665,0.41379310344827586,0.012358393408856852,0.5,0.5004385003288753,0.20689655172413793
graph_065_mu_0_4_node_366,27,0.08,0.0011020961211344387,0.3978494623655914,2.5135135135135136,0.029275187974963292,11.0,16.0,0.6875,0.5925925925925926,0.5333333333333332,0.01649484536082474,0.4210526315789473,0.42163742690058476,0.33333333333333326
graph_065_mu_0_4_node_367,18,0.05228758169934641,0.0006656646978370727,0.38735944164404806,2.5815815815815815,0.019445017725156815,4.0,14.0,0.2857142857142856,0.777777777777778,0.3783783783783784,0.01453790238836968,0.6363636363636365,0.6368751079404301,0.08108108108108113
graph_065_mu_0_4_node_368,19,0.11695906432748537,0.0007159387049403778,0.3801369863013699,2.630630630630631,0.01635809578467137,10.0,9.0,1.1111111111111112,0.4736842105263158,0.4090909090909091,0.009202453987730062,0.31034482758620696,0.3106738350802666,0.4090909090909091
graph_065_mu_0_4_node_369,26,0.07692307692307693,0.0011776201439764873,0.40976210008203445,2.4404404404404403,0.03331980324482416,9.0,17.0,0.5294117647058824,0.6538461538461539,0.5862068965517241,0.01750772399588054,0.4857142857142857,0.48633551721437684,0.31034482758620696
graph_065_mu_0_4_node_370,18,0.0718954248366013,0.0007801159706005616,0.38571428571428573,2.5925925925925926,0.019814531185698404,6.0,12.0,0.5,0.6666666666666665,0.36363636363636365,0.012409513960703205,0.5,0.5004385003288753,0.18181818181818182
graph_065_mu_0_4_node_371,33,0.08712121212121213,0.002187651372072778,0.4095940959409594,2.4414414414414414,0.032333302403827764,14.0,19.0,0.7368421052631577,0.5757575757575759,0.6333333333333331,0.019587628865979374,0.404255319148936,0.4049498397469549,0.46666666666666673
graph_065_mu_0_4_node_372,31,0.0960591133004926,0.0014553779509287358,0.4107730263157895,2.4344344344344346,0.03617657741964038,12.0,19.0,0.6315789473684211,0.6129032258064517,0.6551724137931033,0.01956745623069001,0.44186046511627897,0.4425548841799099,0.3793103448275863
graph_065_mu_0_4_node_373,27,0.1396011396011396,0.0013536367628304213,0.4013660104459622,2.4914914914914914,0.03119800242367931,13.0,14.0,0.9285714285714288,0.5185185185185184,0.42424242424242414,0.014477766287487072,0.3499999999999999,0.35051180814506105,0.39393939393939387
graph_065_mu_0_4_node_374,31,0.04433497536945813,0.0020078564358820467,0.4074225122349103,2.4544544544544546,0.02779695850076573,12.0,19.0,0.6315789473684211,0.6129032258064517,0.46341463414634165,0.01981230448383733,0.44186046511627897,0.4425548841799099,0.26829268292682934
graph_065_mu_0_4_node_375,25,0.08333333333333333,0.0014162367245083407,0.398961661341853,2.5065065065065064,0.023820062720642476,9.0,16.0,0.5625,0.64,0.9411764705882354,0.016276703967446595,0.4705882352941177,0.4711729451318608,0.5294117647058824
graph_065_mu_0_4_node_376,48,0.08599290780141844,0.00409423704771678,0.4383501535761299,2.2812812812812813,0.05332717841065532,22.0,26.0,0.8461538461538461,0.5416666666666667,0.702702702702703,0.026998961578400815,0.37142857142857155,0.37237928080402843,0.5945945945945947
graph_065_mu_0_4_node_377,50,0.1400709219858156,0.004046436733620849,0.44047619047619047,2.27027027027027,0.05972366473718019,24.0,26.0,0.9230769230769232,0.5199999999999998,0.8965517241379307,0.026776519052523165,0.3513513513513515,0.35230219980073685,0.7931034482758619
graph_065_mu_0_4_node_378,36,0.06190476190476191,0.0024965490743583964,0.4267407090986758,2.3433433433433435,0.04201634076451691,10.0,26.0,0.38461538461538475,0.722222222222222,0.9629629629629632,0.02672147995889002,0.5652173913043478,0.5661672670898221,0.37037037037037035
graph_065_mu_0_4_node_379,15,0.06666666666666667,0.0005129418452371067,0.37984790874524715,2.6326326326326326,0.015864879304576286,4.0,11.0,0.36363636363636365,0.7333333333333332,0.6470588235294118,0.011190233977619533,0.5789473684210529,0.5793492829959366,0.23529411764705885
graph_065_mu_0_4_node_380,17,0.14705882352941177,0.00044117276049736575,0.38467462456680784,2.5995995995995997,0.0215685589329752,8.0,9.0,0.8888888888888892,0.5294117647058824,0.24324324324324328,0.009345794392523362,0.36,0.3603289593917906,0.21621621621621626
graph_065_mu_0_4_node_381,17,0.17647058823529413,0.0004882002563372771,0.3804265041888804,2.6286286286286287,0.017641955982102622,9.0,8.0,1.125,0.4705882352941177,0.33333333333333326,0.008196721311475407,0.3076923076923076,0.3079847481075732,0.375
graph_065_mu_0_4_node_382,31,0.07389162561576355,0.0017111251650169508,0.4109419991772933,2.4334334334334335,0.030410754088985095,12.0,19.0,0.6315789473684211,0.6129032258064517,0.7916666666666665,0.019467213114754103,0.44186046511627897,0.4425548841799099,0.4583333333333332
graph_065_mu_0_4_node_383,16,0.09166666666666666,0.0005024231034331672,0.37726586102719034,2.650650650650651,0.015492691845600266,7.0,9.0,0.777777777777778,0.5625,0.36,0.009230769230769233,0.3913043478260869,0.3916332831720172,0.28000000000000014
graph_065_mu_0_4_node_384,23,0.08571428571428572,0.0009767346600585327,0.38766006984866125,2.5795795795795797,0.02073043269618265,9.0,14.0,0.6428571428571429,0.608695652173913,1.0,0.014198782961460437,0.4375,0.43801165850449525,0.5714285714285712
graph_065_mu_0_4_node_385,29,0.18803418803418803,0.0011401765253733595,0.4023358840112767,2.4854854854854853,0.035434004644539156,16.0,13.0,1.2307692307692304,0.44827586206896536,0.3823529411764707,0.013457556935817802,0.2888888888888888,0.2893642609589514,0.44117647058823545
graph_065_mu_0_4_node_386,33,0.07526881720430108,0.002096667808744506,0.4079216006533279,2.4514514514514514,0.02912884486556322,14.0,19.0,0.7368421052631577,0.5757575757575759,0.7916666666666665,0.019467213114754103,0.404255319148936,0.4049498397469549,0.5416666666666667
graph_065_mu_0_4_node_387,29,0.08620689655172414,0.0017504220870369562,0.40428976123027116,2.4734734734734736,0.025441058378835597,11.0,18.0,0.6111111111111108,0.6206896551724139,1.1999999999999995,0.018274111675126905,0.4500000000000001,0.4506578466486369,0.7333333333333332
graph_065_mu_0_4_node_388,22,0.03463203463203463,0.00111045997708055,0.39611419508326723,2.5245245245245247,0.021958853913085715,4.0,18.0,0.2222222222222223,0.8181818181818182,0.43902439024390266,0.018769551616266946,0.6923076923076923,0.692965202535629,0.09756097560975611
graph_065_mu_0_4_node_389,28,0.11384615384615385,0.0011929751304268921,0.4054383116883117,2.4664664664664664,0.03373681090357791,14.0,14.0,1.0,0.5,0.3043478260869565,0.014675052410901472,0.33333333333333326,0.33384517890221316,0.2826086956521739
graph_065_mu_0_4_node_390,25,0.13666666666666666,0.0011700553075508684,0.3920722135007849,2.5505505505505504,0.023594674725348784,11.0,14.0,0.7857142857142859,0.5600000000000003,0.875,0.01422764227642276,0.388888888888889,0.38940062220272775,0.6875
graph_065_mu_0_4_node_391,16,0.041666666666666664,0.0005690101921237203,0.3843786071565987,2.6016016016016015,0.017634314863517932,4.0,12.0,0.33333333333333326,0.75,0.3243243243243245,0.012461059190031152,0.5999999999999998,0.6004384362440629,0.08108108108108113
graph_065_mu_0_4_node_392,38,0.10953058321479374,0.0023656577509624066,0.42402376910016976,2.3583583583583585,0.04589694567341202,19.0,19.0,1.0,0.5,0.4130434782608694,0.019916142557652002,0.33333333333333326,0.3340281078972707,0.4130434782608694
graph_065_mu_0_4_node_393,24,0.07792207792207792,0.0010135441176398628,0.40104375752709753,2.4934934934934936,0.025970824489127305,10.0,14.0,0.7142857142857141,0.5833333333333334,0.777777777777778,0.014256619144602854,0.41176470588235303,0.4122764017887856,0.5
graph_065_mu_0_4_node_394,27,0.07122507122507123,0.0015845643058285332,0.398961661341853,2.5065065065065064,0.023856056751195957,16.0,11.0,1.4545454545454546,0.4074074074074074,0.26829268292682934,0.01147028154327424,0.2558139534883721,0.2562162208132945,0.39024390243902446
graph_065_mu_0_4_node_395,17,0.051470588235294115,0.0006552976575665344,0.37826580840590684,2.6436436436436437,0.015634603391329417,4.0,13.0,0.3076923076923076,0.7647058823529413,0.3170731707317073,0.013555787278415022,0.6190476190476188,0.6195225742922208,0.09756097560975611
graph_065_mu_0_4_node_396,47,0.09797979797979799,0.00338971676769702,0.43491510666086197,2.299299299299299,0.056061454669126286,24.0,23.0,1.043478260869565,0.48936170212765967,0.5,0.024109014675052408,0.323943661971831,0.32478488943242134,0.5
graph_065_mu_0_4_node_397,36,0.17290552584670232,0.0019538917335566413,0.413151364764268,2.4204204204204203,0.03873769015420427,19.0,17.0,1.1176470588235292,0.4722222222222222,0.6799999999999998,0.017435897435897435,0.309090909090909,0.30971259495669806,0.72
graph_065_mu_0_4_node_398,29,0.13054187192118227,0.0013805486634715384,0.4153846153846154,2.4074074074074074,0.037920326914054774,13.0,16.0,0.8125,0.5517241379310346,0.48484848484848464,0.01654601861427094,0.3809523809523811,0.38153726178291164,0.39393939393939387
graph_065_mu_0_4_node_399,46,0.08792270531400966,0.003884061986785808,0.44301552106430153,2.2572572572572573,0.0527040146627246,19.0,27.0,0.7037037037037039,0.5869565217391305,0.9310344827586208,0.0278063851699279,0.41538461538461546,0.4163716378667941,0.6551724137931033
graph_065_mu_0_4_node_400,27,0.045584045584045586,0.0014010154987845126,0.4157303370786517,2.4054054054054053,0.03284323701084537,9.0,18.0,0.5,0.6666666666666665,0.3529411764705881,0.018967334035827187,0.5,0.500657750493313,0.15686274509803916
graph_065_mu_0_4_node_401,27,0.08547008547008547,0.001333716440192738,0.40675895765472314,2.4584584584584586,0.028947425331997585,11.0,16.0,0.6875,0.5925925925925926,0.6666666666666665,0.016393442622950814,0.4210526315789473,0.42163742690058476,0.4583333333333332
graph_065_mu_0_4_node_402,25,0.22666666666666666,0.0009489909889451876,0.4000800961153384,2.4994994994994997,0.03088782781570952,14.0,11.0,1.272727272727273,0.4400000000000001,0.4583333333333332,0.011270491803278687,0.282051282051282,0.28245349054153757,0.5833333333333334
graph_065_mu_0_4_node_403,20,0.06842105263157895,0.0009611823764550837,0.383199079401611,2.6096096096096097,0.016222043067377657,6.0,14.0,0.42857142857142855,0.6999999999999998,1.0,0.014198782961460437,0.5384615384615384,0.5389730847930202,0.42857142857142855
graph_065_mu_0_4_node_404,23,0.03333333333333333,0.0010079967504788043,0.4015273311897106,2.4904904904904903,0.02419508722180589,7.0,16.0,0.4375,0.6956521739130432,1.0666666666666664,0.016243654822335023,0.5333333333333332,0.53391795771217,0.4000000000000001
graph_065_mu_0_4_node_405,24,0.10507246376811594,0.0009786776876256754,0.3997599039615846,2.5015015015015014,0.028626323988484557,12.0,12.0,1.0,0.5,0.3243243243243245,0.012461059190031152,0.33333333333333326,0.33377202602910006,0.3243243243243245
graph_065_mu_0_4_node_406,19,0.023391812865497075,0.0008179751937704635,0.39330708661417324,2.5425425425425425,0.021558051576437077,3.0,16.0,0.1875,0.8421052631578946,1.0666666666666664,0.016243654822335023,0.7272727272727273,0.7278571808086711,0.20000000000000004
graph_065_mu_0_4_node_407,30,0.09523809523809523,0.0015877435249068885,0.4099302421009438,2.4394394394394396,0.03364090544202926,14.0,16.0,0.875,0.5333333333333332,0.3478260869565216,0.016771488469601685,0.36363636363636365,0.364221287230719,0.2826086956521739
graph_065_mu_0_4_node_408,33,0.06818181818181818,0.002147370921162442,0.41469489414694893,2.4114114114114114,0.033558070414651725,12.0,21.0,0.5714285714285712,0.6363636363636365,0.84,0.021538461538461545,0.46666666666666673,0.46743412637503207,0.4800000000000002
graph_065_mu_0_4_node_409,24,0.03985507246376811,0.0012930314024611202,0.4036363636363636,2.4774774774774775,0.025944221445260877,4.0,20.0,0.20000000000000004,0.8333333333333335,0.5882352941176471,0.020703933747412008,0.7142857142857141,0.7150162278367407,0.11764705882352942
graph_065_mu_0_4_node_410,42,0.07317073170731707,0.003123922064228855,0.4304179233089186,2.3233233233233235,0.04159200867873221,24.0,18.0,1.333333333333333,0.42857142857142855,0.3529411764705881,0.018967334035827187,0.2727272727272726,0.27338574507143426,0.43137254901960803
graph_065_mu_0_4_node_411,34,0.05040322580645161,0.0021699327900429354,0.41298057048367093,2.4214214214214214,0.03238535262249,15.0,19.0,0.7894736842105262,0.5588235294117646,0.3725490196078432,0.020021074815595362,0.38775510204081615,0.3884496734171643,0.27450980392156854
graph_065_mu_0_4_node_412,20,0.06535947712418301,0.0007283383921321816,0.38188073394495414,2.6186186186186187,0.018019976777381427,7.0,13.0,0.5384615384615384,0.6500000000000002,0.27659574468085113,0.013641133263378801,0.4814814814814816,0.48195654086390427,0.1276595744680851
graph_065_mu_0_4_node_413,45,0.07373737373737374,0.003560960717481176,0.436054124836316,2.2932932932932935,0.051250377053140755,19.0,26.0,0.7307692307692305,0.5777777777777776,0.5652173913043478,0.027253668763102715,0.40625,0.40720050084082765,0.4130434782608694
graph_065_mu_0_4_node_414,18,0.0718954248366013,0.0006730971777332537,0.37898330804248864,2.6386386386386387,0.015769111293525855,8.0,10.0,0.8000000000000002,0.5555555555555556,0.5555555555555556,0.010183299389002034,0.38461538461538475,0.38498088169140815,0.4444444444444446
graph_065_mu_0_4_node_415,29,0.039886039886039885,0.0015412915443852268,0.40024038461538464,2.4984984984984986,0.025736143239248152,13.0,16.0,0.8125,0.5517241379310346,0.3137254901960783,0.016859852476290824,0.3809523809523811,0.38153726178291164,0.23529411764705885
graph_065_mu_0_4_node_416,16,0.05,0.0005699188807919285,0.3779795686719637,2.645645645645646,0.015151009905950176,3.0,13.0,0.2307692307692308,0.8125,1.1818181818181819,0.013144590495449943,0.6842105263157895,0.6846854468579296,0.2727272727272726
graph_065_mu_0_4_node_417,18,0.0196078431372549,0.000813666641120376,0.38886726352666406,2.5715715715715715,0.018936092071375896,2.0,16.0,0.125,0.8888888888888892,0.7272727272727273,0.016359918200409,0.8000000000000002,0.8005844108408214,0.045454545454545456
graph_065_mu_0_4_node_418,27,0.20797720797720798,0.0010095239118031595,0.4117889530090684,2.4284284284284285,0.04265832941431,14.0,13.0,1.0769230769230769,0.4814814814814816,0.43333333333333346,0.013402061855670106,0.3170731707317073,0.3175484732800601,0.46666666666666673
graph_065_mu_0_4_node_419,21,0.09523809523809523,0.0009580975817117778,0.38158899923605805,2.6206206206206204,0.016310642152930023,11.0,10.0,1.0999999999999999,0.4761904761904762,0.5882352941176471,0.010172939979654124,0.3125,0.3128655772464722,0.5882352941176471
graph_065_mu_0_4_node_420,31,0.07526881720430108,0.0017619725603897824,0.41607663473552686,2.4034034034034035,0.03746490454640558,11.0,20.0,0.5499999999999999,0.6451612903225806,0.4347826086956522,0.02096436058700209,0.4761904761904762,0.47692136348765496,0.23913043478260876
graph_065_mu_0_4_node_421,34,0.05040322580645161,0.0020430854964904625,0.4215189873417722,2.3723723723723724,0.036083387142671064,12.0,22.0,0.5454545454545452,0.6470588235294118,0.43137254901960803,0.023182297154899893,0.4782608695652175,0.4790648455921138,0.21568627450980402
graph_065_mu_0_4_node_422,55,0.13352685050798258,0.00457471470634112,0.4502027940513745,2.2212212212212212,0.07357773123719122,27.0,28.0,0.964285714285714,0.5090909090909089,0.9333333333333335,0.028865979381443304,0.34146341463414637,0.34248755508769424,0.8666666666666669
graph_065_mu_0_4_node_423,22,0.042105263157894736,0.0009231826154616103,0.384526558891455,2.6006006006006004,0.01838033118078164,9.0,13.0,0.6923076923076923,0.5909090909090909,0.3170731707317073,0.013555787278415022,0.4193548387096773,0.4198299675426878,0.19512195121951223
graph_065_mu_0_4_node_424,22,0.18614718614718614,0.0008774609942954906,0.3863109048723898,2.5885885885885886,0.020795147207446112,11.0,11.0,1.0,0.5,0.6470588235294118,0.011190233977619533,0.33333333333333326,0.3337354536038505,0.6470588235294118
graph_065_mu_0_4_node_425,19,0.07017543859649122,0.0008308885252079602,0.3842307692307692,2.6026026026026026,0.01714766378101739,5.0,14.0,0.35714285714285704,0.7368421052631577,0.777777777777778,0.014256619144602854,0.5833333333333334,0.58384484228474,0.2777777777777778
graph_065_mu_0_4_node_426,32,0.06666666666666667,0.0018345545681056614,0.4046172539489672,2.4714714714714714,0.029349799328514323,13.0,19.0,0.6842105263157895,0.59375,0.7916666666666665,0.019467213114754103,0.4222222222222223,0.42291669204933585,0.5
graph_065_mu_0_4_node_427,24,0.08695652173913043,0.0011061273305950302,0.3911511354737666,2.5565565565565564,0.022316458049327324,9.0,15.0,0.5999999999999998,0.625,0.8333333333333335,0.01527494908350305,0.45454545454545436,0.4550936400514296,0.5
graph_065_mu_0_4_node_428,36,0.14603174603174604,0.0020890752435181125,0.42728828058169377,2.34034034034034,0.04421467715575308,18.0,18.0,1.0,0.5,0.6206896551724139,0.01853759011328527,0.33333333333333326,0.33399151674711136,0.6206896551724139
graph_065_mu_0_4_node_429,18,0.0457516339869281,0.0006980704764004655,0.38735944164404806,2.5815815815815815,0.019434335198885776,5.0,13.0,0.38461538461538475,0.722222222222222,0.2549019607843137,0.013698630136986299,0.5652173913043478,0.5656923812564835,0.09803921568627454
graph_065_mu_0_4_node_430,39,0.08258258258258258,0.002724952724581532,0.4141791044776119,2.4144144144144146,0.03445240116884086,17.0,22.0,0.7727272727272727,0.564102564102564,0.9166666666666664,0.022540983606557374,0.39285714285714296,0.39366141279938177,0.6666666666666665
graph_065_mu_0_4_node_431,23,0.039525691699604744,0.001167364289409564,0.39832535885167464,2.5105105105105103,0.023409675307897657,4.0,19.0,0.21052631578947364,0.8260869565217388,0.5757575757575759,0.019648397104446748,0.7037037037037039,0.7043977169264822,0.06060606060606058
graph_065_mu_0_4_node_432,56,0.14046121593291405,0.0045740700975980325,0.4534725374489333,2.205205205205205,0.07872447372132063,27.0,29.0,0.9310344827586208,0.5178571428571431,0.9666666666666668,0.029896907216494847,0.34939759036144574,0.35045826846392913,0.8666666666666669
graph_065_mu_0_4_node_433,19,0.0935672514619883,0.0006582991523131861,0.39658594680428744,2.5215215215215214,0.026526590160620298,6.0,13.0,0.4615384615384616,0.6842105263157895,0.39393939393939387,0.013443640124095137,0.5199999999999998,0.5204750246647425,0.18181818181818182
graph_065_mu_0_4_node_434,20,0.06315789473684211,0.0007469739047263,0.3951740506329114,2.5305305305305303,0.025567546873216128,6.0,14.0,0.42857142857142855,0.6999999999999998,0.41176470588235303,0.01449275362318841,0.5384615384615384,0.5389730847930202,0.17647058823529405
graph_065_mu_0_4_node_435,29,0.09852216748768473,0.0015523608885789485,0.41625,2.4024024024024024,0.03703538567303157,12.0,17.0,0.7058823529411762,0.5862068965517241,0.5862068965517241,0.01750772399588054,0.41463414634146356,0.41525551408151257,0.41379310344827586
graph_065_mu_0_4_node_436,30,0.052873563218390804,0.0017546462021336927,0.408923454768727,2.4454454454454453,0.029228807508696938,11.0,19.0,0.5789473684210529,0.6333333333333331,0.3725490196078432,0.020021074815595362,0.46341463414634165,0.4641090024539103,0.21568627450980402
graph_065_mu_0_4_node_437,25,0.02666666666666667,0.0013456302261618436,0.4026602176541717,2.4834834834834836,0.02642904852110914,6.0,19.0,0.31578947368421056,0.7599999999999999,0.3725490196078432,0.020021074815595362,0.6129032258064517,0.613597340444964,0.11764705882352942
graph_065_mu_0_4_node_438,34,0.04634581105169341,0.002332275383882844,0.4251063829787234,2.3523523523523524,0.03782180659666084,9.0,25.0,0.36,0.7352941176470587,0.6756756756756757,0.025960539979231576,0.5813953488372092,0.582308657572094,0.21621621621621626
graph_065_mu_0_4_node_439,33,0.0625,0.002254872623583359,0.4111111111111111,2.4324324324324325,0.03064068046872605,14.0,19.0,0.7368421052631577,0.5757575757575759,0.7916666666666665,0.019467213114754103,0.404255319148936,0.4049498397469549,0.5833333333333334
graph_065_mu_0_4_node_440,21,0.08571428571428572,0.0008894916905880303,0.39377217185652347,2.5395395395395397,0.022055446978407004,7.0,14.0,0.5,0.6666666666666665,0.9333333333333335,0.01421319796954315,0.5,0.500511583717021,0.46666666666666673
graph_065_mu_0_4_node_441,23,0.08571428571428572,0.0009409951687496331,0.38482280431432975,2.5985985985985987,0.018036816229609988,11.0,12.0,0.9166666666666664,0.5217391304347825,0.5454545454545452,0.012269938650306752,0.3529411764705881,0.35337983709348636,0.45454545454545436
graph_065_mu_0_4_node_442,30,0.10582010582010581,0.0016706717692885093,0.40120481927710844,2.4924924924924925,0.026436463151724376,13.0,17.0,0.7647058823529413,0.5666666666666665,0.7727272727272727,0.017382413087934562,0.3953488372093022,0.3959702503759506,0.5454545454545452
graph_065_mu_0_4_node_443,47,0.09797979797979799,0.00364923154392748,0.43434782608695655,2.3023023023023024,0.04905303409684216,25.0,22.0,1.1363636363636365,0.46808510638297895,0.6666666666666665,0.02275077559462254,0.3055555555555554,0.30636029620959027,0.7272727272727273
graph_065_mu_0_4_node_444,25,0.03557312252964427,0.0011690807895862292,0.39690107270560193,2.5195195195195197,0.022785088960518108,9.0,16.0,0.5625,0.64,0.5333333333333332,0.01649484536082474,0.4705882352941177,0.4711729451318608,0.2666666666666666
graph_065_mu_0_4_node_445,33,0.07526881720430108,0.0019865456745853027,0.4062627084180561,2.4614614614614614,0.028814708767454213,11.0,22.0,0.5,0.6666666666666665,1.2941176470588236,0.022380467955239066,0.5,0.5008039172696046,0.5882352941176471
graph_065_mu_0_4_node_446,36,0.12834224598930483,0.0020601921406046535,0.4220532319391635,2.369369369369369,0.04083919702275779,16.0,20.0,0.8000000000000002,0.5555555555555556,0.7407407407407407,0.02055498458376156,0.38461538461538475,0.3853465391083289,0.5555555555555556
graph_065_mu_0_4_node_447,50,0.1356382978723404,0.0038825767942115797,0.44380275433140826,2.2532532532532534,0.06653700171604478,24.0,26.0,0.9230769230769232,0.5199999999999998,0.8666666666666669,0.02680412371134021,0.3513513513513515,0.35230219980073685,0.7666666666666668
graph_065_mu_0_4_node_448,40,0.18974358974358974,0.0023608593815038653,0.4274711168164313,2.339339339339339,0.05040082827138557,23.0,17.0,1.352941176470588,0.4249999999999999,0.5,0.017598343685300215,0.2698412698412698,0.27046313763949204,0.676470588235294
graph_065_mu_0_4_node_449,37,0.15765765765765766,0.0022130079031642256,0.42348452734209413,2.3613613613613613,0.0458085258713547,19.0,18.0,1.0555555555555556,0.48648648648648657,0.6206896551724139,0.01853759011328527,0.32142857142857145,0.3220868029798038,0.6551724137931033
graph_065_mu_0_4_node_450,27,0.11396011396011396,0.001416238100622753,0.4046172539489672,2.4714714714714714,0.027017252059324908,11.0,16.0,0.6875,0.5925925925925926,0.8421052631578946,0.0163098878695209,0.4210526315789473,0.42163742690058476,0.5789473684210529
graph_065_mu_0_4_node_451,37,0.08235294117647059,0.0025660633553801857,0.41992433795712486,2.3813813813813813,0.03649725045738853,17.0,20.0,0.8499999999999998,0.5405405405405405,0.8333333333333335,0.02049180327868853,0.37037037037037035,0.3711015783259129,0.6666666666666665
graph_065_mu_0_4_node_452,28,0.12169312169312169,0.0014047157606640037,0.40758873929008566,2.4534534534534536,0.031443012111577934,13.0,15.0,0.8666666666666669,0.5357142857142857,0.5555555555555556,0.015416238437821167,0.36585365853658547,0.366402004360018,0.4814814814814816
graph_065_mu_0_4_node_453,29,0.12315270935960591,0.0014898865957233417,0.4122988031366075,2.4254254254254253,0.038413424421521104,12.0,17.0,0.7058823529411762,0.5862068965517241,0.5,0.017598343685300215,0.41463414634146356,0.41525551408151257,0.3529411764705881
graph_065_mu_0_4_node_454,32,0.07258064516129033,0.002003892797864523,0.4070904645476773,2.4564564564564564,0.031099352042090137,11.0,21.0,0.5238095238095238,0.65625,0.875,0.02151639344262296,0.48837209302325585,0.48913949664101586,0.4583333333333332
graph_065_mu_0_4_node_455,28,0.2222222222222222,0.001151517931627591,0.3997599039615846,2.5015015015015014,0.03293331762380214,16.0,12.0,1.333333333333333,0.42857142857142855,0.5,0.012295081967213118,0.2727272727272726,0.27316609376142764,0.6666666666666665
graph_065_mu_0_4_node_456,30,0.14022988505747128,0.0015326499700672707,0.4114497528830313,2.4304304304304303,0.03734472750074851,13.0,17.0,0.7647058823529413,0.5666666666666665,0.5,0.017598343685300215,0.3953488372093022,0.3959702503759506,0.3823529411764707
graph_065_mu_0_4_node_457,41,0.11201079622132254,0.0025810206660503506,0.42875536480686693,2.3323323323323324,0.04827323702220835,22.0,19.0,1.1578947368421058,0.46341463414634165,0.5135135135135133,0.019730010384215995,0.30158730158730157,0.302282228619963,0.5675675675675675
graph_065_mu_0_4_node_458,42,0.0782051282051282,0.0031520095586171516,0.4334056399132321,2.3073073073073074,0.04608201095421361,18.0,24.0,0.75,0.5714285714285712,0.7058823529411762,0.024844720496894408,0.4000000000000001,0.4008773853915333,0.5
graph_065_mu_0_4_node_459,14,0.02197802197802198,0.00036751303779214114,0.376271186440678,2.6576576576576576,0.01470620228628903,4.0,10.0,0.4000000000000001,0.7142857142857141,0.19607843137254907,0.010537407797681772,0.5555555555555556,0.5559209457923284,0.05882352941176471
graph_065_mu_0_4_node_460,21,0.06666666666666667,0.0008548277341124861,0.3919183993723029,2.5515515515515514,0.022919560876074645,7.0,14.0,0.5,0.6666666666666665,0.5833333333333334,0.01434426229508196,0.5,0.500511583717021,0.2916666666666667
graph_065_mu_0_4_node_461,40,0.12802275960170698,0.002324562175213553,0.42528735632183906,2.3513513513513513,0.04987546187067312,20.0,20.0,1.0,0.5,0.6060606060606061,0.020682523267838683,0.33333333333333326,0.3340647017235915,0.5757575757575759
graph_065_mu_0_4_node_462,21,0.1619047619047619,0.0007200682424068489,0.38886726352666406,2.5715715715715715,0.024575376206129783,10.0,11.0,0.9090909090909087,0.5238095238095238,0.4400000000000001,0.011282051282051285,0.3548387096774193,0.35524080054995644,0.4000000000000001
graph_065_mu_0_4_node_463,23,0.04285714285714286,0.0010708287154669771,0.39238020424194814,2.5485485485485486,0.019175535628422082,7.0,16.0,0.4375,0.6956521739130432,1.1428571428571423,0.016227180527383367,0.5333333333333332,0.53391795771217,0.42857142857142855
graph_065_mu_0_4_node_464,33,0.13548387096774195,0.0016878025283734023,0.4128099173553719,2.4224224224224224,0.03698770031321522,16.0,17.0,0.9411764705882354,0.5151515151515154,0.5862068965517241,0.01750772399588054,0.34693877551020413,0.34756032499651174,0.5172413793103449
graph_065_mu_0_4_node_465,26,0.15217391304347827,0.0010958606269092916,0.391304347826087,2.5555555555555554,0.02264209439561041,13.0,13.0,1.0,0.5,0.7647058823529413,0.013224821973550353,0.33333333333333326,0.3338086011284564,0.7058823529411762
graph_065_mu_0_4_node_466,26,0.15692307692307692,0.0011847249426697824,0.4033104561970125,2.4794794794794797,0.036826146957409926,11.0,15.0,0.7333333333333332,0.5769230769230768,0.5,0.015463917525773198,0.4054054054054053,0.40595367105838975,0.3666666666666666
graph_065_mu_0_4_node_467,22,0.03463203463203463,0.0010009404114288956,0.4079216006533279,2.4514514514514514,0.02659862161029708,4.0,18.0,0.2222222222222223,0.8181818181818182,0.3529411764705881,0.018967334035827187,0.6923076923076923,0.692965202535629,0.07843137254901958
graph_065_mu_0_4_node_468,26,0.11384615384615385,0.0012479311536422125,0.3981666002391391,2.5115115115115114,0.026361501299678344,12.0,14.0,0.8571428571428571,0.5384615384615384,0.5833333333333334,0.01434426229508196,0.36842105263157887,0.36893282335829347,0.5
graph_065_mu_0_4_node_469,36,0.16825396825396827,0.0020240140323831905,0.4193954659949622,2.3843843843843846,0.04485346310611719,18.0,18.0,1.0,0.5,0.5294117647058824,0.018633540372670808,0.33333333333333326,0.33399151674711136,0.5294117647058824
graph_065_mu_0_4_node_470,25,0.10333333333333333,0.0011385323778267732,0.404126213592233,2.4744744744744747,0.03159004596619225,8.0,17.0,0.4705882352941177,0.6799999999999998,0.5151515151515154,0.017580144777662874,0.5151515151515154,0.5157727012515626,0.24242424242424232
graph_065_mu_0_4_node_471,20,0.06842105263157895,0.0008590250413687472,0.39346199291059475,2.5415415415415414,0.022491641087786562,7.0,13.0,0.5384615384615384,0.6500000000000002,0.3513513513513515,0.013499480789200408,0.4814814814814816,0.48195654086390427,0.16216216216216225
graph_065_mu_0_4_node_472,35,0.11260504201680673,0.0021725732175888616,0.42045454545454547,2.3783783783783785,0.04870152252402856,13.0,22.0,0.5909090909090909,0.6285714285714284,0.7333333333333332,0.02268041237113401,0.4583333333333332,0.4591373681261117,0.43333333333333346
graph_065_mu_0_4_node_473,21,0.05238095238095238,0.0009242722226943514,0.3964285714285714,2.5225225225225225,0.022915607947626742,5.0,16.0,0.3125,0.7619047619047622,0.6666666666666665,0.016393442622950814,0.6153846153846152,0.6159691543295226,0.20833333333333337
graph_065_mu_0_4_node_474,32,0.09195402298850575,0.0017830718888507213,0.4128099173553719,2.4224224224224224,0.03422733615624821,14.0,18.0,0.777777777777778,0.5625,0.6666666666666665,0.018499486125385402,0.3913043478260869,0.39196233876043424,0.4814814814814816
graph_065_mu_0_4_node_475,23,0.06719367588932806,0.001117470250759504,0.3991210547343188,2.5055055055055053,0.02470227929741842,4.0,19.0,0.21052631578947364,0.8260869565217388,0.404255319148936,0.019937040923399783,0.7037037037037039,0.7043977169264822,0.08510638297872337
graph_065_mu_0_4_node_476,17,0.051470588235294115,0.0005862667008059382,0.38497109826589593,2.5975975975975976,0.018059586605507993,4.0,13.0,0.3076923076923076,0.7647058823529413,0.3513513513513515,0.013499480789200408,0.6190476190476188,0.6195225742922208,0.10810810810810813
graph_065_mu_0_4_node_477,33,0.09659090909090909,0.0019402929987777354,0.41607663473552686,2.4034034034034035,0.03736023242351605,12.0,21.0,0.5714285714285712,0.6363636363636365,0.7241379310344828,0.021627188465499485,0.46666666666666673,0.46743412637503207,0.41379310344827586
graph_065_mu_0_4_node_478,39,0.1282051282051282,0.002675353679263085,0.43060344827586206,2.3223223223223224,0.04705727419874053,16.0,23.0,0.6956521739130432,0.5897435897435896,0.7931034482758619,0.023686920700308964,0.41818181818181804,0.4190225536425778,0.5517241379310346
graph_065_mu_0_4_node_479,15,0.06666666666666667,0.00046495837012064666,0.3776937618147448,2.6476476476476476,0.01705640341384048,4.0,11.0,0.36363636363636365,0.7333333333333332,0.3235294117647059,0.011387163561076604,0.5789473684210529,0.5793492829959366,0.11764705882352942
graph_065_mu_0_4_node_480,26,0.07692307692307693,0.0012279642854077747,0.4095940959409594,2.4414414414414414,0.03313101421919619,9.0,17.0,0.5294117647058824,0.6538461538461539,0.3695652173913044,0.017819706498951784,0.4857142857142857,0.48633551721437684,0.19565217391304346
graph_065_mu_0_4_node_481,24,0.03985507246376811,0.0012756469063877928,0.40428976123027116,2.4734734734734736,0.026514904283572074,6.0,18.0,0.33333333333333326,0.75,0.48648648648648657,0.018691588785046724,0.5999999999999998,0.6006576063130206,0.16216216216216225
graph_065_mu_0_4_node_482,34,0.10483870967741936,0.0017958881702766164,0.4169449081803005,2.3983983983983985,0.03906347835782029,14.0,20.0,0.6999999999999998,0.5882352941176471,0.5555555555555556,0.020746887966804975,0.41666666666666674,0.4173977142578647,0.361111111111111
graph_065_mu_0_4_node_483,26,0.07692307692307693,0.0013437486050965595,0.40396279822078446,2.4754754754754753,0.029064029089525944,6.0,20.0,0.2999999999999999,0.7692307692307695,0.8333333333333335,0.02049180327868853,0.625,0.625730620296632,0.25
graph_065_mu_0_4_node_484,21,0.06666666666666667,0.0009380658553398712,0.39737470167064437,2.5165165165165164,0.023118714963929123,6.0,15.0,0.4000000000000001,0.7142857142857141,0.8333333333333335,0.01527494908350305,0.5555555555555556,0.5561036208849428,0.33333333333333326
graph_065_mu_0_4_node_485,24,0.09090909090909091,0.0009444671710311855,0.3920722135007849,2.5505505505505504,0.023418915677632532,12.0,12.0,1.0,0.5,0.2553191489361702,0.012591815320041971,0.33333333333333326,0.33377202602910006,0.23404255319148948
graph_065_mu_0_4_node_486,24,0.08695652173913043,0.0011210163524099021,0.404126213592233,2.4744744744744747,0.027865363781921025,8.0,16.0,0.5,0.6666666666666665,0.4324324324324325,0.0166147455867082,0.5,0.5005846671051672,0.21621621621621626
graph_065_mu_0_4_node_487,33,0.12878787878787878,0.0020220048953469827,0.42312579415501905,2.3633633633633635,0.035363045348809005,16.0,17.0,0.9411764705882354,0.5151515151515154,0.7083333333333334,0.017418032786885248,0.34693877551020413,0.34756032499651174,0.6666666666666665
graph_065_mu_0_4_node_488,24,0.23550724637681159,0.0008061923509711495,0.3958003169572108,2.5265265265265264,0.03105552545135975,13.0,11.0,1.1818181818181819,0.4583333333333332,0.3793103448275863,0.011328527291452116,0.29729729729729737,0.2976994763766729,0.44827586206896536
graph_065_mu_0_4_node_489,40,0.16358463726884778,0.0024508764945499538,0.42098609355246525,2.3753753753753752,0.04327579911096352,21.0,19.0,1.1052631578947367,0.47499999999999987,0.7916666666666665,0.019467213114754103,0.31147540983606564,0.31217028603838426,0.8333333333333335
graph_065_mu_0_4_node_490,45,0.08416389811738649,0.0034228334818776317,0.4428191489361702,2.2582582582582584,0.055670729769949155,22.0,23.0,0.956521739130435,0.5111111111111111,0.5,0.024109014675052408,0.3432835820895522,0.3441246864962079,0.45652173913043465
graph_065_mu_0_4_node_491,42,0.15331010452961671,0.00279402418138425,0.4317199654278306,2.3163163163163163,0.054182872451485654,20.0,22.0,0.9090909090909087,0.5238095238095238,0.6470588235294118,0.022774327122153208,0.3548387096774193,0.35564315607203684,0.5882352941176471
graph_065_mu_0_4_node_492,23,0.1225296442687747,0.0008921506079863793,0.40120481927710844,2.4924924924924925,0.03119672041875423,9.0,14.0,0.6428571428571429,0.608695652173913,0.42424242424242414,0.014477766287487072,0.4375,0.43801165850449525,0.2727272727272726
graph_065_mu_0_4_node_493,52,0.08489795918367347,0.0046258371308720726,0.44223107569721115,2.2612612612612613,0.05530624260965314,24.0,28.0,0.8571428571428571,0.5384615384615384,0.7567567567567568,0.02907580477673936,0.36842105263157887,0.3694449683779403,0.6216216216216217
graph_065_mu_0_4_node_494,24,0.11255411255411256,0.000836097612293201,0.38992974238875877,2.5645645645645647,0.025828953146395946,10.0,14.0,0.7142857142857141,0.5833333333333334,0.41176470588235303,0.01449275362318841,0.41176470588235303,0.4122764017887856,0.2647058823529412
graph_065_mu_0_4_node_495,21,0.10476190476190476,0.0009299220454479289,0.39161113288906313,2.5535535535535536,0.022392290269881963,9.0,12.0,0.75,0.5714285714285712,0.3529411764705881,0.012422360248447204,0.4000000000000001,0.40043859649122815,0.2647058823529412
graph_065_mu_0_4_node_496,16,0.041666666666666664,0.0005855599071432011,0.3768389287061486,2.6536536536536537,0.014354349970168736,4.0,12.0,0.33333333333333326,0.75,0.33333333333333326,0.01244813278008299,0.5999999999999998,0.6004384362440629,0.08333333333333331
graph_065_mu_0_4_node_497,26,0.11692307692307692,0.0013084793426721185,0.4064279902359642,2.4604604604604603,0.027558952568949645,12.0,14.0,0.8571428571428571,0.5384615384615384,0.297872340425532,0.014690451206715636,0.36842105263157887,0.36893282335829347,0.2553191489361702
graph_065_mu_0_4_node_498,22,0.017316017316017316,0.0011530946100356723,0.39564356435643566,2.5275275275275275,0.02141164649055095,3.0,19.0,0.15789473684210528,0.8636363636363634,0.5277777777777778,0.019709543568464723,0.7599999999999999,0.7606939625260234,0.05555555555555557
graph_065_mu_0_4_node_499,16,0.05,0.0005898894357870709,0.38188073394495414,2.6186186186186187,0.015481107722547393,4.0,12.0,0.33333333333333326,0.75,0.33333333333333326,0.01244813278008299,0.5999999999999998,0.6004384362440629,0.08333333333333331
graph_065_mu_0_4_node_500,25,0.09,0.0011662455584097757,0.4034733441033926,2.4784784784784786,0.03087852362733903,9.0,16.0,0.5625,0.64,0.5517241379310346,0.0164778578784758,0.4705882352941177,0.4711729451318608,0.31034482758620696
graph_065_mu_0_4_node_501,19,0.3508771929824561,0.00037344789726835104,0.383199079401611,2.6096096096096097,0.0255202733563885,13.0,6.0,2.166666666666667,0.31578947368421056,0.18181818181818182,0.0062047569803516025,0.1875,0.1877194105170775,0.39393939393939387
graph_065_mu_0_4_node_502,26,0.07384615384615385,0.0013701546300883911,0.40478119935170176,2.4704704704704703,0.029187239541452113,8.0,18.0,0.4444444444444446,0.6923076923076923,0.6666666666666665,0.018499486125385402,0.5294117647058824,0.5300694671320735,0.2962962962962963
graph_065_mu_0_4_node_503,20,0.02631578947368421,0.0009120338955892688,0.390539483971853,2.5605605605605604,0.019942893232692983,5.0,15.0,0.33333333333333326,0.75,0.3191489361702127,0.01573976915005246,0.5999999999999998,0.600548025282233,0.06382978723404255
graph_065_mu_0_4_node_504,27,0.14814814814814814,0.0012942353806786196,0.40775510204081633,2.4524524524524525,0.03271136006045354,12.0,15.0,0.8000000000000002,0.5555555555555556,0.45454545454545436,0.015511892450879004,0.38461538461538475,0.3851636903506626,0.36363636363636365
graph_065_mu_0_4_node_505,16,0.03333333333333333,0.0006449547538491746,0.378839590443686,2.6396396396396398,0.01392715817213319,2.0,14.0,0.1428571428571428,0.875,0.297872340425532,0.014690451206715636,0.777777777777778,0.7782891746217288,0.0
graph_065_mu_0_4_node_506,20,0.11052631578947368,0.0007436731452464205,0.39238020424194814,2.5485485485485486,0.022751737264048884,8.0,12.0,0.6666666666666665,0.5999999999999998,0.41379310344827586,0.012358393408856852,0.42857142857142855,0.429009993003853,0.2758620689655173
graph_065_mu_0_4_node_507,25,0.09,0.0013615987252689758,0.40379951495553756,2.4764764764764764,0.029157323757115425,8.0,17.0,0.4705882352941177,0.6799999999999998,0.5862068965517241,0.01750772399588054,0.5151515151515154,0.5157727012515626,0.2758620689655173
graph_065_mu_0_4_node_508,25,0.10666666666666667,0.0010988197998714265,0.4023358840112767,2.4854854854854853,0.027564444917720633,11.0,14.0,0.7857142857142859,0.5600000000000003,0.388888888888889,0.014522821576763488,0.388888888888889,0.38940062220272775,0.2777777777777778
graph_065_mu_0_4_node_509,25,0.11333333333333333,0.0011930437472443213,0.40379951495553756,2.4764764764764764,0.028941390341502126,9.0,16.0,0.5625,0.64,0.5517241379310346,0.0164778578784758,0.4705882352941177,0.4711729451318608,0.31034482758620696
graph_065_mu_0_4_node_510,15,0.01904761904761905,0.0004964190440803718,0.3784090909090909,2.6426426426426426,0.01484152661611448,3.0,12.0,0.25,0.8000000000000002,0.6666666666666665,0.012219959266802444,0.6666666666666665,0.6671050708753471,0.11111111111111115
graph_065_mu_0_4_node_511,19,0.06432748538011696,0.0007116583030362509,0.390234375,2.5625625625625625,0.020653228182461906,7.0,12.0,0.5833333333333334,0.6315789473684211,0.23529411764705885,0.01264488935721813,0.4615384615384616,0.46197699391676905,0.11764705882352942
graph_065_mu_0_4_node_512,24,0.08333333333333333,0.001331259655463777,0.39346199291059475,2.5415415415415414,0.02193469939618189,9.0,15.0,0.5999999999999998,0.625,0.3191489361702127,0.01573976915005246,0.45454545454545436,0.4550936400514296,0.17021276595744675
graph_065_mu_0_4_node_513,19,0.029239766081871343,0.0008366744264824748,0.3854166666666667,2.5945945945945947,0.017217931222180655,5.0,14.0,0.35714285714285704,0.7368421052631577,0.297872340425532,0.014690451206715636,0.5833333333333334,0.58384484228474,0.06382978723404255
graph_065_mu_0_4_node_514,36,0.08253968253968254,0.0024242000604156036,0.43060344827586206,2.3223223223223224,0.04536556681573746,10.0,26.0,0.38461538461538475,0.722222222222222,0.8965517241379307,0.026776519052523165,0.5652173913043478,0.5661672670898221,0.3448275862068967
graph_065_mu_0_4_node_515,55,0.04862119013062409,0.005660963837939584,0.4532667876588022,2.206206206206206,0.05662765150735128,23.0,32.0,0.71875,0.5818181818181819,0.9696969696969693,0.03309203722854188,0.4102564102564104,0.4114263429852782,0.6666666666666665
graph_065_mu_0_4_node_516,27,0.10541310541310542,0.001327849737143752,0.4062627084180561,2.4614614614614614,0.0323789452603645,11.0,16.0,0.6875,0.5925925925925926,0.5925925925925926,0.01644398766700925,0.4210526315789473,0.42163742690058476,0.4074074074074074
graph_065_mu_0_4_node_517,51,0.11989795918367346,0.0038585655752457794,0.4424269264836138,2.26026026026026,0.060245986665434154,30.0,21.0,1.4285714285714282,0.41176470588235303,0.45652173913043465,0.0220125786163522,0.2592592592592592,0.2600277300024802,0.6304347826086956
graph_065_mu_0_4_node_518,32,0.1103448275862069,0.001874859477345542,0.4134933774834437,2.4184184184184185,0.0316998712318467,13.0,19.0,0.6842105263157895,0.59375,1.1176470588235292,0.019328585961342827,0.4222222222222223,0.42291669204933585,0.7058823529411762
graph_065_mu_0_4_node_519,39,0.17417417417417416,0.002181947934382848,0.41625,2.4024024024024024,0.0430521629423851,21.0,18.0,1.1666666666666667,0.4615384615384616,0.72,0.018461538461538467,0.2999999999999999,0.3006583278472679,0.8000000000000002
graph_065_mu_0_4_node_520,25,0.1225296442687747,0.0009363349886745977,0.3920722135007849,2.5505505505505504,0.02375954387806174,12.0,13.0,0.9230769230769232,0.5199999999999998,0.6842105263157895,0.013251783893985734,0.3513513513513515,0.3518265843983262,0.5789473684210529
graph_065_mu_0_4_node_521,26,0.10153846153846154,0.0014349146857136504,0.4004008016032064,2.4974974974974975,0.024869903207023165,10.0,16.0,0.625,0.6153846153846152,0.6666666666666665,0.016393442622950814,0.4444444444444446,0.4450291970210103,0.41666666666666674
graph_065_mu_0_4_node_522,32,0.1693548387096774,0.0017091692735186107,0.40976210008203445,2.4404404404404403,0.03465172693666545,17.0,15.0,1.133333333333333,0.46875,0.5172413793103449,0.015447991761071062,0.3061224489795918,0.3066709552142794,0.5862068965517241
graph_065_mu_0_4_node_523,17,0.04411764705882353,0.0006778386383382295,0.38616157711635096,2.5895895895895897,0.018468568148381933,3.0,14.0,0.21428571428571427,0.8235294117647061,0.41176470588235303,0.01449275362318841,0.6999999999999998,0.7005114342076422,0.05882352941176471
graph_065_mu_0_4_node_524,24,0.04329004329004329,0.0010780817968124368,0.39658594680428744,2.5215215215215214,0.022892191350888772,8.0,16.0,0.5,0.6666666666666665,0.39024390243902446,0.016684045881126177,0.5,0.5005846671051672,0.17073170731707318
graph_065_mu_0_4_node_525,17,0.03676470588235294,0.0007707561345229089,0.38071646341463417,2.6266266266266265,0.015169753191066705,3.0,14.0,0.21428571428571427,0.8235294117647061,0.6363636363636365,0.01431492842535787,0.6999999999999998,0.7005114342076422,0.1363636363636363
graph_065_mu_0_4_node_526,21,0.12280701754385964,0.0006449084419093568,0.38571428571428573,2.5925925925925926,0.020805554325804516,12.0,9.0,1.333333333333333,0.42857142857142855,0.24324324324324328,0.009345794392523362,0.2727272727272726,0.27305632833767085,0.29729729729729737
graph_065_mu_0_4_node_527,50,0.14095744680851063,0.0035546580814294513,0.43681679055531264,2.289289289289289,0.05688154729660073,28.0,22.0,1.272727272727273,0.4400000000000001,0.6666666666666665,0.02275077559462254,0.282051282051282,0.2828561993643217,0.8181818181818182
graph_065_mu_0_4_node_528,33,0.07007575757575757,0.002121317398248537,0.42045454545454547,2.3783783783783785,0.037871936718978115,12.0,21.0,0.5714285714285712,0.6363636363636365,0.45652173913043465,0.0220125786163522,0.46666666666666673,0.46743412637503207,0.26086956521739124
graph_065_mu_0_4_node_529,20,0.14736842105263157,0.0008056143397474744,0.3781226343679031,2.6446446446446448,0.015680912166394344,9.0,11.0,0.8181818181818182,0.5499999999999999,0.6875,0.011178861788617886,0.3793103448275863,0.3797124063064414,0.5625
graph_065_mu_0_4_node_530,23,0.15019762845849802,0.0007929497651675849,0.399919935948759,2.5005005005005003,0.03085336956039191,11.0,12.0,0.9166666666666664,0.5217391304347825,0.26086956521739124,0.012578616352201257,0.3529411764705881,0.35337983709348636,0.23913043478260876
graph_065_mu_0_4_node_531,41,0.14390243902439023,0.0025748251408508043,0.42258883248730966,2.3663663663663663,0.04698868783601553,25.0,16.0,1.5625,0.39024390243902446,0.3478260869565216,0.016771488469601685,0.24242424242424232,0.2430096368337259,0.5434782608695653
graph_065_mu_0_4_node_532,31,0.15270935960591134,0.0013544832279502427,0.4033104561970125,2.4794794794794797,0.03597676078006606,17.0,14.0,1.2142857142857142,0.4516129032258062,0.41176470588235303,0.01449275362318841,0.2916666666666667,0.29217862453984733,0.4705882352941177
graph_065_mu_0_4_node_533,27,0.05128205128205128,0.0015648342950826959,0.40396279822078446,2.4754754754754753,0.02658280081038287,9.0,18.0,0.5,0.6666666666666665,0.43902439024390266,0.018769551616266946,0.5,0.500657750493313,0.21951219512195133
graph_065_mu_0_4_node_534,22,0.047619047619047616,0.001043181969036441,0.3908450704225352,2.5585585585585586,0.021279082901108262,8.0,14.0,0.5714285714285712,0.6363636363636365,0.34146341463414637,0.014598540145985404,0.46666666666666673,0.4671782877746918,0.17073170731707318
graph_065_mu_0_4_node_535,32,0.09274193548387097,0.0022611642923465966,0.4104354971240756,2.4364364364364364,0.028374160211787364,13.0,19.0,0.6842105263157895,0.59375,0.8636363636363634,0.019427402862985686,0.4222222222222223,0.42291669204933585,0.5909090909090909
graph_065_mu_0_4_node_536,31,0.18719211822660098,0.001423630622167185,0.4049452776651804,2.4694694694694697,0.030373641794640402,17.0,14.0,1.2142857142857142,0.4516129032258062,0.8235294117647061,0.014242115971515762,0.2916666666666667,0.29217862453984733,0.9411764705882354
graph_065_mu_0_4_node_537,20,0.06315789473684211,0.0007754946572434335,0.39501779359430605,2.5315315315315314,0.02313817263008042,6.0,14.0,0.42857142857142855,0.6999999999999998,0.27450980392156854,0.014752370916754472,0.5384615384615384,0.5389730847930202,0.11764705882352942
graph_065_mu_0_4_node_538,25,0.06333333333333334,0.0014008086080714336,0.3914576802507837,2.5545545545545547,0.02048375401549515,8.0,17.0,0.4705882352941177,0.6799999999999998,1.0625,0.017276422764227643,0.5151515151515154,0.5157727012515626,0.5
graph_065_mu_0_4_node_539,49,0.1026827012025902,0.0037181174007903574,0.4385425812115891,2.28028028028028,0.05597178202750282,25.0,24.0,1.0416666666666665,0.48979591836734687,0.5217391304347825,0.025157232704402514,0.3243243243243245,0.32520215899879407,0.5217391304347825
graph_065_mu_0_4_node_540,24,0.06884057971014493,0.0011486063335498994,0.39564356435643566,2.5275275275275275,0.02449541238079174,7.0,17.0,0.41176470588235303,0.7083333333333334,0.5666666666666665,0.017525773195876282,0.5483870967741937,0.5490082374808323,0.20000000000000004
graph_065_mu_0_4_node_541,18,0.05228758169934641,0.0007738804323976907,0.38188073394495414,2.6186186186186187,0.016481164879329015,5.0,13.0,0.38461538461538475,0.722222222222222,0.7647058823529413,0.013224821973550353,0.5652173913043478,0.5656923812564835,0.29411764705882354
graph_065_mu_0_4_node_542,34,0.08021390374331551,0.0022595778404857006,0.4185169669040637,2.3893893893893896,0.03902687901275663,14.0,20.0,0.6999999999999998,0.5882352941176471,0.4347826086956522,0.02096436058700209,0.41666666666666674,0.4173977142578647,0.3043478260869565
graph_065_mu_0_4_node_543,26,0.09846153846153846,0.0012279661422264314,0.4028225806451613,2.4824824824824825,0.03099773673368267,12.0,14.0,0.8571428571428571,0.5384615384615384,0.3043478260869565,0.014675052410901472,0.36842105263157887,0.36893282335829347,0.26086956521739124
graph_065_mu_0_4_node_544,28,0.12698412698412698,0.0014544851036079024,0.4095940959409594,2.4414414414414414,0.03454277945838876,11.0,17.0,0.6470588235294118,0.6071428571428571,0.6799999999999998,0.017435897435897435,0.43589743589743607,0.43651875821752656,0.4400000000000001
graph_065_mu_0_4_node_545,24,0.11231884057971014,0.0010258450383568041,0.4008828250401284,2.4944944944944947,0.025723265467047157,12.0,12.0,1.0,0.5,0.3243243243243245,0.012461059190031152,0.33333333333333326,0.33377202602910006,0.3243243243243245
graph_065_mu_0_4_node_546,33,0.21022727272727273,0.0015427659474834497,0.4141791044776119,2.4144144144144146,0.0485091252489781,19.0,14.0,1.3571428571428577,0.42424242424242414,0.46666666666666673,0.014432989690721652,0.2692307692307692,0.2697428020008665,0.6333333333333331
graph_065_mu_0_4_node_547,62,0.11751412429378531,0.005969721270241784,0.46121883656509693,2.1681681681681684,0.08382442062449567,28.0,34.0,0.8235294117647061,0.5483870967741937,1.133333333333333,0.035051546391752564,0.3777777777777778,0.3790211949808206,0.9000000000000002
graph_065_mu_0_4_node_548,21,0.13333333333333333,0.0007570420515845734,0.3893219017926734,2.5685685685685686,0.022086133432290087,8.0,13.0,0.6153846153846152,0.6190476190476188,0.722222222222222,0.013238289205702643,0.44827586206896536,0.44875095617414396,0.4444444444444446
graph_065_mu_0_4_node_549,42,0.09175377468060394,0.0030252213989616816,0.43397046046915727,2.304304304304304,0.049423263616054626,19.0,23.0,0.8260869565217388,0.5476190476190476,0.6216216216216217,0.02388369678089304,0.3770491803278687,0.3778901002211086,0.5135135135135133
graph_065_mu_0_4_node_550,38,0.10158730158730159,0.0025214243759709948,0.4192194712547209,2.3853853853853852,0.036531988497265695,18.0,20.0,0.9000000000000002,0.5263157894736842,1.0526315789473684,0.02038735983690112,0.35714285714285704,0.3578741185688168,0.8947368421052634
graph_065_mu_0_4_node_551,26,0.10144927536231885,0.0011096830273168309,0.3948616600790514,2.5325325325325325,0.027057291834078505,11.0,15.0,0.7333333333333332,0.5769230769230768,0.5172413793103449,0.015447991761071062,0.4054054054054053,0.40595367105838975,0.3448275862068967
graph_065_mu_0_4_node_552,32,0.14482758620689656,0.0015807314783918437,0.4062627084180561,2.4614614614614614,0.033121699297304436,14.0,18.0,0.777777777777778,0.5625,1.0,0.018329938900203673,0.3913043478260869,0.39196233876043424,0.722222222222222
graph_065_mu_0_4_node_553,19,0.07602339181286549,0.0006846360730151189,0.3881118881118881,2.5765765765765765,0.020875585846161962,6.0,13.0,0.4615384615384616,0.6842105263157895,0.5199999999999998,0.013333333333333334,0.5199999999999998,0.5204750246647425,0.2400000000000001
graph_065_mu_0_4_node_554,32,0.12903225806451613,0.0018917922912159277,0.41366459627329194,2.4174174174174174,0.03527340927513066,15.0,17.0,0.8823529411764709,0.53125,0.5862068965517241,0.01750772399588054,0.3617021276595746,0.3623236316993506,0.5172413793103449
graph_065_mu_0_4_node_555,30,0.09523809523809523,0.0013955052798149403,0.4143508917461634,2.4134134134134135,0.035925165851965375,11.0,19.0,0.5789473684210529,0.6333333333333331,0.4130434782608694,0.019916142557652002,0.46341463414634165,0.4641090024539103,0.2173913043478261
graph_065_mu_0_4_node_556,16,0.041666666666666664,0.0005387880487263089,0.38408304498269896,2.6036036036036037,0.01793780238487229,4.0,12.0,0.33333333333333326,0.75,0.2926829268292682,0.012513034410844635,0.5999999999999998,0.6004384362440629,0.07317073170731705
graph_065_mu_0_4_node_557,49,0.1322849213691027,0.0036639587371457842,0.44125441696113077,2.2662662662662663,0.060241618629648566,24.0,25.0,0.9600000000000004,0.5102040816326533,0.8620689655172417,0.02574665293511844,0.3424657534246575,0.34338006421718215,0.7931034482758619
graph_065_mu_0_4_node_558,18,0.06535947712418301,0.0008028540853481557,0.3911511354737666,2.5565565565565564,0.019342579011881137,6.0,12.0,0.5,0.6666666666666665,0.7058823529411762,0.012207527975584944,0.5,0.5004385003288753,0.3529411764705881
graph_065_mu_0_4_node_559,23,0.08095238095238096,0.0009402472249630774,0.38917023763147646,2.5695695695695697,0.019210591337871803,9.0,14.0,0.6428571428571429,0.608695652173913,0.9333333333333335,0.01421319796954315,0.4375,0.43801165850449525,0.5333333333333332
graph_065_mu_0_4_node_560,50,0.10693877551020409,0.004393176665495212,0.44008810572687224,2.2722722722722724,0.05779180361760235,23.0,27.0,0.8518518518518517,0.54,0.8181818181818182,0.02792140641158221,0.36986301369863017,0.3708503249210677,0.6969696969696971
graph_065_mu_0_4_node_561,20,0.1,0.0008398240421842978,0.3864603481624758,2.5875875875875876,0.018676949562445862,7.0,13.0,0.5384615384615384,0.6500000000000002,0.8666666666666669,0.013197969543147205,0.4814814814814816,0.48195654086390427,0.46666666666666673
graph_065_mu_0_4_node_562,37,0.08067226890756303,0.0022742618222282014,0.4164235097957482,2.4014014014014013,0.03637642837783775,19.0,18.0,1.0555555555555556,0.48648648648648657,0.48648648648648657,0.018691588785046724,0.32142857142857145,0.3220868029798038,0.48648648648648657
graph_065_mu_0_4_node_563,18,0.20915032679738563,0.000518572581388264,0.38086160884483417,2.625625625625626,0.017780258475065907,10.0,8.0,1.25,0.4444444444444446,0.4210526315789473,0.00815494393476045,0.2857142857142856,0.28600674751146343,0.5263157894736842
graph_065_mu_0_4_node_564,29,0.1737891737891738,0.0013031335165917843,0.3906922174423152,2.5595595595595597,0.02316817063026313,15.0,14.0,1.0714285714285714,0.482758620689655,0.8235294117647061,0.014242115971515762,0.31818181818181823,0.3186937011799901,0.8235294117647061
graph_065_mu_0_4_node_565,50,0.05230496453900709,0.004460698419145406,0.4475806451612903,2.234234234234234,0.05011771385186515,23.0,27.0,0.8518518518518517,0.54,0.5294117647058824,0.02845100105374077,0.36986301369863017,0.3708503249210677,0.43137254901960803
graph_065_mu_0_4_node_566,27,0.23076923076923078,0.0009531266198180193,0.40478119935170176,2.4704704704704703,0.04101070143347268,15.0,12.0,1.25,0.4444444444444446,0.4000000000000001,0.01237113402061856,0.2857142857142856,0.2861530746568043,0.5
graph_065_mu_0_4_node_567,37,0.06006006006006006,0.002647313148985748,0.42366412213740456,2.3603603603603602,0.03643224801203679,21.0,16.0,1.3125,0.4324324324324325,0.3137254901960783,0.016859852476290824,0.2758620689655173,0.2764472920818304,0.39215686274509814
graph_065_mu_0_4_node_568,27,0.22,0.0009162304971118704,0.39880239520958083,2.5075075075075075,0.033272106415920835,16.0,11.0,1.4545454545454546,0.4074074074074074,0.3793103448275863,0.011328527291452116,0.2558139534883721,0.2562162208132945,0.5172413793103449
graph_065_mu_0_4_node_569,16,0.008333333333333333,0.0005981778233139631,0.3824655436447167,2.6146146146146148,0.017164919950080387,2.0,14.0,0.1428571428571428,0.875,0.8235294117647061,0.014242115971515762,0.777777777777778,0.7782891746217288,0.0
graph_065_mu_0_4_node_570,30,0.19310344827586207,0.0012975724888039948,0.4102669404517454,2.4374374374374375,0.039458555611051604,17.0,13.0,1.3076923076923077,0.43333333333333346,0.3823529411764707,0.013457556935817802,0.27659574468085113,0.2770711515193956,0.5
graph_065_mu_0_4_node_571,20,0.042105263157894736,0.0008907820618493467,0.38601236476043277,2.5905905905905904,0.017702672787275768,6.0,14.0,0.42857142857142855,0.6999999999999998,0.777777777777778,0.014256619144602854,0.5384615384615384,0.5389730847930202,0.33333333333333326
graph_065_mu_0_4_node_572,24,0.0735930735930736,0.000995557330936996,0.38962558502340094,2.5665665665665665,0.022996902510105024,8.0,16.0,0.5,0.6666666666666665,0.7272727272727273,0.016359918200409,0.5,0.5005846671051672,0.31818181818181823
graph_065_mu_0_4_node_573,24,0.2246376811594203,0.0007642402844888762,0.3994402239104358,2.5035035035035036,0.03345737536522467,13.0,11.0,1.1818181818181819,0.4583333333333332,0.3793103448275863,0.011328527291452116,0.29729729729729737,0.2976994763766729,0.44827586206896536
graph_065_mu_0_4_node_574,24,0.06884057971014493,0.001165598589169659,0.3984842441164739,2.5095095095095097,0.02472442931851314,9.0,15.0,0.5999999999999998,0.625,0.3191489361702127,0.01573976915005246,0.45454545454545436,0.4550936400514296,0.19148936170212763
graph_065_mu_0_4_node_575,18,0.09803921568627451,0.0006150052089711576,0.3885647607934656,2.5735735735735736,0.021754511688273002,6.0,12.0,0.5,0.6666666666666665,0.41379310344827586,0.012358393408856852,0.5,0.5004385003288753,0.20689655172413793
graph_065_mu_0_4_node_576,22,0.0735930735930736,0.0009578825318965723,0.38962558502340094,2.5665665665665665,0.025057126771453244,8.0,14.0,0.5714285714285712,0.6363636363636365,0.3043478260869565,0.014675052410901472,0.46666666666666673,0.4671782877746918,0.15217391304347824
graph_065_mu_0_4_node_577,21,0.0380952380952381,0.0010131206641009695,0.3994402239104358,2.5035035035035036,0.021948871452077676,4.0,17.0,0.23529411764705885,0.8095238095238098,0.33333333333333326,0.01791359325605901,0.6799999999999998,0.6806210045662103,0.05882352941176471
graph_065_mu_0_4_node_578,19,0.1111111111111111,0.0007531211253425812,0.37898330804248864,2.6386386386386387,0.01705483978447014,8.0,11.0,0.7272727272727273,0.5789473684210529,0.5,0.011247443762781187,0.4074074074074074,0.40780943949687765,0.36363636363636365
graph_065_mu_0_4_node_579,37,0.12773109243697478,0.002121256768549729,0.4122988031366075,2.4254254254254253,0.03519456929000926,20.0,17.0,1.1764705882352942,0.4594594594594596,0.4722222222222222,0.017634854771784225,0.29824561403508765,0.29886734537400445,0.5277777777777778
graph_065_mu_0_4_node_580,20,0.02631578947368421,0.0008016982177203633,0.390539483971853,2.5605605605605604,0.020712763125000856,5.0,15.0,0.33333333333333326,0.75,0.29411764705882354,0.015806111696522657,0.5999999999999998,0.600548025282233,0.03921568627450979
graph_065_mu_0_4_node_581,38,0.0873015873015873,0.00250803478346895,0.4201009251471825,2.3803803803803802,0.038177750221418165,17.0,21.0,0.8095238095238098,0.5526315789473684,0.44680851063829785,0.022035676810073453,0.38181818181818183,0.38258592210261144,0.3404255319148935
graph_065_mu_0_4_node_582,24,0.04710144927536232,0.0011636610513984038,0.40217391304347827,2.4864864864864864,0.025862262581936257,7.0,17.0,0.41176470588235303,0.7083333333333334,0.5862068965517241,0.01750772399588054,0.5483870967741937,0.5490082374808323,0.20689655172413793
graph_065_mu_0_4_node_583,19,0.04411764705882353,0.0005990848490068304,0.3855654187572366,2.5935935935935936,0.020271456682407415,5.0,14.0,0.35714285714285704,0.7368421052631577,0.388888888888889,0.014522821576763488,0.5833333333333334,0.58384484228474,0.11111111111111115
graph_065_mu_0_4_node_584,21,0.09047619047619047,0.0008456328186863314,0.3881118881118881,2.5765765765765765,0.02400133967964652,9.0,12.0,0.75,0.5714285714285712,0.26086956521739124,0.012578616352201257,0.4000000000000001,0.40043859649122815,0.19565217391304346
graph_065_mu_0_4_node_585,27,0.12333333333333334,0.0011815187394029513,0.3951740506329114,2.5305305305305303,0.02488167124629408,12.0,15.0,0.8000000000000002,0.5555555555555556,0.8823529411764709,0.015259409969481184,0.38461538461538475,0.3851636903506626,0.6470588235294118
graph_065_mu_0_4_node_586,40,0.09358974358974359,0.002800067251905284,0.43415906127770537,2.3033033033033035,0.05072450911026406,16.0,24.0,0.6666666666666665,0.5999999999999998,0.648648648648649,0.024922118380062305,0.42857142857142855,0.4294486856808666,0.4324324324324325
graph_065_mu_0_4_node_587,33,0.125,0.0019263115488008006,0.4183417085427136,2.3903903903903903,0.041338784772597496,14.0,19.0,0.7368421052631577,0.5757575757575759,0.5588235294117646,0.019668737060041408,0.404255319148936,0.4049498397469549,0.41176470588235303
graph_065_mu_0_4_node_588,43,0.1,0.0029577073262570517,0.42728828058169377,2.34034034034034,0.051069366362564046,21.0,22.0,0.9545454545454548,0.5116279069767442,0.6666666666666665,0.02275077559462254,0.34375,0.3445545052292839,0.6060606060606061
graph_065_mu_0_4_node_589,17,0.051470588235294115,0.0006182500014041672,0.3951740506329114,2.5305305305305303,0.020312060153422566,4.0,13.0,0.3076923076923076,0.7647058823529413,0.2549019607843137,0.013698630136986299,0.6190476190476188,0.6195225742922208,0.07843137254901958
graph_065_mu_0_4_node_590,22,0.12105263157894737,0.0007786533452156052,0.3843786071565987,2.6016016016016015,0.021358067847262133,11.0,11.0,1.0,0.5,0.4074074074074074,0.011305241521068855,0.33333333333333326,0.3337354536038505,0.37037037037037035
graph_065_mu_0_4_node_591,31,0.07389162561576355,0.0017894573223282211,0.4016887816646562,2.4894894894894897,0.027118401583595898,12.0,19.0,0.6315789473684211,0.6129032258064517,0.7916666666666665,0.019467213114754103,0.44186046511627897,0.4425548841799099,0.4583333333333332
graph_065_mu_0_4_node_592,31,0.13118279569892474,0.001616338160310136,0.42080876158382474,2.3763763763763763,0.04159564080239391,13.0,18.0,0.722222222222222,0.5806451612903225,0.6206896551724139,0.01853759011328527,0.4090909090909091,0.40974885192298766,0.44827586206896536
graph_065_mu_0_4_node_593,21,0.0761904761904762,0.0009010470046406041,0.3908450704225352,2.5585585585585586,0.02116592053361981,6.0,15.0,0.4000000000000001,0.7142857142857141,0.45454545454545436,0.015511892450879004,0.5555555555555556,0.5561036208849428,0.18181818181818182
graph_065_mu_0_4_node_594,23,0.18972332015810275,0.0008944164321385725,0.3953304313415117,2.5295295295295297,0.02852487293006327,12.0,11.0,1.0909090909090904,0.4782608695652175,0.3793103448275863,0.011328527291452116,0.3142857142857142,0.3146878639585108,0.41379310344827586
graph_065_mu_0_4_node_595,28,0.10153846153846154,0.0013071718164903478,0.4060975609756098,2.4624624624624625,0.030156373876052908,13.0,15.0,0.8666666666666669,0.5357142857142857,0.7894736842105262,0.015290519877675844,0.36585365853658547,0.366402004360018,0.6315789473684211
graph_065_mu_0_4_node_596,23,0.1422924901185771,0.0008188523763732103,0.39454976303317535,2.5345345345345347,0.028815847218809518,10.0,13.0,0.7692307692307695,0.5652173913043478,0.4814814814814816,0.01336073997944501,0.39393939393939387,0.39441455750531385,0.37037037037037035
graph_065_mu_0_4_node_597,22,0.12631578947368421,0.0007251229251195665,0.38977760436987907,2.5655655655655654,0.02217896725031151,11.0,11.0,1.0,0.5,0.4583333333333332,0.011270491803278687,0.33333333333333326,0.3337354536038505,0.41666666666666674
graph_065_mu_0_4_node_598,32,0.11491935483870967,0.0017427238201976195,0.4153846153846154,2.4074074074074074,0.03807434207370832,13.0,19.0,0.6842105263157895,0.59375,0.6551724137931033,0.01956745623069001,0.4222222222222223,0.42291669204933585,0.44827586206896536
graph_065_mu_0_4_node_599,21,0.10476190476190476,0.0008195009437521263,0.392688679245283,2.5465465465465464,0.02720976800039983,7.0,14.0,0.5,0.6666666666666665,0.482758620689655,0.01441812564366632,0.5,0.500511583717021,0.2413793103448275
graph_065_mu_0_4_node_600,29,0.1354679802955665,0.0014110425434356918,0.411619283065513,2.4294294294294296,0.0379727774124837,12.0,17.0,0.7058823529411762,0.5862068965517241,0.5862068965517241,0.01750772399588054,0.41463414634146356,0.41525551408151257,0.41379310344827586
graph_065_mu_0_4_node_601,30,0.12698412698412698,0.0014229951180787918,0.4057676685621446,2.4644644644644647,0.030011417841307873,15.0,15.0,1.0,0.5,0.625,0.015368852459016395,0.33333333333333326,0.3338817593506636,0.5833333333333334
graph_065_mu_0_4_node_602,23,0.11462450592885376,0.0009418144599857555,0.39470564994073487,2.5335335335335336,0.02649815821595839,9.0,14.0,0.6428571428571429,0.608695652173913,0.5185185185185184,0.014388489208633089,0.4375,0.43801165850449525,0.33333333333333326
graph_065_mu_0_4_node_603,27,0.13105413105413105,0.0013007320900747935,0.40942622950819674,2.4424424424424425,0.03521954696387775,11.0,16.0,0.6875,0.5925925925925926,0.5517241379310346,0.0164778578784758,0.4210526315789473,0.42163742690058476,0.3793103448275863
graph_065_mu_0_4_node_604,17,0.051470588235294115,0.0006300487820763606,0.38275862068965516,2.6126126126126126,0.01667912837947136,5.0,12.0,0.41666666666666674,0.7058823529411762,0.2926829268292682,0.012513034410844635,0.5454545454545452,0.5458930137386728,0.12195121951219516
graph_065_mu_0_4_node_605,33,0.12473118279569892,0.0016944588114375762,0.408923454768727,2.4454454454454453,0.036318130678410575,15.0,18.0,0.8333333333333335,0.5454545454545452,0.75,0.01844262295081967,0.375,0.3756580390436498,0.5833333333333334
graph_065_mu_0_4_node_606,21,0.2619047619047619,0.0006577679381158288,0.3842307692307692,2.6026026026026026,0.021476974700730695,12.0,9.0,1.333333333333333,0.42857142857142855,0.5,0.009164969450101836,0.2727272727272726,0.27305632833767085,0.6666666666666665
graph_065_mu_0_4_node_607,47,0.0730804810360777,0.00408845046123074,0.4455842997323818,2.244244244244244,0.05293740446676425,21.0,26.0,0.8076923076923079,0.5531914893617023,0.7647058823529413,0.026915113871635605,0.3823529411764707,0.38330358103021833,0.5882352941176471
graph_065_mu_0_4_node_608,21,0.04285714285714286,0.0010714399971596229,0.4033104561970125,2.4794794794794797,0.025210926852779057,4.0,17.0,0.23529411764705885,0.8095238095238098,0.7083333333333334,0.017418032786885248,0.6799999999999998,0.6806210045662103,0.16666666666666663
graph_065_mu_0_4_node_609,17,0.09558823529411764,0.0005299991640587909,0.38482280431432975,2.5985985985985987,0.021065970570869553,6.0,11.0,0.5454545454545452,0.6470588235294118,0.33333333333333326,0.01137538779731127,0.4782608695652175,0.47866284288880584,0.18181818181818182
graph_065_mu_0_4_node_610,38,0.1337126600284495,0.0025510200034199113,0.4249255635899617,2.3533533533533535,0.04553359811772164,17.0,21.0,0.8095238095238098,0.5526315789473684,0.7241379310344828,0.021627188465499485,0.38181818181818183,0.38258592210261144,0.5862068965517241
graph_065_mu_0_4_node_611,18,0.1437908496732026,0.0005170860826053429,0.3882627283326856,2.5755755755755754,0.025903937968023222,8.0,10.0,0.8000000000000002,0.5555555555555556,0.30303030303030304,0.010341261633919342,0.38461538461538475,0.38498088169140815,0.24242424242424232
graph_065_mu_0_4_node_612,26,0.052307692307692305,0.0015894287173639713,0.40428976123027116,2.4734734734734736,0.027225731186788893,8.0,18.0,0.4444444444444446,0.6923076923076923,0.5,0.018672199170124477,0.5294117647058824,0.5300694671320735,0.1944444444444445
graph_065_mu_0_4_node_613,28,0.1164021164021164,0.0015137663963433734,0.4134933774834437,2.4184184184184185,0.03640266048017135,10.0,18.0,0.5555555555555556,0.6428571428571429,0.5454545454545452,0.018614270941054813,0.4736842105263158,0.4743420090937765,0.30303030303030304
graph_065_mu_0_4_node_614,21,0.047619047619047616,0.0010093608620083338,0.3996,2.5025025025025025,0.024484040594220054,4.0,17.0,0.23529411764705885,0.8095238095238098,0.5,0.017598343685300215,0.6799999999999998,0.6806210045662103,0.11764705882352942
graph_065_mu_0_4_node_615,21,0.06190476190476191,0.000851947199756342,0.3940828402366864,2.5375375375375375,0.02401113997297857,7.0,14.0,0.5,0.6666666666666665,0.3783783783783784,0.01453790238836968,0.5,0.500511583717021,0.16216216216216225
graph_065_mu_0_4_node_616,30,0.167816091954023,0.001468540391067308,0.4124690338563171,2.4244244244244246,0.03598489897660835,15.0,15.0,1.0,0.5,0.625,0.015368852459016395,0.33333333333333326,0.3338817593506636,0.625
graph_065_mu_0_4_node_617,25,0.02,0.00136546390570273,0.40675895765472314,2.4584584584584586,0.026387696323560188,7.0,18.0,0.388888888888889,0.72,0.48648648648648657,0.018691588785046724,0.5625,0.5631576543660942,0.08108108108108113
graph_065_mu_0_4_node_618,36,0.08377896613190731,0.0022135460989935914,0.42258883248730966,2.3663663663663663,0.0400199467751491,16.0,20.0,0.8000000000000002,0.5555555555555556,0.5882352941176471,0.020703933747412008,0.38461538461538475,0.3853465391083289,0.44117647058823545
graph_065_mu_0_4_node_619,25,0.09486166007905138,0.0009965387388978437,0.3978494623655914,2.5135135135135136,0.024880208371329073,10.0,15.0,0.6666666666666665,0.5999999999999998,0.625,0.015368852459016395,0.42857142857142855,0.4291196541479792,0.375
graph_065_mu_0_4_node_620,47,0.08603145235892692,0.003844483502300137,0.4393139841688654,2.2762762762762763,0.05411862972186135,23.0,24.0,0.9583333333333336,0.5106382978723404,0.7272727272727273,0.02481902792140641,0.34285714285714275,0.3437348491181141,0.6969696969696971
graph_065_mu_0_4_node_621,22,0.09523809523809523,0.0008639231262066878,0.3919183993723029,2.5515515515515514,0.023846321312706673,8.0,14.0,0.5714285714285712,0.6363636363636365,0.42424242424242414,0.014477766287487072,0.46666666666666673,0.4671782877746918,0.24242424242424232
graph_065_mu_0_4_node_622,17,0.11764705882352941,0.00047757376225700504,0.38977760436987907,2.5655655655655654,0.02454438503085255,4.0,13.0,0.3076923076923076,0.7647058823529413,0.3823529411764707,0.013457556935817802,0.6190476190476188,0.6195225742922208,0.11764705882352942
graph_065_mu_0_4_node_623,33,0.1571969696969697,0.0017550967312156742,0.4157303370786517,2.4054054054054053,0.04127221301923768,16.0,17.0,0.9411764705882354,0.5151515151515154,0.5862068965517241,0.01750772399588054,0.34693877551020413,0.34756032499651174,0.5517241379310346
graph_065_mu_0_4_node_624,14,0.07692307692307693,0.00043695727569924265,0.3731789316398954,2.67967967967968,0.01300655568204281,4.0,10.0,0.4000000000000001,0.7142857142857141,0.24390243902439032,0.010427528675703854,0.5555555555555556,0.5559209457923284,0.09756097560975611
graph_065_mu_0_4_node_625,32,0.11264367816091954,0.0017244748622753695,0.408923454768727,2.4454454454454453,0.03187687206829364,12.0,20.0,0.5999999999999998,0.625,1.1111111111111112,0.020366598778004067,0.45454545454545436,0.45527639526616226,0.6111111111111108
graph_065_mu_0_4_node_626,19,0.03508771929824561,0.0008320040755124302,0.3885647607934656,2.5735735735735736,0.021194078153207074,4.0,15.0,0.2666666666666666,0.7894736842105262,1.0,0.015228426395939085,0.6521739130434784,0.652721898284409,0.20000000000000004
graph_065_mu_0_4_node_627,27,0.07122507122507123,0.0016103741509685197,0.4000800961153384,2.4994994994994997,0.02408811857324127,9.0,18.0,0.5,0.6666666666666665,1.0,0.018329938900203673,0.5,0.500657750493313,0.5
graph_065_mu_0_4_node_628,21,0.0380952380952381,0.0009716614475628868,0.39454976303317535,2.5345345345345347,0.022560795496997472,5.0,16.0,0.3125,0.7619047619047622,1.0666666666666664,0.016243654822335023,0.6153846153846152,0.6159691543295226,0.33333333333333326
graph_065_mu_0_4_node_629,27,0.08547008547008547,0.0014750314876804474,0.4062627084180561,2.4614614614614614,0.027069675206435218,11.0,16.0,0.6875,0.5925925925925926,0.3404255319148935,0.0167890870933893,0.4210526315789473,0.42163742690058476,0.2127659574468086
graph_065_mu_0_4_node_630,26,0.12615384615384614,0.0012475966148595323,0.404126213592233,2.4744744744744747,0.031042829897716562,12.0,14.0,0.8571428571428571,0.5384615384615384,0.5600000000000003,0.014358974358974354,0.36842105263157887,0.36893282335829347,0.4800000000000002
graph_065_mu_0_4_node_631,17,0.08088235294117647,0.0005279129074995448,0.38735944164404806,2.5815815815815815,0.022600057202285067,6.0,11.0,0.5454545454545452,0.6470588235294118,0.3793103448275863,0.011328527291452116,0.4782608695652175,0.47866284288880584,0.20689655172413793
graph_065_mu_0_4_node_632,38,0.18253968253968253,0.00199929708250402,0.4121287128712871,2.4264264264264264,0.039674566563561164,21.0,17.0,1.2352941176470587,0.4473684210526317,0.6799999999999998,0.017435897435897435,0.28813559322033905,0.2887573700390362,0.8000000000000002
graph_065_mu_0_4_node_633,27,0.05413105413105413,0.0014802318492867699,0.40925850061450225,2.4434434434434436,0.03117694001812199,9.0,18.0,0.5,0.6666666666666665,0.48648648648648657,0.018691588785046724,0.5,0.500657750493313,0.24324324324324328
graph_065_mu_0_4_node_634,20,0.042105263157894736,0.0008665233855346412,0.39705882352941174,2.5185185185185186,0.023198454851252433,5.0,15.0,0.33333333333333326,0.75,1.0,0.015228426395939085,0.5999999999999998,0.600548025282233,0.33333333333333326
graph_065_mu_0_4_node_635,50,0.07180851063829788,0.004226687410286316,0.44858554108666365,2.229229229229229,0.05418940462855958,22.0,28.0,0.7857142857142859,0.5600000000000003,0.8484848484848483,0.028955532574974144,0.388888888888889,0.38991265488523263,0.6363636363636365
graph_065_mu_0_4_node_636,16,0.23333333333333334,0.0003382389284383358,0.3801369863013699,2.630630630630631,0.020704581257321927,10.0,6.0,1.666666666666667,0.375,0.16216216216216225,0.006230529595015576,0.2307692307692308,0.23098859315589357,0.27027027027027023
graph_065_mu_0_4_node_637,17,0.11029411764705882,0.0005641438180767031,0.3872093023255814,2.5825825825825826,0.019644667169110973,6.0,11.0,0.5454545454545452,0.6470588235294118,0.4583333333333332,0.011270491803278687,0.4782608695652175,0.47866284288880584,0.25
graph_065_mu_0_4_node_638,32,0.0735632183908046,0.0018003263008212955,0.41590341382181517,2.4044044044044046,0.03366138812395835,13.0,19.0,0.6842105263157895,0.59375,0.6333333333333331,0.019587628865979374,0.4222222222222223,0.42291669204933585,0.4000000000000001
graph_065_mu_0_4_node_639,24,0.06159420289855073,0.0012194369776775992,0.4054383116883117,2.4664664664664664,0.026248702423390564,7.0,17.0,0.41176470588235303,0.7083333333333334,0.5,0.017598343685300215,0.5483870967741937,0.5490082374808323,0.20588235294117652
graph_065_mu_0_4_node_640,29,0.13054187192118227,0.0016643268914736296,0.408255006129955,2.4494494494494496,0.02950947432044396,12.0,17.0,0.7058823529411762,0.5862068965517241,1.0,0.017293997965412002,0.41463414634146356,0.41525551408151257,0.7058823529411762
graph_065_mu_0_4_node_641,52,0.09502262443438914,0.005020060196792604,0.4528558476881233,2.2082082082082084,0.05674434629704858,25.0,27.0,0.9259259259259256,0.5192307692307693,0.7941176470588238,0.027950310559006212,0.3506493506493506,0.3516368063052771,0.7352941176470587
graph_065_mu_0_4_node_642,23,0.03557312252964427,0.0012070633301839617,0.39454976303317535,2.5345345345345347,0.022726014389405014,3.0,20.0,0.14999999999999994,0.8695652173913044,0.4255319148936172,0.020986358866736613,0.7692307692307695,0.7699612294206888,0.06382978723404255
graph_065_mu_0_4_node_643,18,0.026143790849673203,0.0007176810998228818,0.3854166666666667,2.5945945945945947,0.01741588094408622,4.0,14.0,0.2857142857142856,0.777777777777778,0.46666666666666673,0.014432989690721652,0.6363636363636365,0.6368751079404301,0.10000000000000002
graph_065_mu_0_4_node_644,17,0.03676470588235294,0.0006355812515221044,0.37955927051671734,2.6346346346346348,0.015729826983007424,5.0,12.0,0.41666666666666674,0.7058823529411762,0.8000000000000002,0.01218274111675127,0.5454545454545452,0.5458930137386728,0.2666666666666666
graph_065_mu_0_4_node_645,39,0.15519568151147098,0.002309289358581391,0.42619453924914674,2.3463463463463463,0.04749001214608198,22.0,17.0,1.2941176470588236,0.43589743589743607,0.5862068965517241,0.01750772399588054,0.27868852459016397,0.27931034689529577,0.7586206896551726
graph_065_mu_0_4_node_646,29,0.1748768472906404,0.0013030790493005384,0.4074225122349103,2.4544544544544546,0.03341771801273796,16.0,13.0,1.2307692307692304,0.44827586206896536,0.44827586206896536,0.013388259526261582,0.2888888888888888,0.2893642609589514,0.5517241379310346
graph_065_mu_0_4_node_647,25,0.15666666666666668,0.0011658732735624392,0.3951740506329114,2.5305305305305303,0.02334030759363691,12.0,13.0,0.9230769230769232,0.5199999999999998,0.7647058823529413,0.013224821973550353,0.3513513513513515,0.3518265843983262,0.7058823529411762
graph_065_mu_0_4_node_648,22,0.08658008658008658,0.0010424008779370368,0.38962558502340094,2.5665665665665665,0.020813721351947992,9.0,13.0,0.6923076923076923,0.5909090909090909,0.3513513513513515,0.013499480789200408,0.4193548387096773,0.4198299675426878,0.24324324324324328
graph_065_mu_0_4_node_649,19,0.1111111111111111,0.0007740934597017278,0.3870592793490895,2.5835835835835836,0.018211424469186954,8.0,11.0,0.7272727272727273,0.5789473684210529,1.0,0.01112234580384227,0.4074074074074074,0.40780943949687765,0.7272727272727273
graph_065_mu_0_4_node_650,32,0.1425287356321839,0.001630835567688617,0.4046172539489672,2.4714714714714714,0.03372502862821171,16.0,16.0,1.0,0.5,0.5517241379310346,0.0164778578784758,0.33333333333333326,0.3339183424741012,0.5172413793103449
graph_065_mu_0_4_node_651,21,0.0380952380952381,0.0010934898164603488,0.3953304313415117,2.5295295295295297,0.019090393588598056,2.0,19.0,0.10526315789473682,0.904761904761905,1.3571428571428577,0.019269776876267745,0.8260869565217388,0.8267808683584139,0.1428571428571428
graph_065_mu_0_4_node_652,31,0.15024630541871922,0.0015303375782076889,0.40314769975786924,2.4804804804804803,0.030320466991983888,15.0,16.0,0.9375,0.5161290322580643,0.8888888888888892,0.01629327902240326,0.3478260869565216,0.34841105332095584,0.777777777777778
graph_065_mu_0_4_node_653,45,0.13535353535353536,0.003376959461649711,0.43491510666086197,2.299299299299299,0.053900533151770964,23.0,22.0,1.045454545454545,0.4888888888888889,0.6470588235294118,0.022774327122153208,0.3235294117647059,0.32433403468914446,0.676470588235294
graph_065_mu_0_4_node_654,24,0.10822510822510822,0.0010002781302801901,0.38601236476043277,2.5905905905905904,0.020697348162015166,12.0,12.0,1.0,0.5,0.5454545454545452,0.012269938650306752,0.33333333333333326,0.33377202602910006,0.5
graph_065_mu_0_4_node_655,27,0.07977207977207977,0.0017125591442458147,0.3997599039615846,2.5015015015015014,0.022482235319316063,12.0,15.0,0.8000000000000002,0.5555555555555556,0.3191489361702127,0.01573976915005246,0.38461538461538475,0.3851636903506626,0.23404255319148948
graph_065_mu_0_4_node_656,27,0.15669515669515668,0.0011914423100804073,0.4008828250401284,2.4944944944944947,0.03186346020227631,12.0,15.0,0.8000000000000002,0.5555555555555556,0.5999999999999998,0.015384615384615387,0.38461538461538475,0.3851636903506626,0.4800000000000002
graph_065_mu_0_4_node_657,48,0.08156028368794327,0.004201042076511645,0.4455842997323818,2.244244244244244,0.053985533130799984,18.0,30.0,0.5999999999999998,0.625,0.8108108108108106,0.03115264797507788,0.45454545454545436,0.4556419457735245,0.48648648648648657
graph_065_mu_0_4_node_658,21,0.04285714285714286,0.0009703565941282068,0.392688679245283,2.5465465465465464,0.021062496981184477,3.0,18.0,0.16666666666666663,0.8571428571428571,1.1999999999999995,0.018274111675126905,0.75,0.7506574621959239,0.1333333333333333
graph_065_mu_0_4_node_659,23,0.04743083003952569,0.001180227367722968,0.39800796812749006,2.5125125125125125,0.024664451388532727,3.0,20.0,0.14999999999999994,0.8695652173913044,0.48780487804878064,0.020855057351407708,0.7692307692307695,0.7699612294206888,0.07317073170731705
graph_065_mu_0_4_node_660,32,0.12096774193548387,0.0019949145641769356,0.40925850061450225,2.4434434434434436,0.03205869890124585,12.0,20.0,0.5999999999999998,0.625,1.1111111111111112,0.020366598778004067,0.45454545454545436,0.45527639526616226,0.6666666666666665
graph_065_mu_0_4_node_661,18,0.08496732026143791,0.0006576389161330891,0.3894736842105263,2.5675675675675675,0.022608803134239942,5.0,13.0,0.38461538461538475,0.722222222222222,0.3823529411764707,0.013457556935817802,0.5652173913043478,0.5656923812564835,0.14705882352941177
graph_065_mu_0_4_node_662,25,0.15,0.001119726303877435,0.3929976396538159,2.5445445445445447,0.026445885583968484,13.0,12.0,1.0833333333333335,0.4800000000000002,0.4800000000000002,0.012307692307692306,0.31578947368421056,0.31622819845753597,0.4800000000000002
graph_065_mu_0_4_node_663,37,0.14285714285714285,0.002220598231423038,0.4121287128712871,2.4264264264264264,0.03628251948447265,17.0,20.0,0.8499999999999998,0.5405405405405405,1.1111111111111112,0.020366598778004067,0.37037037037037035,0.3711015783259129,0.8888888888888892
graph_065_mu_0_4_node_664,20,0.031578947368421054,0.0009449204957875944,0.3893219017926734,2.5685685685685686,0.01876127831699922,2.0,18.0,0.11111111111111115,0.9000000000000002,1.2857142857142858,0.018255578093306298,0.8181818181818182,0.8188392323527456,0.0714285714285714
graph_065_mu_0_4_node_665,17,0.125,0.0005315827664244561,0.3776937618147448,2.6476476476476476,0.01683052145116986,6.0,11.0,0.5454545454545452,0.6470588235294118,0.7333333333333332,0.011167512690355328,0.4782608695652175,0.47866284288880584,0.4000000000000001
graph_065_mu_0_4_node_666,23,0.07114624505928854,0.0010326534648061744,0.3964285714285714,2.5225225225225225,0.02476805269874436,9.0,14.0,0.6428571428571429,0.608695652173913,0.27450980392156854,0.014752370916754472,0.4375,0.43801165850449525,0.17647058823529405
graph_065_mu_0_4_node_667,33,0.15151515151515152,0.0016566176623863818,0.4186923721709975,2.3883883883883885,0.04034109770253575,17.0,16.0,1.0625,0.48484848484848464,0.5517241379310346,0.0164778578784758,0.32,0.3205850519233583,0.5862068965517241
graph_065_mu_0_4_node_668,25,0.17333333333333334,0.0010270917094629508,0.39832535885167464,2.5105105105105103,0.029516711115949605,12.0,13.0,0.9230769230769232,0.5199999999999998,0.5199999999999998,0.013333333333333334,0.3513513513513515,0.3518265843983262,0.4800000000000002
graph_065_mu_0_4_node_669,19,0.04678362573099415,0.0007347633476710443,0.3854166666666667,2.5945945945945947,0.019802778907204128,4.0,15.0,0.2666666666666666,0.7894736842105262,1.0714285714285714,0.015212981744421901,0.6521739130434784,0.652721898284409,0.2857142857142856
graph_065_mu_0_4_node_670,16,0.10833333333333334,0.0005449046122243367,0.3723443906075289,2.685685685685686,0.013242134052326316,7.0,9.0,0.777777777777778,0.5625,0.19148936170212763,0.00944386149003148,0.3913043478260869,0.3916332831720172,0.148936170212766
graph_065_mu_0_4_node_671,40,0.17564102564102563,0.0025593397148160535,0.42241014799154336,2.3673673673673674,0.04317952783367747,21.0,19.0,1.1052631578947367,0.47499999999999987,0.7599999999999999,0.019487179487179488,0.31147540983606564,0.31217028603838426,0.84
graph_065_mu_0_4_node_672,56,0.1396103896103896,0.005075060619041507,0.44183989385227773,2.2632632632632634,0.06200821577467541,29.0,27.0,1.0740740740740744,0.482142857142857,0.7941176470588238,0.027950310559006212,0.3176470588235293,0.3186348034732458,0.8529411764705883
graph_065_mu_0_4_node_673,20,0.05263157894736842,0.0007781466073222287,0.39800796812749006,2.5125125125125125,0.025292768316327048,5.0,15.0,0.33333333333333326,0.75,0.44117647058823545,0.015527950310559004,0.5999999999999998,0.600548025282233,0.14705882352941177
graph_065_mu_0_4_node_674,33,0.10795454545454546,0.001967020543215927,0.4185169669040637,2.3893893893893896,0.04048990931835843,11.0,22.0,0.5,0.6666666666666665,0.8800000000000002,0.02256410256410257,0.5,0.5008039172696046,0.4400000000000001
graph_065_mu_0_4_node_675,24,0.06926406926406926,0.0010723275411876633,0.3928430987023201,2.5455455455455454,0.022612930622441456,8.0,16.0,0.5,0.6666666666666665,1.4545454545454546,0.016177957532861473,0.5,0.5005846671051672,0.6363636363636365
graph_065_mu_0_4_node_676,14,0.02197802197802198,0.00046344516877896985,0.3741573033707865,2.6726726726726726,0.013106483327768823,2.0,12.0,0.16666666666666663,0.8571428571428571,0.36363636363636365,0.012409513960703205,0.75,0.7504383721779795,0.0
graph_065_mu_0_4_node_677,31,0.21935483870967742,0.0013605891801186088,0.4107730263157895,2.4344344344344346,0.0465110948017546,17.0,14.0,1.2142857142857142,0.4516129032258062,0.46666666666666673,0.014432989690721652,0.2916666666666667,0.29217862453984733,0.5666666666666665
graph_065_mu_0_4_node_678,22,0.07792207792207792,0.0011026225685738433,0.38841368584758945,2.5745745745745747,0.01862743036476181,8.0,14.0,0.5714285714285712,0.6363636363636365,0.6363636363636365,0.01431492842535787,0.46666666666666673,0.4671782877746918,0.36363636363636365
graph_065_mu_0_4_node_679,23,0.08695652173913043,0.0010909614492664902,0.3978494623655914,2.5135135135135136,0.025693421654917805,7.0,16.0,0.4375,0.6956521739130432,0.4705882352941177,0.016563146997929604,0.5333333333333332,0.53391795771217,0.20588235294117652
graph_065_mu_0_4_node_680,21,0.08187134502923976,0.0007488157668121662,0.3836405529953917,2.6066066066066065,0.018639470842742575,9.0,12.0,0.75,0.5714285714285712,0.2926829268292682,0.012513034410844635,0.4000000000000001,0.40043859649122815,0.19512195121951223
graph_065_mu_0_4_node_681,31,0.07635467980295567,0.0017894352192756471,0.41625,2.4024024024024024,0.034820477227957516,12.0,19.0,0.6315789473684211,0.6129032258064517,1.0555555555555556,0.019348268839103868,0.44186046511627897,0.4425548841799099,0.6111111111111108
graph_065_mu_0_4_node_682,43,0.10121951219512196,0.003042289543958885,0.4274711168164313,2.339339339339339,0.04361387999111158,24.0,19.0,1.2631578947368423,0.44186046511627897,0.5277777777777778,0.019709543568464723,0.2835820895522388,0.28427711826789887,0.6388888888888892
graph_065_mu_0_4_node_683,19,0.09941520467836257,0.0006226899692019079,0.3885647607934656,2.5735735735735736,0.02083795147060181,9.0,10.0,0.9000000000000002,0.5263157894736842,0.19607843137254907,0.010537407797681772,0.35714285714285704,0.35750838093845616,0.17647058823529405
graph_065_mu_0_4_node_684,58,0.1409090909090909,0.0049905668151701355,0.45846718678292797,2.181181181181181,0.07933364240628737,28.0,30.0,0.9333333333333335,0.5172413793103449,1.0,0.030927835051546396,0.34883720930232553,0.34993450264541265,0.9000000000000002
graph_065_mu_0_4_node_685,27,0.11333333333333333,0.001318887857420141,0.4000800961153384,2.4994994994994997,0.02536624308541182,12.0,15.0,0.8000000000000002,0.5555555555555556,0.6818181818181818,0.015337423312883432,0.38461538461538475,0.3851636903506626,0.5
graph_065_mu_0_4_node_686,19,0.08771929824561403,0.0007616161521842854,0.3784090909090909,2.6426426426426426,0.0165801785403264,9.0,10.0,0.9000000000000002,0.5263157894736842,0.6666666666666665,0.010152284263959394,0.35714285714285704,0.35750838093845616,0.5999999999999998
graph_065_mu_0_4_node_687,37,0.09411764705882353,0.0023502678368952363,0.413151364764268,2.4204204204204203,0.033776393841289956,18.0,19.0,0.9473684210526316,0.5135135135135133,0.8636363636363634,0.019427402862985686,0.3454545454545456,0.34614926921044137,0.7727272727272727
graph_065_mu_0_4_node_688,17,0.047619047619047616,0.0005405655958998791,0.37331838565022424,2.6786786786786787,0.013692471931108724,6.0,11.0,0.5454545454545452,0.6470588235294118,0.5,0.011247443762781187,0.4782608695652175,0.47866284288880584,0.22727272727272718
graph_065_mu_0_4_node_689,40,0.14082503556187767,0.0025500593432435338,0.4153846153846154,2.4074074074074074,0.03891166730764309,18.0,22.0,0.8181818181818182,0.5499999999999999,1.2222222222222217,0.022403258655804486,0.3793103448275863,0.38011467357868306,0.9444444444444444
graph_065_mu_0_4_node_690,22,0.047619047619047616,0.0010633665221095531,0.3953304313415117,2.5295295295295297,0.020786028829664103,8.0,14.0,0.5714285714285712,0.6363636363636365,0.6363636363636365,0.01431492842535787,0.46666666666666673,0.4671782877746918,0.36363636363636365
graph_065_mu_0_4_node_691,53,0.16862745098039217,0.0039953122509071605,0.4397007042253521,2.274274274274274,0.06122385463807195,30.0,23.0,1.3043478260869568,0.4339622641509433,0.676470588235294,0.02380952380952382,0.2771084337349397,0.27795003057346296,0.8529411764705883
graph_065_mu_0_4_node_692,24,0.03260869565217391,0.0013903826524436999,0.3986432561851556,2.5085085085085086,0.02366553773519308,5.0,19.0,0.2631578947368421,0.7916666666666665,0.404255319148936,0.019937040923399783,0.6551724137931033,0.6558664777200442,0.06382978723404255
graph_065_mu_0_4_node_693,31,0.15913978494623657,0.0016037760310552284,0.4104354971240756,2.4364364364364364,0.03521955381561205,15.0,16.0,0.9375,0.5161290322580643,0.5517241379310346,0.0164778578784758,0.3478260869565216,0.34841105332095584,0.5172413793103449
graph_065_mu_0_4_node_694,19,0.14035087719298245,0.0007289447424076264,0.38962558502340094,2.5665665665665665,0.021647499108478845,8.0,11.0,0.7272727272727273,0.5789473684210529,0.6875,0.011178861788617886,0.4074074074074074,0.40780943949687765,0.5
graph_065_mu_0_4_node_695,27,0.08262108262108261,0.0015503809073764221,0.40396279822078446,2.4754754754754753,0.026796312447917425,9.0,18.0,0.5,0.6666666666666665,1.0,0.018329938900203673,0.5,0.500657750493313,0.5
graph_065_mu_0_4_node_696,48,0.09082125603864734,0.004126775563813166,0.4402820625826355,2.2712712712712713,0.05172518297936018,23.0,25.0,0.9200000000000002,0.5208333333333333,0.7352941176470587,0.02587991718426502,0.35211267605633806,0.3530269199766159,0.6470588235294118
graph_065_mu_0_4_node_697,18,0.1111111111111111,0.0005790874696882543,0.3878105590062112,2.5785785785785786,0.02175478944319282,6.0,12.0,0.5,0.6666666666666665,0.36363636363636365,0.012409513960703205,0.5,0.5004385003288753,0.18181818181818182
graph_065_mu_0_4_node_698,53,0.11215686274509803,0.004620903079837596,0.4453856442264824,2.245245245245245,0.06036319994966015,27.0,26.0,1.0384615384615385,0.4905660377358491,0.7878787878787877,0.026887280248190273,0.3250000000000001,0.32595105713658656,0.7878787878787877
graph_065_mu_0_4_node_699,16,0.1,0.0005587732213169212,0.38129770992366413,2.6226226226226226,0.016299851848110954,7.0,9.0,0.777777777777778,0.5625,0.19148936170212763,0.00944386149003148,0.3913043478260869,0.3916332831720172,0.1276595744680851
graph_065_mu_0_4_node_700,37,0.146218487394958,0.002050054841379565,0.4143508917461634,2.4134134134134135,0.03689916580462096,17.0,20.0,0.8499999999999998,0.5405405405405405,1.1111111111111112,0.020366598778004067,0.37037037037037035,0.3711015783259129,0.8888888888888892
graph_065_mu_0_4_node_701,25,0.07,0.0012682921357673501,0.4046172539489672,2.4714714714714714,0.026663043923691624,10.0,15.0,0.6666666666666665,0.5999999999999998,0.3191489361702127,0.01573976915005246,0.42857142857142855,0.4291196541479792,0.19148936170212763
graph_065_mu_0_4_node_702,21,0.06666666666666667,0.0008428893568990703,0.4051094890510949,2.4684684684684686,0.02717778390938987,5.0,16.0,0.3125,0.7619047619047622,0.48484848484848464,0.01654601861427094,0.6153846153846152,0.6159691543295226,0.15151515151515152
graph_065_mu_0_4_node_703,30,0.09425287356321839,0.0015761549274848242,0.413151364764268,2.4204204204204203,0.036050081108733326,12.0,18.0,0.6666666666666665,0.5999999999999998,0.6206896551724139,0.01853759011328527,0.42857142857142855,0.42922932330827046,0.41379310344827586
graph_065_mu_0_4_node_704,37,0.12162162162162163,0.0022988316353259536,0.4178168130489335,2.3933933933933935,0.038819454215032856,19.0,18.0,1.0555555555555556,0.48648648648648657,0.6206896551724139,0.01853759011328527,0.32142857142857145,0.3220868029798038,0.6551724137931033
graph_065_mu_0_4_node_705,18,0.0784313725490196,0.0006067897269025021,0.388715953307393,2.5725725725725725,0.020848399524148156,4.0,14.0,0.2857142857142856,0.777777777777778,0.42424242424242414,0.014477766287487072,0.6363636363636365,0.6368751079404301,0.12121212121212116
graph_065_mu_0_4_node_706,21,0.08187134502923976,0.0006825105633320758,0.3875096974398759,2.5805805805805804,0.022316560284546653,8.0,13.0,0.6153846153846152,0.6190476190476188,0.3823529411764707,0.013457556935817802,0.44827586206896536,0.44875095617414396,0.20588235294117652
graph_065_mu_0_4_node_707,19,0.07017543859649122,0.0007818989176869041,0.39238020424194814,2.5485485485485486,0.022589244681700864,5.0,14.0,0.35714285714285704,0.7368421052631577,0.5833333333333334,0.01434426229508196,0.5833333333333334,0.58384484228474,0.20833333333333337
graph_065_mu_0_4_node_708,16,0.05,0.0006017250197226364,0.384526558891455,2.6006006006006004,0.01708306592184413,3.0,13.0,0.2307692307692308,0.8125,0.7647058823529413,0.013224821973550353,0.6842105263157895,0.6846854468579296,0.11764705882352942
graph_065_mu_0_4_node_709,28,0.1693121693121693,0.0013338083269481547,0.40104375752709753,2.4934934934934936,0.03396604080568455,16.0,12.0,1.333333333333333,0.42857142857142855,0.3529411764705881,0.012422360248447204,0.2727272727272726,0.27316609376142764,0.44117647058823545
graph_065_mu_0_4_node_710,30,0.12698412698412698,0.0013672223660084236,0.4117889530090684,2.4284284284284285,0.03570469659230704,14.0,16.0,0.875,0.5333333333333332,0.5517241379310346,0.0164778578784758,0.36363636363636365,0.364221287230719,0.44827586206896536
graph_065_mu_0_4_node_711,26,0.055384615384615386,0.0014282588510029378,0.4015273311897106,2.4904904904904903,0.025813562483428237,8.0,18.0,0.4444444444444446,0.6923076923076923,0.38297872340425526,0.01888772298006296,0.5294117647058824,0.5300694671320735,0.17021276595744675
graph_065_mu_0_4_node_712,19,0.09941520467836257,0.0006769966944183918,0.3903868698710434,2.5615615615615615,0.02194302092895098,7.0,12.0,0.5833333333333334,0.6315789473684211,0.41379310344827586,0.012358393408856852,0.4615384615384616,0.46197699391676905,0.2413793103448275
graph_065_mu_0_4_node_713,34,0.053475935828877004,0.002256908536358254,0.42893945899527697,2.3313313313313313,0.04075206451000062,11.0,23.0,0.4782608695652175,0.676470588235294,0.45098039215686286,0.024236037934668067,0.5111111111111111,0.5119515393641166,0.19607843137254907
graph_065_mu_0_4_node_714,17,0.10294117647058823,0.0005932150281870887,0.38115223197252956,2.6236236236236237,0.017010068118587317,8.0,9.0,0.8888888888888892,0.5294117647058824,0.6428571428571429,0.009127789046653149,0.36,0.3603289593917906,0.5
graph_065_mu_0_4_node_715,49,0.1096938775510204,0.00391859338993875,0.43586387434554974,2.294294294294294,0.05756485589129085,26.0,23.0,1.1304347826086956,0.4693877551020407,0.5,0.024109014675052408,0.30666666666666664,0.30750801721720256,0.5652173913043478
graph_065_mu_0_4_node_716,25,0.16333333333333333,0.0009924287530836552,0.4000800961153384,2.4994994994994997,0.03172342368504323,12.0,13.0,0.9230769230769232,0.5199999999999998,0.3823529411764707,0.013457556935817802,0.3513513513513515,0.3518265843983262,0.3529411764705881
graph_065_mu_0_4_node_717,21,0.06190476190476191,0.0010488848253120964,0.388715953307393,2.5725725725725725,0.019662619812852722,6.0,15.0,0.4000000000000001,0.7142857142857141,0.6818181818181818,0.015337423312883432,0.5555555555555556,0.5561036208849428,0.2727272727272726
graph_065_mu_0_4_node_718,20,0.1,0.0008335862782312647,0.3854166666666667,2.5945945945945947,0.01818267834490877,8.0,12.0,0.6666666666666665,0.5999999999999998,0.5454545454545452,0.012269938650306752,0.42857142857142855,0.429009993003853,0.36363636363636365
graph_065_mu_0_4_node_719,19,0.029239766081871343,0.0008407951311974899,0.3939274447949527,2.5385385385385386,0.021188366307774646,4.0,15.0,0.2666666666666666,0.7894736842105262,0.3191489361702127,0.01573976915005246,0.6521739130434784,0.652721898284409,0.04255319148936169
graph_065_mu_0_4_node_720,24,0.13405797101449277,0.001075186061435183,0.3986432561851556,2.5085085085085086,0.025384602597344444,12.0,12.0,1.0,0.5,0.5,0.012295081967213118,0.33333333333333326,0.33377202602910006,0.5
graph_065_mu_0_4_node_721,29,0.06157635467980296,0.001917082846198018,0.41816659690246966,2.3913913913913913,0.03242366724617111,7.0,22.0,0.31818181818181823,0.7586206896551726,1.2222222222222217,0.022403258655804486,0.6111111111111108,0.6119147934374063,0.388888888888889
graph_065_mu_0_4_node_722,50,0.13120567375886524,0.0038258543757747616,0.44125441696113077,2.2662662662662663,0.05967792171943853,25.0,25.0,1.0,0.5,0.8620689655172417,0.02574665293511844,0.33333333333333326,0.3342477110078879,0.8275862068965517
graph_065_mu_0_4_node_723,26,0.14153846153846153,0.0012652898720101958,0.39880239520958083,2.5075075075075075,0.02583866091813402,11.0,15.0,0.7333333333333332,0.5769230769230768,0.8333333333333335,0.01527494908350305,0.4054054054054053,0.40595367105838975,0.6111111111111108
graph_065_mu_0_4_node_724,42,0.06387921022067364,0.0034872715654106013,0.42875536480686693,2.3323323323323324,0.041588283370254824,17.0,25.0,0.6799999999999998,0.5952380952380952,0.8333333333333335,0.02577319587628867,0.42372881355932185,0.4246426564514519,0.5666666666666665
graph_065_mu_0_4_node_725,24,0.14130434782608695,0.0011536379327691027,0.3906922174423152,2.5595595595595597,0.02196714689816826,9.0,15.0,0.5999999999999998,0.625,0.8823529411764709,0.015259409969481184,0.45454545454545436,0.4550936400514296,0.5294117647058824
graph_065_mu_0_4_node_726,30,0.19576719576719576,0.001203867036562641,0.4013660104459622,2.4914914914914914,0.035030321238242595,17.0,13.0,1.3076923076923077,0.43333333333333346,0.3823529411764707,0.013457556935817802,0.27659574468085113,0.2770711515193956,0.4705882352941177
graph_065_mu_0_4_node_727,29,0.11396011396011396,0.001373271897928746,0.4013660104459622,2.4914914914914914,0.03190415857833234,13.0,16.0,0.8125,0.5517241379310346,0.48484848484848464,0.01654601861427094,0.3809523809523811,0.38153726178291164,0.36363636363636365
graph_065_mu_0_4_node_728,33,0.14193548387096774,0.0016111004799388509,0.4128099173553719,2.4224224224224224,0.036180267450227566,16.0,17.0,0.9411764705882354,0.5151515151515154,0.5862068965517241,0.01750772399588054,0.34693877551020413,0.34756032499651174,0.5172413793103449
graph_065_mu_0_4_node_729,17,0.11764705882352941,0.0005153596155797601,0.3852680293096799,2.5955955955955954,0.01928198464721625,7.0,10.0,0.6999999999999998,0.5882352941176471,0.2127659574468086,0.010493179433368307,0.41666666666666674,0.4170321370270207,0.148936170212766
graph_065_mu_0_4_node_730,30,0.12962962962962962,0.0013090657435583567,0.4024979854955681,2.4844844844844847,0.03424527572148764,15.0,15.0,1.0,0.5,0.5172413793103449,0.015447991761071062,0.33333333333333326,0.3338817593506636,0.482758620689655
graph_065_mu_0_4_node_731,35,0.08235294117647059,0.002490185704156253,0.41816659690246966,2.3913913913913913,0.03427683585639394,17.0,18.0,0.9444444444444444,0.5142857142857142,0.72,0.018461538461538467,0.34615384615384615,0.34681198143720987,0.6799999999999998
graph_065_mu_0_4_node_732,20,0.11578947368421053,0.0007619419223055666,0.38977760436987907,2.5655655655655654,0.022643569274130255,8.0,12.0,0.6666666666666665,0.5999999999999998,0.4444444444444446,0.012332990750256935,0.42857142857142855,0.429009993003853,0.2962962962962963
graph_065_mu_0_4_node_733,35,0.06554621848739496,0.0022691218804240898,0.42546848381601365,2.3503503503503502,0.041167740955545075,12.0,23.0,0.5217391304347825,0.6571428571428573,0.6216216216216217,0.02388369678089304,0.48936170212765967,0.4902021918042536,0.3243243243243245
graph_065_mu_0_4_node_734,19,0.1286549707602339,0.0006872518937790408,0.3855654187572366,2.5935935935935936,0.021185383869219823,8.0,11.0,0.7272727272727273,0.5789473684210529,0.3666666666666666,0.011340206185567005,0.4074074074074074,0.40780943949687765,0.2666666666666666
graph_065_mu_0_4_node_735,16,0.058333333333333334,0.000531103664384292,0.384526558891455,2.6006006006006004,0.017707497569172618,3.0,13.0,0.2307692307692308,0.8125,0.3823529411764707,0.013457556935817802,0.6842105263157895,0.6846854468579296,0.05882352941176471
graph_065_mu_0_4_node_736,24,0.036231884057971016,0.001289187035883092,0.3976910828025478,2.5145145145145147,0.023249947558009496,8.0,16.0,0.5,0.6666666666666665,0.3404255319148935,0.0167890870933893,0.5,0.5005846671051672,0.148936170212766
graph_065_mu_0_4_node_737,37,0.13963963963963963,0.0022080298675406793,0.4247448979591837,2.354354354354354,0.045420154532728116,18.0,19.0,0.9473684210526316,0.5135135135135133,0.5757575757575759,0.019648397104446748,0.3454545454545456,0.34614926921044137,0.5454545454545452
graph_065_mu_0_4_node_738,32,0.11264367816091954,0.0017556659930752553,0.40775510204081633,2.4524524524524525,0.03371960240086333,15.0,17.0,0.8823529411764709,0.53125,0.6799999999999998,0.017435897435897435,0.3617021276595746,0.3623236316993506,0.5600000000000003
graph_065_mu_0_4_node_739,28,0.05555555555555555,0.0015978923130151028,0.4057676685621446,2.4644644644644647,0.028607474506631533,9.0,19.0,0.4736842105263158,0.6785714285714288,0.5277777777777778,0.019709543568464723,0.5135135135135133,0.5142077803312136,0.2222222222222223
graph_065_mu_0_4_node_740,17,0.04411764705882353,0.0005612101025331638,0.38766006984866125,2.5795795795795797,0.01870411798897324,5.0,12.0,0.41666666666666674,0.7058823529411762,0.23529411764705885,0.01264488935721813,0.5454545454545452,0.5458930137386728,0.07843137254901958
graph_065_mu_0_4_node_741,27,0.08831908831908832,0.0014508148665188596,0.40808823529411764,2.4504504504504503,0.031055407677227316,10.0,17.0,0.5882352941176471,0.6296296296296297,0.5151515151515154,0.017580144777662874,0.4594594594594596,0.46008073636623154,0.30303030303030304
graph_065_mu_0_4_node_742,19,0.07602339181286549,0.0007434169713939786,0.38690937257939584,2.5845845845845847,0.019865440157564977,6.0,13.0,0.4615384615384616,0.6842105263157895,0.5199999999999998,0.013333333333333334,0.5199999999999998,0.5204750246647425,0.2400000000000001
graph_065_mu_0_4_node_743,32,0.09475806451612903,0.0018821461581310557,0.4227676682183665,2.3653653653653652,0.04076931793440012,10.0,22.0,0.45454545454545436,0.6875,0.7586206896551726,0.02265705458290423,0.5238095238095238,0.524613382330424,0.3448275862068967
graph_065_mu_0_4_node_744,34,0.0784313725490196,0.002226334883401843,0.4141791044776119,2.4144144144144146,0.03376011944637089,14.0,20.0,0.6999999999999998,0.5882352941176471,0.5405405405405405,0.020768431983385256,0.41666666666666674,0.4173977142578647,0.3783783783783784
graph_065_mu_0_4_node_745,21,0.05238095238095238,0.0009425870665319648,0.39548693586698336,2.5285285285285286,0.02355572330241749,4.0,17.0,0.23529411764705885,0.8095238095238098,0.5,0.017598343685300215,0.6799999999999998,0.6806210045662103,0.08823529411764702
graph_065_mu_0_4_node_746,23,0.15019762845849802,0.0009040705445436956,0.3967434471803018,2.5205205205205203,0.02855900937546174,9.0,14.0,0.6428571428571429,0.608695652173913,0.5833333333333334,0.01434426229508196,0.4375,0.43801165850449525,0.375
graph_065_mu_0_4_node_747,28,0.042328042328042326,0.0017149778697766625,0.40379951495553756,2.4764764764764764,0.02658063651876246,11.0,17.0,0.6470588235294118,0.6071428571428571,0.33333333333333326,0.01791359325605901,0.43589743589743607,0.43651875821752656,0.17647058823529405
graph_065_mu_0_4_node_748,28,0.06613756613756613,0.0016635203682172724,0.40478119935170176,2.4704704704704703,0.02565435165576731,10.0,18.0,0.5555555555555556,0.6428571428571429,1.1999999999999995,0.018274111675126905,0.4736842105263158,0.4743420090937765,0.6666666666666665
graph_065_mu_0_4_node_749,19,0.10526315789473684,0.0007637447059461443,0.3852680293096799,2.5955955955955954,0.01815513276749082,9.0,10.0,0.9000000000000002,0.5263157894736842,0.5555555555555556,0.010183299389002034,0.35714285714285704,0.35750838093845616,0.5
graph_065_mu_0_4_node_750,18,0.17647058823529413,0.0005072244787134874,0.38349328214971207,2.6076076076076076,0.023210945851025865,9.0,9.0,1.0,0.5,0.2727272727272726,0.009307135470527406,0.33333333333333326,0.3336623167745002,0.2727272727272726
graph_065_mu_0_4_node_751,21,0.08095238095238096,0.0008998401222206362,0.3903868698710434,2.5615615615615615,0.020875184827344056,8.0,13.0,0.6153846153846152,0.6190476190476188,0.43333333333333346,0.013402061855670106,0.44827586206896536,0.44875095617414396,0.2666666666666666
graph_065_mu_0_4_node_752,23,0.09486166007905138,0.0009986099902671614,0.3919183993723029,2.5515515515515514,0.022480826045615177,11.0,12.0,0.9166666666666664,0.5217391304347825,0.2553191489361702,0.012591815320041971,0.3529411764705881,0.35337983709348636,0.23404255319148948
graph_065_mu_0_4_node_753,24,0.06521739130434782,0.0010748425259585795,0.39721669980119284,2.5175175175175175,0.02612596778548919,7.0,17.0,0.41176470588235303,0.7083333333333334,0.5862068965517241,0.01750772399588054,0.5483870967741937,0.5490082374808323,0.2413793103448275
graph_065_mu_0_4_node_754,51,0.11137254901960784,0.004506314691060785,0.44321206743566993,2.2562562562562563,0.05595014270697256,23.0,28.0,0.8214285714285712,0.5490196078431371,1.0370370370370368,0.028776978417266178,0.3783783783783784,0.3794022192442554,0.8518518518518517
graph_065_mu_0_4_node_755,40,0.10668563300142248,0.002591792797956838,0.4269230769230769,2.3423423423423424,0.04265066768123538,18.0,22.0,0.8181818181818182,0.5499999999999999,0.6111111111111108,0.022821576763485465,0.3793103448275863,0.38011467357868306,0.4722222222222222
graph_065_mu_0_4_node_756,15,0.05714285714285714,0.00046402502952480693,0.3781226343679031,2.6446446446446448,0.015174729842507945,4.0,11.0,0.36363636363636365,0.7333333333333332,0.4400000000000001,0.011282051282051285,0.5789473684210529,0.5793492829959366,0.16
graph_065_mu_0_4_node_757,32,0.0846774193548387,0.0021130818471843354,0.4145228215767635,2.4124124124124124,0.034052413582440814,12.0,20.0,0.5999999999999998,0.625,0.6060606060606061,0.020682523267838683,0.45454545454545436,0.45527639526616226,0.36363636363636365
graph_065_mu_0_4_node_758,19,0.07017543859649122,0.0007285786373686774,0.3867595818815331,2.5855855855855854,0.020951850448467875,5.0,14.0,0.35714285714285704,0.7368421052631577,0.388888888888889,0.014522821576763488,0.5833333333333334,0.58384484228474,0.1388888888888889
graph_065_mu_0_4_node_759,17,0.08088235294117647,0.0006868901968429659,0.38028169014084506,2.6296296296296298,0.01626766147660291,6.0,11.0,0.5454545454545452,0.6470588235294118,0.6111111111111108,0.011201629327902243,0.4782608695652175,0.47866284288880584,0.33333333333333326
graph_065_mu_0_4_node_760,27,0.13105413105413105,0.0011805913236126045,0.40842191332788225,2.4484484484484486,0.035459215863489005,11.0,16.0,0.6875,0.5925925925925926,0.3478260869565216,0.016771488469601685,0.4210526315789473,0.42163742690058476,0.23913043478260876
graph_065_mu_0_4_node_761,46,0.15265700483091788,0.00357656171982431,0.43529411764705883,2.2972972972972974,0.054538677339232414,24.0,22.0,1.0909090909090904,0.4782608695652175,0.7586206896551726,0.02265705458290423,0.3142857142857142,0.3150903960706447,0.8275862068965517
graph_065_mu_0_4_node_762,22,0.1038961038961039,0.0009848174127099635,0.3967434471803018,2.5205205205205203,0.024812702486179335,8.0,14.0,0.5714285714285712,0.6363636363636365,0.5600000000000003,0.014358974358974354,0.46666666666666673,0.4671782877746918,0.32
graph_065_mu_0_4_node_763,24,0.06884057971014493,0.0012976236116791968,0.4051094890510949,2.4684684684684686,0.0267406556071273,7.0,17.0,0.41176470588235303,0.7083333333333334,0.5862068965517241,0.01750772399588054,0.5483870967741937,0.5490082374808323,0.2413793103448275
graph_065_mu_0_4_node_764,17,0.051470588235294115,0.0006124355107279357,0.38334612432847276,2.6086086086086087,0.01781253743554858,3.0,14.0,0.21428571428571427,0.8235294117647061,0.42424242424242414,0.014477766287487072,0.6999999999999998,0.7005114342076422,0.09090909090909091
graph_065_mu_0_4_node_765,25,0.12333333333333334,0.0011710075386349922,0.4007220216606498,2.4954954954954953,0.029122156734080876,10.0,15.0,0.6666666666666665,0.5999999999999998,0.5172413793103449,0.015447991761071062,0.42857142857142855,0.4291196541479792,0.3448275862068967
graph_065_mu_0_4_node_766,21,0.09523809523809523,0.0008932026751880541,0.39564356435643566,2.5275275275275275,0.023857483334442486,7.0,14.0,0.5,0.6666666666666665,0.388888888888889,0.014522821576763488,0.5,0.500511583717021,0.1944444444444445
graph_065_mu_0_4_node_767,18,0.05228758169934641,0.0007716981914311703,0.38408304498269896,2.6036036036036037,0.016953911648219498,5.0,13.0,0.38461538461538475,0.722222222222222,0.8666666666666669,0.013197969543147205,0.5652173913043478,0.5656923812564835,0.33333333333333326
graph_065_mu_0_4_node_768,34,0.10160427807486631,0.0021417081855851236,0.4095940959409594,2.4414414414414414,0.03161885087535086,17.0,17.0,1.0,0.5,0.6799999999999998,0.017435897435897435,0.33333333333333326,0.3339549282728192,0.6799999999999998
graph_065_mu_0_4_node_769,19,0.1286549707602339,0.000720885247629249,0.38334612432847276,2.6086086086086087,0.019116949628578975,8.0,11.0,0.7272727272727273,0.5789473684210529,0.33333333333333326,0.01137538779731127,0.4074074074074074,0.40780943949687765,0.21212121212121207
graph_065_mu_0_4_node_770,19,0.04678362573099415,0.0007250074110029056,0.39008199921905506,2.5635635635635636,0.023272038849988023,6.0,13.0,0.4615384615384616,0.6842105263157895,0.3513513513513515,0.013499480789200408,0.5199999999999998,0.5204750246647425,0.16216216216216225
graph_065_mu_0_4_node_771,29,0.09686609686609686,0.001488698238898893,0.39595719381688466,2.5255255255255253,0.02517488681658124,13.0,16.0,0.8125,0.5517241379310346,0.8421052631578946,0.0163098878695209,0.3809523809523811,0.38153726178291164,0.6315789473684211
graph_065_mu_0_4_node_772,23,0.0380952380952381,0.0010688037210311715,0.40120481927710844,2.4924924924924925,0.023730444048683304,7.0,16.0,0.4375,0.6956521739130432,1.0666666666666664,0.016243654822335023,0.5333333333333332,0.53391795771217,0.4000000000000001
graph_065_mu_0_4_node_773,33,0.10606060606060606,0.0021156437411071383,0.4188679245283019,2.3873873873873874,0.040580453221623,14.0,19.0,0.7368421052631577,0.5757575757575759,0.5757575757575759,0.019648397104446748,0.404255319148936,0.4049498397469549,0.39393939393939387
graph_065_mu_0_4_node_774,16,0.041666666666666664,0.0005829613510882212,0.3794151158374478,2.635635635635636,0.01481382743038116,3.0,13.0,0.2307692307692308,0.8125,0.5199999999999998,0.013333333333333334,0.6842105263157895,0.6846854468579296,0.12000000000000005
graph_065_mu_0_4_node_775,46,0.10465116279069768,0.0035006956160150656,0.44047619047619047,2.27027027027027,0.05294639330447548,21.0,25.0,0.84,0.5434782608695653,0.9259259259259256,0.025693730729701946,0.3731343283582091,0.3740484385633352,0.7407407407407407
graph_065_mu_0_4_node_776,41,0.06097560975609756,0.0031743300965733083,0.4274711168164313,2.339339339339339,0.040757806047054805,17.0,24.0,0.7083333333333334,0.5853658536585364,0.7272727272727273,0.02481902792140641,0.41379310344827586,0.414670424694072,0.48484848484848464
graph_065_mu_0_4_node_777,26,0.06153846153846154,0.0012363994932194197,0.3986432561851556,2.5085085085085086,0.02784365140317533,13.0,13.0,1.0,0.5,0.2826086956521739,0.013626834381551357,0.33333333333333326,0.3338086011284564,0.26086956521739124
graph_065_mu_0_4_node_778,20,0.08496732026143791,0.000718982374400305,0.38202676864244745,2.6176176176176176,0.017239002769422286,7.0,13.0,0.5384615384615384,0.6500000000000002,1.1818181818181819,0.013144590495449943,0.4814814814814816,0.48195654086390427,0.5454545454545452
graph_065_mu_0_4_node_779,25,0.12333333333333334,0.001305138342975221,0.39564356435643566,2.5275275275275275,0.02280051096820634,10.0,15.0,0.6666666666666665,0.5999999999999998,0.9375,0.015243902439024395,0.42857142857142855,0.4291196541479792,0.625
graph_065_mu_0_4_node_780,31,0.09113300492610837,0.0016946562445453782,0.4054383116883117,2.4664664664664664,0.030154407821131265,12.0,19.0,0.6315789473684211,0.6129032258064517,0.6333333333333331,0.019587628865979374,0.44186046511627897,0.4425548841799099,0.3666666666666666
graph_065_mu_0_4_node_781,46,0.10993657505285412,0.003408309715649664,0.43434782608695655,2.3023023023023024,0.05133947884333661,19.0,27.0,0.7037037037037039,0.5869565217391305,1.08,0.027692307692307686,0.41538461538461546,0.4163716378667941,0.72
graph_065_mu_0_4_node_782,21,0.1286549707602339,0.0007316902583897793,0.38173481085212074,2.6196196196196198,0.017317743155996924,10.0,11.0,0.9090909090909087,0.5238095238095238,0.6875,0.011178861788617886,0.3548387096774193,0.35524080054995644,0.5625
graph_065_mu_0_4_node_783,30,0.04367816091954023,0.0019762976260243926,0.4138359569179785,2.4164164164164164,0.03186703814193398,8.0,22.0,0.36363636363636365,0.7333333333333332,0.5945945945945947,0.022845275181723787,0.5789473684210529,0.5797511094703,0.21621621621621626
graph_065_mu_0_4_node_784,28,0.06084656084656084,0.0016059879066942187,0.4059325477448192,2.4634634634634636,0.030384931672410007,8.0,20.0,0.4000000000000001,0.7142857142857141,0.5882352941176471,0.020703933747412008,0.5555555555555556,0.5562862826289938,0.23529411764705885
graph_065_mu_0_4_node_785,25,0.07333333333333333,0.0011673877620126095,0.4015273311897106,2.4904904904904903,0.028882802706181734,10.0,15.0,0.6666666666666665,0.5999999999999998,0.3260869565217392,0.015723270440251572,0.42857142857142855,0.4291196541479792,0.19565217391304346
graph_065_mu_0_4_node_786,22,0.0735930735930736,0.0011320974398403225,0.39315230224321135,2.5435435435435436,0.021045473791667355,8.0,14.0,0.5714285714285712,0.6363636363636365,0.34146341463414637,0.014598540145985404,0.46666666666666673,0.4671782877746918,0.19512195121951223
graph_065_mu_0_4_node_787,26,0.07076923076923076,0.0014400100570486278,0.4052738336713996,2.4674674674674675,0.02585815145039368,8.0,18.0,0.4444444444444446,0.6923076923076923,0.75,0.01844262295081967,0.5294117647058824,0.5300694671320735,0.33333333333333326
graph_065_mu_0_4_node_788,26,0.028985507246376812,0.0013777757656946593,0.39611419508326723,2.5245245245245247,0.021489576335002817,7.0,19.0,0.36842105263157887,0.7307692307692305,0.8636363636363634,0.019427402862985686,0.5757575757575759,0.5764517411150709,0.2727272727272726
graph_065_mu_0_4_node_789,39,0.11561561561561562,0.0023719383188949375,0.42223161453930685,2.3683683683683685,0.043087962927062164,20.0,19.0,1.0526315789473684,0.48717948717948717,0.6551724137931033,0.01956745623069001,0.3220338983050847,0.32272872368449596,0.6551724137931033
graph_065_mu_0_4_node_790,19,0.029239766081871343,0.0008530253947809787,0.3821729150726855,2.6166166166166165,0.016380747400686856,2.0,17.0,0.11764705882352942,0.8947368421052634,0.7727272727272727,0.017382413087934562,0.8095238095238098,0.8101447233628833,0.045454545454545456
graph_065_mu_0_4_node_791,27,0.08547008547008547,0.0014581126408037132,0.40217391304347827,2.4864864864864864,0.026678548456695313,9.0,18.0,0.5,0.6666666666666665,0.9473684210526316,0.01834862385321101,0.5,0.500657750493313,0.4736842105263158
graph_065_mu_0_4_node_792,18,0.05228758169934641,0.0006302944303841522,0.3863109048723898,2.5885885885885886,0.01939132765350765,4.0,14.0,0.2857142857142856,0.777777777777778,0.777777777777778,0.014256619144602854,0.6363636363636365,0.6368751079404301,0.2222222222222223
graph_065_mu_0_4_node_793,32,0.04827586206896552,0.0020525873314683227,0.41060419235511714,2.4354354354354353,0.029601478690751155,9.0,23.0,0.3913043478260869,0.71875,1.2777777777777783,0.02342158859470468,0.5609756097560974,0.5618159151888548,0.4444444444444446
graph_065_mu_0_4_node_794,29,0.04187192118226601,0.001688388285005897,0.4079216006533279,2.4514514514514514,0.03366862988454765,8.0,21.0,0.3809523809523811,0.7241379310344828,0.45652173913043465,0.0220125786163522,0.5675675675675675,0.5683348029626938,0.1739130434782608
graph_065_mu_0_4_node_795,32,0.09885057471264368,0.0017696760925175299,0.4104354971240756,2.4364364364364364,0.030936046539292373,14.0,18.0,0.777777777777778,0.5625,0.9473684210526316,0.01834862385321101,0.3913043478260869,0.39196233876043424,0.6842105263157895
graph_065_mu_0_4_node_796,26,0.2,0.0011521151235158698,0.3964285714285714,2.5225225225225225,0.027459328848029402,13.0,13.0,1.0,0.5,0.722222222222222,0.013238289205702643,0.33333333333333326,0.3338086011284564,0.722222222222222
graph_065_mu_0_4_node_797,16,0.08333333333333333,0.0005148752078449502,0.3735976065818998,2.6766766766766765,0.014413760964290772,8.0,8.0,1.0,0.5,0.21621621621621626,0.0083073727933541,0.33333333333333326,0.33362575236981257,0.21621621621621626
graph_065_mu_0_4_node_798,30,0.09195402298850575,0.0018172988573468144,0.4148671096345515,2.4104104104104103,0.03228958597399593,14.0,16.0,0.875,0.5333333333333332,0.5333333333333332,0.01649484536082474,0.36363636363636365,0.364221287230719,0.46666666666666673
graph_065_mu_0_4_node_799,33,0.15268817204301074,0.001523625084798307,0.404126213592233,2.4744744744744747,0.03613826791508088,17.0,16.0,1.0625,0.48484848484848464,0.5517241379310346,0.0164778578784758,0.32,0.3205850519233583,0.5517241379310346
graph_065_mu_0_4_node_800,15,0.05714285714285714,0.0005355312698758856,0.3786959818043973,2.640640640640641,0.016675967975239084,4.0,11.0,0.36363636363636365,0.7333333333333332,0.5,0.011247443762781187,0.5789473684210529,0.5793492829959366,0.1363636363636363
graph_065_mu_0_4_node_801,31,0.06666666666666667,0.002057315739597031,0.41263940520446096,2.4234234234234235,0.028696924498256834,13.0,18.0,0.722222222222222,0.5806451612903225,1.0,0.018329938900203673,0.4090909090909091,0.40974885192298766,0.722222222222222
graph_065_mu_0_4_node_802,22,0.23157894736842105,0.0006590912983455789,0.38275862068965516,2.6126126126126126,0.02049071565837026,13.0,9.0,1.444444444444444,0.4090909090909091,0.5294117647058824,0.00915564598168871,0.2571428571428571,0.2574719368167026,0.7058823529411762
graph_065_mu_0_4_node_803,23,0.05138339920948617,0.0011408965515896762,0.3940828402366864,2.5375375375375375,0.022386636341843544,7.0,16.0,0.4375,0.6956521739130432,0.7272727272727273,0.016359918200409,0.5333333333333332,0.53391795771217,0.31818181818181823
graph_065_mu_0_4_node_804,20,0.06842105263157895,0.0008567604918418992,0.3875096974398759,2.5805805805805804,0.020490894462333487,5.0,15.0,0.33333333333333326,0.75,0.8333333333333335,0.01527494908350305,0.5999999999999998,0.600548025282233,0.2777777777777778
graph_065_mu_0_4_node_805,27,0.02,0.0014143814276270843,0.40675895765472314,2.4584584584584586,0.02585560539121726,5.0,22.0,0.22727272727272718,0.8148148148148148,1.2222222222222217,0.022403258655804486,0.6875,0.688303564906129,0.2222222222222223
graph_065_mu_0_4_node_806,18,0.032679738562091505,0.0007088993582378239,0.38735944164404806,2.5815815815815815,0.018425479816923808,3.0,15.0,0.20000000000000004,0.8333333333333335,0.29411764705882354,0.015806111696522657,0.7142857142857141,0.7148336594911939,0.05882352941176471
graph_065_mu_0_4_node_807,23,0.07905138339920949,0.0010572648688426337,0.39832535885167464,2.5105105105105103,0.02513285558240267,7.0,16.0,0.4375,0.6956521739130432,0.7272727272727273,0.016359918200409,0.5333333333333332,0.53391795771217,0.31818181818181823
graph_065_mu_0_4_node_808,33,0.10227272727272728,0.0019568015043891634,0.4138359569179785,2.4164164164164164,0.03492813836531188,16.0,17.0,0.9411764705882354,0.5151515151515154,0.5862068965517241,0.01750772399588054,0.34693877551020413,0.34756032499651174,0.5172413793103449
graph_065_mu_0_4_node_809,17,0.04411764705882353,0.0006424058046822367,0.376271186440678,2.6576576576576576,0.015199871348260683,3.0,14.0,0.21428571428571427,0.8235294117647061,0.5600000000000003,0.014358974358974354,0.6999999999999998,0.7005114342076422,0.08
graph_065_mu_0_4_node_810,27,0.05413105413105413,0.0016390943194760298,0.40056134723336007,2.4964964964964964,0.02462129208633729,11.0,16.0,0.6875,0.5925925925925926,0.39024390243902446,0.016684045881126177,0.4210526315789473,0.42163742690058476,0.26829268292682934
graph_065_mu_0_4_node_811,26,0.08,0.0013292355022265733,0.4072564207093355,2.4554554554554553,0.029900020007050943,9.0,17.0,0.5294117647058824,0.6538461538461539,0.5862068965517241,0.01750772399588054,0.4857142857142857,0.48633551721437684,0.2758620689655173
graph_065_mu_0_4_node_812,21,0.10952380952380952,0.0008778924924516624,0.39721669980119284,2.5175175175175175,0.02525907364616064,9.0,12.0,0.75,0.5714285714285712,0.36363636363636365,0.012409513960703205,0.4000000000000001,0.40043859649122815,0.24242424242424232
graph_065_mu_0_4_node_813,25,0.05,0.0012929783437598918,0.39753282928770395,2.5155155155155153,0.023833985895984504,11.0,14.0,0.7857142857142859,0.5600000000000003,0.27450980392156854,0.014752370916754472,0.388888888888889,0.38940062220272775,0.19607843137254907
graph_065_mu_0_4_node_814,24,0.10507246376811594,0.0011385490971413197,0.3929976396538159,2.5445445445445447,0.022512021251084053,9.0,15.0,0.5999999999999998,0.625,0.8823529411764709,0.015259409969481184,0.45454545454545436,0.4550936400514296,0.5294117647058824
graph_065_mu_0_4_node_815,20,0.08947368421052632,0.0009136888710351232,0.3867595818815331,2.5855855855855854,0.01844859847471198,7.0,13.0,0.5384615384615384,0.6500000000000002,0.722222222222222,0.013238289205702643,0.4814814814814816,0.48195654086390427,0.388888888888889
graph_065_mu_0_4_node_816,24,0.11956521739130435,0.0010398495773850985,0.4020120724346076,2.4874874874874875,0.03139391186850489,11.0,13.0,0.8461538461538461,0.5416666666666667,0.2826086956521739,0.013626834381551357,0.37142857142857155,0.37190376973247913,0.23913043478260876
graph_065_mu_0_4_node_817,18,0.0392156862745098,0.0007530219189237574,0.38660990712074306,2.5865865865865865,0.017408763736111034,5.0,13.0,0.38461538461538475,0.722222222222222,0.361111111111111,0.013485477178423242,0.5652173913043478,0.5656923812564835,0.11111111111111115
graph_065_mu_0_4_node_818,27,0.08547008547008547,0.0015557022945688905,0.4016887816646562,2.4894894894894897,0.025628283940981496,11.0,16.0,0.6875,0.5925925925925926,0.39024390243902446,0.016684045881126177,0.4210526315789473,0.42163742690058476,0.26829268292682934
graph_065_mu_0_4_node_819,22,0.08947368421052632,0.0008647082980604337,0.38349328214971207,2.6076076076076076,0.018826455638862857,9.0,13.0,0.6923076923076923,0.5909090909090909,0.5909090909090909,0.013292433537832306,0.4193548387096773,0.4198299675426878,0.36363636363636365
graph_065_mu_0_4_node_820,18,0.058823529411764705,0.0005719208401405004,0.38261202604366146,2.6136136136136137,0.02017268534034482,6.0,12.0,0.5,0.6666666666666665,0.36363636363636365,0.012409513960703205,0.5,0.5004385003288753,0.18181818181818182
graph_065_mu_0_4_node_821,25,0.15666666666666668,0.001077434411673298,0.3953304313415117,2.5295295295295297,0.029717444141283116,13.0,12.0,1.0833333333333335,0.4800000000000002,0.26086956521739124,0.012578616352201257,0.31578947368421056,0.31622819845753597,0.2826086956521739
graph_065_mu_0_4_node_822,27,0.08262108262108261,0.0013593744667362282,0.4054383116883117,2.4664664664664664,0.028850131883247025,12.0,15.0,0.8000000000000002,0.5555555555555556,0.3191489361702127,0.01573976915005246,0.38461538461538475,0.3851636903506626,0.2553191489361702
graph_065_mu_0_4_node_823,20,0.08421052631578947,0.0007837647530749692,0.3940828402366864,2.5375375375375375,0.023878700149429857,5.0,15.0,0.33333333333333326,0.75,0.8333333333333335,0.01527494908350305,0.5999999999999998,0.600548025282233,0.2777777777777778
graph_065_mu_0_4_node_824,30,0.047619047619047616,0.0015238437813822842,0.41400745959386653,2.4154154154154153,0.03135196719036309,14.0,16.0,0.875,0.5333333333333332,0.3137254901960783,0.016859852476290824,0.36363636363636365,0.364221287230719,0.2549019607843137
graph_065_mu_0_4_node_825,30,0.1471264367816092,0.0014819114241013775,0.4054383116883117,2.4664664664664664,0.03568154557952761,15.0,15.0,1.0,0.5,0.45454545454545436,0.015511892450879004,0.33333333333333326,0.3338817593506636,0.45454545454545436
graph_065_mu_0_4_node_826,26,0.04923076923076923,0.0014907824671784422,0.4060975609756098,2.4624624624624625,0.026926560047326503,7.0,19.0,0.36842105263157887,0.7307692307692305,0.8636363636363634,0.019427402862985686,0.5757575757575759,0.5764517411150709,0.31818181818181823
graph_065_mu_0_4_node_827,20,0.11578947368421053,0.0008072240697974204,0.38334612432847276,2.6086086086086087,0.018846135340514856,9.0,11.0,0.8181818181818182,0.5499999999999999,0.5,0.011247443762781187,0.3793103448275863,0.3797124063064414,0.4090909090909091
graph_065_mu_0_4_node_828,51,0.08928571428571429,0.004457281205163142,0.43873517786561267,2.279279279279279,0.05059661177664497,23.0,28.0,0.8214285714285712,0.5490196078431371,0.96551724137931,0.02883625128733264,0.3783783783783784,0.3794022192442554,0.7586206896551726
graph_065_mu_0_4_node_829,21,0.04285714285714286,0.000930564321037814,0.39658594680428744,2.5215215215215214,0.023112286059787848,3.0,18.0,0.16666666666666663,0.8571428571428571,0.6206896551724139,0.01853759011328527,0.75,0.7506574621959239,0.10344827586206896
graph_065_mu_0_4_node_830,27,0.13105413105413105,0.0013294892851702558,0.4033104561970125,2.4794794794794797,0.03187141632248292,11.0,16.0,0.6875,0.5925925925925926,0.5925925925925926,0.01644398766700925,0.4210526315789473,0.42163742690058476,0.4074074074074074
graph_065_mu_0_4_node_831,25,0.07666666666666666,0.0013382458736226875,0.39548693586698336,2.5285285285285286,0.02243655900411462,9.0,16.0,0.5625,0.64,0.7272727272727273,0.016359918200409,0.4705882352941177,0.4711729451318608,0.4090909090909091
graph_065_mu_0_4_node_832,17,0.058823529411764705,0.000702133768922905,0.38173481085212074,2.6196196196196198,0.016121967116449636,5.0,12.0,0.41666666666666674,0.7058823529411762,0.5,0.012295081967213118,0.5454545454545452,0.5458930137386728,0.20833333333333337
graph_065_mu_0_4_node_833,17,0.08823529411764706,0.0005485793251063883,0.38129770992366413,2.6226226226226226,0.01771527819819954,7.0,10.0,0.6999999999999998,0.5882352941176471,0.33333333333333326,0.010309278350515462,0.41666666666666674,0.4170321370270207,0.23333333333333336
graph_065_mu_0_4_node_834,25,0.09,0.0011933452242873714,0.40478119935170176,2.4704704704704703,0.030285991351646096,11.0,14.0,0.7857142857142859,0.5600000000000003,0.3043478260869565,0.014675052410901472,0.388888888888889,0.38940062220272775,0.23913043478260876
graph_065_mu_0_4_node_835,31,0.1896551724137931,0.0012769965553622318,0.40445344129554656,2.4724724724724725,0.03503833567736206,17.0,14.0,1.2142857142857142,0.4516129032258062,0.5833333333333334,0.01434426229508196,0.2916666666666667,0.29217862453984733,0.6666666666666665
graph_065_mu_0_4_node_836,32,0.13793103448275862,0.0015672099617532087,0.41366459627329194,2.4174174174174174,0.04379033700150299,15.0,17.0,0.8823529411764709,0.53125,0.5666666666666665,0.017525773195876282,0.3617021276595746,0.3623236316993506,0.46666666666666673
graph_065_mu_0_4_node_837,28,0.13756613756613756,0.0012658961783503313,0.4141791044776119,2.4144144144144146,0.04228670751867552,12.0,16.0,0.75,0.5714285714285712,0.5333333333333332,0.01649484536082474,0.4000000000000001,0.40058483807295864,0.4000000000000001
graph_065_mu_0_4_node_838,27,0.1111111111111111,0.001454286318291221,0.40445344129554656,2.4724724724724725,0.03060708923150884,11.0,16.0,0.6875,0.5925925925925926,0.5517241379310346,0.0164778578784758,0.4210526315789473,0.42163742690058476,0.3793103448275863
graph_065_mu_0_4_node_839,27,0.06552706552706553,0.001424205887614355,0.408923454768727,2.4454454454454453,0.029108984039523483,10.0,17.0,0.5882352941176471,0.6296296296296297,0.4722222222222222,0.017634854771784225,0.4594594594594596,0.46008073636623154,0.25
graph_065_mu_0_4_node_840,28,0.15873015873015872,0.0012590198551074966,0.4062627084180561,2.4614614614614614,0.03931387196735378,13.0,15.0,0.8666666666666669,0.5357142857142857,0.5,0.015463917525773198,0.36585365853658547,0.366402004360018,0.43333333333333346
graph_065_mu_0_4_node_841,24,0.08695652173913043,0.0012955183104594635,0.3908450704225352,2.5585585585585586,0.01916343285509016,10.0,14.0,0.7142857142857141,0.5833333333333334,1.0,0.014198782961460437,0.41176470588235303,0.4122764017887856,0.7142857142857141
graph_065_mu_0_4_node_842,23,0.039525691699604744,0.001106426934753693,0.40478119935170176,2.4704704704704703,0.026883831951263617,5.0,18.0,0.2777777777777778,0.7826086956521738,0.5454545454545452,0.018614270941054813,0.6428571428571429,0.6435147011241116,0.15151515151515152
graph_065_mu_0_4_node_843,23,0.05138339920948617,0.0011542100236547836,0.40120481927710844,2.4924924924924925,0.02475403305742837,5.0,18.0,0.2777777777777778,0.7826086956521738,1.2857142857142858,0.018255578093306298,0.6428571428571429,0.6435147011241116,0.35714285714285704
graph_065_mu_0_4_node_844,31,0.0960591133004926,0.0014797342362442528,0.41195876288659794,2.4274274274274275,0.03620563670237379,15.0,16.0,0.9375,0.5161290322580643,0.4324324324324325,0.0166147455867082,0.3478260869565216,0.34841105332095584,0.3783783783783784
graph_065_mu_0_4_node_845,22,0.12987012987012986,0.0007813761739970506,0.38901869158878505,2.5705705705705704,0.026478987820999285,11.0,11.0,1.0,0.5,0.3793103448275863,0.011328527291452116,0.33333333333333326,0.3337354536038505,0.3793103448275863
graph_065_mu_0_4_node_846,24,0.14130434782608695,0.0010721583608824814,0.3919183993723029,2.5515515515515514,0.022101143250960555,12.0,12.0,1.0,0.5,0.5,0.012295081967213118,0.33333333333333326,0.33377202602910006,0.5
graph_065_mu_0_4_node_847,55,0.11973875181422351,0.004751078505401259,0.45081227436823107,2.2182182182182184,0.06504103886958396,27.0,28.0,0.964285714285714,0.5090909090909089,0.96551724137931,0.02883625128733264,0.34146341463414637,0.34248755508769424,0.8965517241379307
graph_065_mu_0_4_node_848,48,0.1246376811594203,0.0036371249359298465,0.43397046046915727,2.304304304304304,0.05240264238587626,22.0,26.0,0.8461538461538461,0.5416666666666667,1.0833333333333335,0.02663934426229508,0.37142857142857155,0.37237928080402843,0.875
graph_065_mu_0_4_node_849,27,0.05128205128205128,0.0015920428974389841,0.4023358840112767,2.4854854854854853,0.02499930425778184,7.0,20.0,0.3499999999999999,0.7407407407407407,1.8181818181818175,0.02022244691607684,0.5882352941176471,0.5889659677987813,0.6363636363636365
graph_065_mu_0_4_node_850,26,0.11692307692307692,0.0011479503975426548,0.4054383116883117,2.4664664664664664,0.03190547223154114,11.0,15.0,0.7333333333333332,0.5769230769230768,0.625,0.015368852459016395,0.4054054054054053,0.40595367105838975,0.4583333333333332
graph_065_mu_0_4_node_851,50,0.11702127659574468,0.0040836241363920375,0.4393139841688654,2.2762762762762763,0.05265235566849061,24.0,26.0,0.9230769230769232,0.5199999999999998,0.9629629629629632,0.02672147995889002,0.3513513513513515,0.35230219980073685,0.8518518518518517
graph_065_mu_0_4_node_852,22,0.06060606060606061,0.0010088667507684316,0.3939274447949527,2.5385385385385386,0.024082030121725995,7.0,15.0,0.46666666666666673,0.6818181818181818,0.41666666666666674,0.015560165975103736,0.5172413793103449,0.5177894846927398,0.16666666666666663
graph_065_mu_0_4_node_853,22,0.042105263157894736,0.0009448071254536631,0.3837879369957741,2.6056056056056054,0.0182290832393912,7.0,15.0,0.46666666666666673,0.6818181818181818,1.0714285714285714,0.015212981744421901,0.5172413793103449,0.5177894846927398,0.42857142857142855
graph_065_mu_0_4_node_854,34,0.11764705882352941,0.0021026174890812414,0.4183417085427136,2.3903903903903903,0.03971914054943952,14.0,20.0,0.6999999999999998,0.5882352941176471,0.7407407407407407,0.02055498458376156,0.41666666666666674,0.4173977142578647,0.5185185185185184
graph_065_mu_0_4_node_855,26,0.08307692307692308,0.0013108606948041964,0.4049452776651804,2.4694694694694697,0.02846066198707624,9.0,17.0,0.5294117647058824,0.6538461538461539,0.3617021276595746,0.01783840503672613,0.4857142857142857,0.48633551721437684,0.19148936170212763
graph_065_mu_0_4_node_856,25,0.1,0.00104204236830543,0.40478119935170176,2.4704704704704703,0.03060352568339191,9.0,16.0,0.5625,0.64,0.6666666666666665,0.016393442622950814,0.4705882352941177,0.4711729451318608,0.375
graph_065_mu_0_4_node_857,28,0.12433862433862433,0.0014029522866718025,0.41060419235511714,2.4354354354354353,0.03221060777224481,11.0,17.0,0.6470588235294118,0.6071428571428571,0.5862068965517241,0.01750772399588054,0.43589743589743607,0.43651875821752656,0.3793103448275863
graph_065_mu_0_4_node_858,16,0.05,0.0005279788489435225,0.37712344280860705,2.6516516516516515,0.015782221274529232,6.0,10.0,0.5999999999999998,0.625,0.41666666666666674,0.010245901639344265,0.45454545454545436,0.45491089819404373,0.25
graph_065_mu_0_4_node_859,22,0.09090909090909091,0.0009487872599963656,0.39423835832675613,2.5365365365365364,0.022564126736171114,10.0,12.0,0.8333333333333335,0.5454545454545452,0.4800000000000002,0.012307692307692306,0.375,0.375438628554719,0.4000000000000001
graph_065_mu_0_4_node_860,18,0.0718954248366013,0.0006737357426851305,0.3852680293096799,2.5955955955955954,0.019453197451941847,3.0,15.0,0.20000000000000004,0.8333333333333335,0.625,0.015368852459016395,0.7142857142857141,0.7148336594911939,0.125
graph_065_mu_0_4_node_861,18,0.1503267973856209,0.0005392615922768734,0.3881118881118881,2.5765765765765765,0.02438409381126685,8.0,10.0,0.8000000000000002,0.5555555555555556,0.30303030303030304,0.010341261633919342,0.38461538461538475,0.38498088169140815,0.24242424242424232
graph_065_mu_0_4_node_862,18,0.05228758169934641,0.0007060234629957179,0.3824655436447167,2.6146146146146148,0.017646242414459452,4.0,14.0,0.2857142857142856,0.777777777777778,0.5833333333333334,0.01434426229508196,0.6363636363636365,0.6368751079404301,0.16666666666666663
graph_065_mu_0_4_node_863,23,0.1067193675889328,0.0010859187554464102,0.390539483971853,2.5605605605605604,0.022673774098078355,9.0,14.0,0.6428571428571429,0.608695652173913,0.388888888888889,0.014522821576763488,0.4375,0.43801165850449525,0.25
graph_065_mu_0_4_node_864,23,0.08695652173913043,0.0011660626665721263,0.4018503620273532,2.4884884884884886,0.027845147992063606,7.0,16.0,0.4375,0.6956521739130432,0.5925925925925926,0.01644398766700925,0.5333333333333332,0.53391795771217,0.2592592592592592
graph_065_mu_0_4_node_865,34,0.08377896613190731,0.002295914716116531,0.41816659690246966,2.3913913913913913,0.03359780358967278,14.0,20.0,0.6999999999999998,0.5882352941176471,0.8333333333333335,0.02049180327868853,0.41666666666666674,0.4173977142578647,0.5833333333333334
graph_065_mu_0_4_node_866,29,0.10344827586206896,0.0015013869724500523,0.4079216006533279,2.4514514514514514,0.03341234104518764,13.0,16.0,0.8125,0.5517241379310346,0.4705882352941177,0.016563146997929604,0.3809523809523811,0.38153726178291164,0.3529411764705881
graph_065_mu_0_4_node_867,22,0.08225108225108226,0.000942146004436459,0.39454976303317535,2.5345345345345347,0.02506447875716331,6.0,16.0,0.375,0.7272727272727273,0.48484848484848464,0.01654601861427094,0.5714285714285712,0.5720131530873218,0.18181818181818182
graph_065_mu_0_4_node_868,22,0.11688311688311688,0.0009233021200145079,0.39315230224321135,2.5435435435435436,0.023136382872728255,10.0,12.0,0.8333333333333335,0.5454545454545452,0.3243243243243245,0.012461059190031152,0.375,0.375438628554719,0.27027027027027023
graph_065_mu_0_4_node_869,24,0.03985507246376811,0.0012507905317360245,0.4046172539489672,2.4714714714714714,0.026661188965336726,5.0,19.0,0.2631578947368421,0.7916666666666665,0.5135135135135133,0.019730010384215995,0.6551724137931033,0.6558664777200442,0.13513513513513511
graph_065_mu_0_4_node_870,16,0.058333333333333334,0.0005437150788990846,0.3842307692307692,2.6026026026026026,0.016401002494345368,4.0,12.0,0.33333333333333326,0.75,0.4800000000000002,0.012307692307692306,0.5999999999999998,0.6004384362440629,0.16
graph_065_mu_0_4_node_871,27,0.13333333333333333,0.001139044949198191,0.39800796812749006,2.5125125125125125,0.028787743489690584,13.0,14.0,0.9285714285714288,0.5185185185185184,0.482758620689655,0.01441812564366632,0.3499999999999999,0.35051180814506105,0.41379310344827586
graph_065_mu_0_4_node_872,34,0.04032258064516129,0.00232508842315513,0.4145228215767635,2.4124124124124124,0.03299873519338853,6.0,28.0,0.21428571428571427,0.8235294117647061,1.75,0.02845528455284552,0.6999999999999998,0.7010225695712512,0.3125
graph_065_mu_0_4_node_873,17,0.04411764705882353,0.0006086145046401665,0.38334612432847276,2.6086086086086087,0.01721072800967357,4.0,13.0,0.3076923076923076,0.7647058823529413,0.43333333333333346,0.013402061855670106,0.6190476190476188,0.6195225742922208,0.1333333333333333
graph_065_mu_0_4_node_874,25,0.043478260869565216,0.0011681781194755403,0.399919935948759,2.5005005005005003,0.02384311743468837,8.0,17.0,0.4705882352941177,0.6799999999999998,0.9444444444444444,0.017311608961303463,0.5151515151515154,0.5157727012515626,0.388888888888889
graph_065_mu_0_4_node_875,17,0.08088235294117647,0.0005823422509777537,0.3792710706150342,2.6366366366366365,0.0175089328344476,6.0,11.0,0.5454545454545452,0.6470588235294118,0.4583333333333332,0.011270491803278687,0.4782608695652175,0.47866284288880584,0.25
graph_065_mu_0_4_node_876,25,0.08,0.001242886078015799,0.4072564207093355,2.4554554554554553,0.030050020974473172,8.0,17.0,0.4705882352941177,0.6799999999999998,0.4594594594594596,0.01765316718587747,0.5151515151515154,0.5157727012515626,0.21621621621621626
graph_065_mu_0_4_node_877,18,0.0457516339869281,0.0006827715417415705,0.3858632676709154,2.5915915915915915,0.01788244261400635,6.0,12.0,0.5,0.6666666666666665,0.2926829268292682,0.012513034410844635,0.5,0.5004385003288753,0.1463414634146341
graph_065_mu_0_4_node_878,20,0.0457516339869281,0.0008078194025768505,0.3754227733934611,2.6636636636636637,0.014094695369559672,6.0,14.0,0.42857142857142855,0.6999999999999998,0.6363636363636365,0.01431492842535787,0.5384615384615384,0.5389730847930202,0.22727272727272718
graph_065_mu_0_4_node_879,30,0.05747126436781609,0.0018982324439449773,0.41366459627329194,2.4174174174174174,0.03109213611913535,9.0,21.0,0.42857142857142855,0.6999999999999998,0.875,0.02151639344262296,0.5384615384615384,0.5392288299226805,0.375
graph_065_mu_0_4_node_880,36,0.12380952380952381,0.002288544180681576,0.42258883248730966,2.3663663663663663,0.03999389554404035,16.0,20.0,0.8000000000000002,0.5555555555555556,0.6896551724137934,0.02059732234809475,0.38461538461538475,0.3853465391083289,0.5517241379310346
graph_065_mu_0_4_node_881,32,0.17943548387096775,0.0016229185017264758,0.4095940959409594,2.4414414414414414,0.039937190643083875,17.0,15.0,1.133333333333333,0.46875,0.44117647058823545,0.015527950310559004,0.3061224489795918,0.3066709552142794,0.5
graph_065_mu_0_4_node_882,29,0.08262108262108261,0.0014328624645529528,0.4033104561970125,2.4794794794794797,0.030550474706087297,13.0,16.0,0.8125,0.5517241379310346,0.4444444444444446,0.01659751037344398,0.3809523809523811,0.38153726178291164,0.33333333333333326
graph_065_mu_0_4_node_883,33,0.045454545454545456,0.0022969349712673105,0.42258883248730966,2.3663663663663663,0.035025425340947616,9.0,24.0,0.375,0.7272727272727273,0.648648648648649,0.024922118380062305,0.5714285714285712,0.5723053798459323,0.21621621621621626
graph_065_mu_0_4_node_884,30,0.08045977011494253,0.001829678836484355,0.4057676685621446,2.4644644644644647,0.028032696122432005,9.0,21.0,0.42857142857142855,0.6999999999999998,1.2352941176470587,0.02136317395727366,0.5384615384615384,0.5392288299226805,0.5294117647058824
graph_065_mu_0_4_node_885,35,0.12310606060606061,0.0019480966118620522,0.41263940520446096,2.4234234234234235,0.0380564448509498,18.0,17.0,1.0588235294117647,0.4857142857142857,0.5862068965517241,0.01750772399588054,0.3207547169811321,0.32137635738044457,0.5862068965517241
graph_065_mu_0_4_node_886,29,0.1724137931034483,0.0013786437952450804,0.40925850061450225,2.4434434434434436,0.034359852603167734,15.0,14.0,1.0714285714285714,0.482758620689655,0.5600000000000003,0.014358974358974354,0.31818181818181823,0.3186937011799901,0.5999999999999998
graph_065_mu_0_4_node_887,21,0.047619047619047616,0.0009404245042559029,0.3948616600790514,2.5325325325325325,0.021641611594531863,4.0,17.0,0.23529411764705885,0.8095238095238098,0.4722222222222222,0.017634854771784225,0.6799999999999998,0.6806210045662103,0.11111111111111115
graph_065_mu_0_4_node_888,42,0.1440185830429733,0.0028741515164321936,0.43134715025906734,2.3183183183183185,0.05194786745429261,21.0,21.0,1.0,0.5,0.6176470588235293,0.0217391304347826,0.33333333333333326,0.33410129822636675,0.6176470588235293
graph_065_mu_0_4_node_889,41,0.15114709851551958,0.0024880127175137276,0.4247448979591837,2.354354354354354,0.045755028522183036,20.0,21.0,0.9523809523809524,0.5121951219512193,0.84,0.021538461538461545,0.3442622950819674,0.34503020381052973,0.7599999999999999
graph_065_mu_0_4_node_890,30,0.17471264367816092,0.0015358515886288167,0.411619283065513,2.4294294294294296,0.03720604193952198,15.0,15.0,1.0,0.5,0.5172413793103449,0.015447991761071062,0.33333333333333326,0.3338817593506636,0.5172413793103449
graph_065_mu_0_4_node_891,31,0.11397849462365592,0.0019263079248209144,0.40379951495553756,2.4764764764764764,0.02661665195033964,16.0,15.0,1.0666666666666664,0.4838709677419357,0.8333333333333335,0.01527494908350305,0.3191489361702127,0.3196974022932885,0.8888888888888892
graph_065_mu_0_4_node_892,50,0.13224489795918368,0.004195605017663307,0.4479820627802691,2.2322322322322323,0.05781880847620026,25.0,25.0,1.0,0.5,0.8620689655172417,0.02574665293511844,0.33333333333333326,0.3342477110078879,0.8620689655172417
graph_065_mu_0_4_node_893,20,0.05263157894736842,0.0007632445969147748,0.3967434471803018,2.5205205205205203,0.02324951925197828,5.0,15.0,0.33333333333333326,0.75,0.4054054054054053,0.01557632398753894,0.5999999999999998,0.600548025282233,0.10810810810810813
graph_065_mu_0_4_node_894,30,0.14022988505747128,0.0015694763452501709,0.4100985221674877,2.4384384384384385,0.03599717467459546,13.0,17.0,0.7647058823529413,0.5666666666666665,0.7083333333333334,0.017418032786885248,0.3953488372093022,0.3959702503759506,0.5416666666666667
graph_065_mu_0_4_node_895,23,0.04743083003952569,0.0010887166107210276,0.3996,2.5025025025025025,0.026366805256511413,4.0,19.0,0.21052631578947364,0.8260869565217388,0.5135135135135133,0.019730010384215995,0.7037037037037039,0.7043977169264822,0.10810810810810813
graph_065_mu_0_4_node_896,34,0.0748663101604278,0.0025078675467591844,0.41298057048367093,2.4214214214214214,0.03038015141189224,15.0,19.0,0.7894736842105262,0.5588235294117646,0.5135135135135133,0.019730010384215995,0.38775510204081615,0.3884496734171643,0.4054054054054053
graph_065_mu_0_4_node_897,21,0.12280701754385964,0.0007483679009343313,0.3804265041888804,2.6286286286286287,0.01613735613604169,10.0,11.0,0.9090909090909087,0.5238095238095238,0.23404255319148948,0.011542497376705143,0.3548387096774193,0.35524080054995644,0.19148936170212763
graph_065_mu_0_4_node_898,36,0.044444444444444446,0.002784993743612244,0.42601279317697227,2.3473473473473474,0.037700003925379935,12.0,24.0,0.5,0.6666666666666665,0.648648648648649,0.024922118380062305,0.5,0.5008770006577504,0.29729729729729737
graph_065_mu_0_4_node_899,20,0.1568627450980392,0.0005571227353356969,0.3792710706150342,2.6366366366366365,0.019551124750921033,12.0,8.0,1.5,0.4000000000000001,0.23529411764705885,0.008281573498964802,0.25,0.250292504570384,0.3235294117647059
graph_065_mu_0_4_node_900,21,0.12380952380952381,0.0009900210585140434,0.384526558891455,2.6006006006006004,0.017051313453724227,9.0,12.0,0.75,0.5714285714285712,1.0909090909090904,0.012133468149646108,0.4000000000000001,0.40043859649122815,0.8181818181818182
graph_065_mu_0_4_node_901,26,0.09538461538461539,0.001244801416034197,0.39627132090440303,2.5235235235235236,0.025602538331732233,12.0,14.0,0.8571428571428571,0.5384615384615384,0.388888888888889,0.014522821576763488,0.36842105263157887,0.36893282335829347,0.33333333333333326
graph_065_mu_0_4_node_902,23,0.05928853754940711,0.0010204452442756883,0.3958003169572108,2.5265265265265264,0.024142562190009473,6.0,17.0,0.3529411764705881,0.7391304347826088,0.4594594594594596,0.01765316718587747,0.5862068965517241,0.5868279918715882,0.16216216216216225
graph_065_mu_0_4_node_903,37,0.07657657657657657,0.0027323186191437854,0.42601279317697227,2.3473473473473474,0.038785633530393125,18.0,19.0,0.9473684210526316,0.5135135135135133,0.404255319148936,0.019937040923399783,0.3454545454545456,0.34614926921044137,0.3404255319148935
graph_065_mu_0_4_node_904,31,0.08602150537634409,0.0018875078345196418,0.41957160856782866,2.3833833833833835,0.03642420005725456,12.0,19.0,0.6315789473684211,0.6129032258064517,0.6551724137931033,0.01956745623069001,0.44186046511627897,0.4425548841799099,0.41379310344827586
graph_065_mu_0_4_node_905,21,0.14285714285714285,0.0008620300835593416,0.3855654187572366,2.5935935935935936,0.01930563599645339,9.0,12.0,0.75,0.5714285714285712,0.75,0.012195121951219514,0.4000000000000001,0.40043859649122815,0.5625
graph_065_mu_0_4_node_906,29,0.15954415954415954,0.0011685189374496308,0.4015273311897106,2.4904904904904903,0.03412428137066907,16.0,13.0,1.2307692307692304,0.44827586206896536,0.39393939393939387,0.013443640124095137,0.2888888888888888,0.2893642609589514,0.45454545454545436
graph_065_mu_0_4_node_907,33,0.03870967741935484,0.0021838887226740544,0.4164235097957482,2.4014014014014013,0.03166651434763006,12.0,21.0,0.5714285714285712,0.6363636363636365,0.41176470588235303,0.022128556375131718,0.46666666666666673,0.46743412637503207,0.21568627450980402
graph_065_mu_0_4_node_908,25,0.06,0.0011317784318238095,0.4026602176541717,2.4834834834834836,0.028610028052923047,9.0,16.0,0.5625,0.64,0.3478260869565216,0.016771488469601685,0.4705882352941177,0.4711729451318608,0.15217391304347824
graph_065_mu_0_4_node_909,21,0.11428571428571428,0.0007991427737825344,0.39361702127659576,2.5405405405405403,0.024183721313003358,9.0,12.0,0.75,0.5714285714285712,0.3529411764705881,0.012422360248447204,0.4000000000000001,0.40043859649122815,0.2647058823529412
graph_065_mu_0_4_node_910,22,0.07792207792207792,0.0009393259892755123,0.3893219017926734,2.5685685685685686,0.022423964711233754,9.0,13.0,0.6923076923076923,0.5909090909090909,0.5416666666666667,0.01331967213114754,0.4193548387096773,0.4198299675426878,0.375
graph_065_mu_0_4_node_911,23,0.1523809523809524,0.0007718270466373806,0.3855654187572366,2.5935935935935936,0.021806345906686866,12.0,11.0,1.0909090909090904,0.4782608695652175,0.5,0.011247443762781187,0.3142857142857142,0.3146878639585108,0.5
graph_065_mu_0_4_node_912,21,0.047619047619047616,0.0009775613604138978,0.3909980430528376,2.5575575575575575,0.020130665800741902,6.0,15.0,0.4000000000000001,0.7142857142857141,0.36585365853658547,0.015641293013555792,0.5555555555555556,0.5561036208849428,0.1463414634146341
graph_065_mu_0_4_node_913,18,0.08496732026143791,0.0006045848711294543,0.38497109826589593,2.5975975975975976,0.01812715535278696,7.0,11.0,0.6363636363636365,0.6111111111111108,0.6111111111111108,0.011201629327902243,0.4400000000000001,0.440402002704382,0.388888888888889
graph_065_mu_0_4_node_914,43,0.08170731707317073,0.0033354683962097545,0.42857142857142855,2.3333333333333335,0.04231090161509675,19.0,24.0,0.7916666666666665,0.558139534883721,0.8000000000000002,0.02474226804123712,0.3870967741935483,0.38797422374019946,0.5999999999999998
graph_065_mu_0_4_node_915,32,0.06854838709677419,0.002149456118773955,0.4141791044776119,2.4144144144144146,0.03091789383669009,13.0,19.0,0.6842105263157895,0.59375,0.6333333333333331,0.019587628865979374,0.4222222222222223,0.42291669204933585,0.43333333333333346
graph_065_mu_0_4_node_916,26,0.11384615384615385,0.0013973332144551075,0.3996,2.5025025025025025,0.024742486167704452,11.0,15.0,0.7333333333333332,0.5769230769230768,0.9375,0.015243902439024395,0.4054054054054053,0.40595367105838975,0.6875
graph_065_mu_0_4_node_917,36,0.08571428571428572,0.0023064887146290445,0.42601279317697227,2.3473473473473474,0.04376722549447644,17.0,19.0,0.8947368421052634,0.5277777777777778,0.4130434782608694,0.019916142557652002,0.3584905660377358,0.35918523899302096,0.3695652173913044
graph_065_mu_0_4_node_918,27,0.19333333333333333,0.0009499548993087143,0.4028225806451613,2.4824824824824825,0.038271351747494985,16.0,11.0,1.4545454545454546,0.4074074074074074,0.3666666666666666,0.011340206185567005,0.2558139534883721,0.2562162208132945,0.5
graph_065_mu_0_4_node_919,17,0.058823529411764705,0.0006311508657090749,0.38349328214971207,2.6076076076076076,0.016385862733452706,4.0,13.0,0.3076923076923076,0.7647058823529413,1.1818181818181819,0.013144590495449943,0.6190476190476188,0.6195225742922208,0.36363636363636365
graph_065_mu_0_4_node_920,22,0.030303030303030304,0.0011353092040026446,0.39315230224321135,2.5435435435435436,0.02073836522174431,3.0,19.0,0.15789473684210528,0.8636363636363634,0.6551724137931033,0.01956745623069001,0.7599999999999999,0.7606939625260234,0.03448275862068966
graph_065_mu_0_4_node_921,19,0.07017543859649122,0.0008528134795440955,0.38173481085212074,2.6196196196196198,0.016954311148535527,6.0,13.0,0.4615384615384616,0.6842105263157895,0.27659574468085113,0.013641133263378801,0.5199999999999998,0.5204750246647425,0.1063829787234043
graph_065_mu_0_4_node_922,23,0.14285714285714285,0.0009422710885564317,0.38497109826589593,2.5975975975975976,0.02107015467382259,12.0,11.0,1.0909090909090904,0.4782608695652175,0.3793103448275863,0.011328527291452116,0.3142857142857142,0.3146878639585108,0.3793103448275863
graph_065_mu_0_4_node_923,24,0.06521739130434782,0.0011298189125679404,0.4008828250401284,2.4944944944944947,0.02691290338590001,8.0,16.0,0.5,0.6666666666666665,0.5517241379310346,0.0164778578784758,0.5,0.5005846671051672,0.2758620689655173
graph_065_mu_0_4_node_924,28,0.07692307692307693,0.0014650267886115106,0.4046172539489672,2.4714714714714714,0.027136688651993278,11.0,17.0,0.6470588235294118,0.6071428571428571,0.9444444444444444,0.017311608961303463,0.43589743589743607,0.43651875821752656,0.5555555555555556
graph_065_mu_0_4_node_925,27,0.12,0.0012311254022568197,0.3991210547343188,2.5055055055055053,0.026282682731673997,12.0,15.0,0.8000000000000002,0.5555555555555556,0.7894736842105262,0.015290519877675844,0.38461538461538475,0.3851636903506626,0.5789473684210529
graph_065_mu_0_4_node_926,26,0.10144927536231885,0.0011754617276624221,0.39377217185652347,2.5395395395395397,0.02256973438686504,14.0,12.0,1.1666666666666667,0.4615384615384616,0.2926829268292682,0.012513034410844635,0.2999999999999999,0.3004387568555758,0.3170731707317073
graph_065_mu_0_4_node_927,39,0.10810810810810811,0.0025372529199696957,0.42728828058169377,2.34034034034034,0.04066399146290714,22.0,17.0,1.2941176470588236,0.43589743589743607,0.4594594594594596,0.01765316718587747,0.27868852459016397,0.27931034689529577,0.5675675675675675
graph_065_mu_0_4_node_928,19,0.1286549707602339,0.0006605621691585726,0.3836405529953917,2.6066066066066065,0.0200476209951495,8.0,11.0,0.7272727272727273,0.5789473684210529,0.3666666666666666,0.011340206185567005,0.4074074074074074,0.40780943949687765,0.2666666666666666
graph_065_mu_0_4_node_929,44,0.11382113821138211,0.002954285955135716,0.43491510666086197,2.299299299299299,0.05053256559828184,19.0,25.0,0.7599999999999999,0.5681818181818182,1.0,0.02564102564102565,0.3968253968253969,0.39773937335447945,0.72
graph_065_mu_0_4_node_930,33,0.1827956989247312,0.0015638020732944452,0.4074225122349103,2.4544544544544546,0.03508546339946055,17.0,16.0,1.0625,0.48484848484848464,0.8888888888888892,0.01629327902240326,0.32,0.3205850519233583,0.8888888888888892
graph_065_mu_0_4_node_931,24,0.11594202898550725,0.0010431986669502957,0.39705882352941174,2.5185185185185186,0.028516630578576604,10.0,14.0,0.7142857142857141,0.5833333333333334,0.3043478260869565,0.014675052410901472,0.41176470588235303,0.4122764017887856,0.2173913043478261
graph_065_mu_0_4_node_932,19,0.07017543859649122,0.0007963054292239685,0.38408304498269896,2.6036036036036037,0.017492366381980755,9.0,10.0,0.9000000000000002,0.5263157894736842,0.5882352941176471,0.010172939979654124,0.35714285714285704,0.35750838093845616,0.41176470588235303
graph_065_mu_0_4_node_933,21,0.05714285714285714,0.0008129589466210537,0.392226148409894,2.5495495495495497,0.02258573760635097,9.0,12.0,0.75,0.5714285714285712,0.23529411764705885,0.01264488935721813,0.4000000000000001,0.40043859649122815,0.17647058823529405
graph_065_mu_0_4_node_934,23,0.04285714285714286,0.0009945548933495314,0.39330708661417324,2.5425425425425425,0.02170069055966095,8.0,15.0,0.5333333333333332,0.6521739130434784,0.3191489361702127,0.01573976915005246,0.4838709677419357,0.48441911318319264,0.148936170212766
graph_065_mu_0_4_node_935,28,0.06878306878306878,0.0015639790128118706,0.4059325477448192,2.4634634634634636,0.027575766024442665,11.0,17.0,0.6470588235294118,0.6071428571428571,0.33333333333333326,0.01791359325605901,0.43589743589743607,0.43651875821752656,0.21568627450980402
graph_065_mu_0_4_node_936,29,0.054187192118226604,0.0016890372318766659,0.4186923721709975,2.3883883883883885,0.03291601012064133,7.0,22.0,0.31818181818181823,0.7586206896551726,0.43137254901960803,0.023182297154899893,0.6111111111111108,0.6119147934374063,0.13725490196078427
graph_065_mu_0_4_node_937,20,0.08421052631578947,0.0008358928312793185,0.38977760436987907,2.5655655655655654,0.020367775101644833,6.0,14.0,0.42857142857142855,0.6999999999999998,0.8235294117647061,0.014242115971515762,0.5384615384615384,0.5389730847930202,0.3529411764705881
graph_065_mu_0_4_node_938,25,0.05928853754940711,0.001042795035992576,0.39470564994073487,2.5335335335335336,0.02438843211777978,9.0,16.0,0.5625,0.64,0.8421052631578946,0.0163098878695209,0.4705882352941177,0.4711729451318608,0.4210526315789473
graph_065_mu_0_4_node_939,24,0.11956521739130435,0.0010699191641797895,0.40976210008203445,2.4404404404404403,0.036235858735887354,9.0,15.0,0.5999999999999998,0.625,0.5,0.015463917525773198,0.45454545454545436,0.4550936400514296,0.2999999999999999
graph_065_mu_0_4_node_940,30,0.11904761904761904,0.001323667400417362,0.4024979854955681,2.4844844844844847,0.031215119589872397,15.0,15.0,1.0,0.5,0.5172413793103449,0.015447991761071062,0.33333333333333326,0.3338817593506636,0.482758620689655
graph_065_mu_0_4_node_941,22,0.06926406926406926,0.0008490482730287388,0.3991210547343188,2.5055055055055053,0.025727437090210782,8.0,14.0,0.5714285714285712,0.6363636363636365,0.27450980392156854,0.014752370916754472,0.46666666666666673,0.4671782877746918,0.15686274509803916
graph_065_mu_0_4_node_942,25,0.07,0.0011989525689235475,0.39454976303317535,2.5345345345345347,0.024211964291229703,8.0,17.0,0.4705882352941177,0.6799999999999998,0.7083333333333334,0.017418032786885248,0.5151515151515154,0.5157727012515626,0.33333333333333326
graph_065_mu_0_4_node_943,24,0.10869565217391304,0.001177935425462888,0.3911511354737666,2.5565565565565564,0.02364138836609038,9.0,15.0,0.5999999999999998,0.625,0.5999999999999998,0.015384615384615387,0.45454545454545436,0.4550936400514296,0.36
graph_065_mu_0_4_node_944,21,0.04285714285714286,0.0010620714506451216,0.392226148409894,2.5495495495495497,0.02018335929462885,5.0,16.0,0.3125,0.7619047619047622,0.48484848484848464,0.01654601861427094,0.6153846153846152,0.6159691543295226,0.12121212121212116
graph_065_mu_0_4_node_945,29,0.1477832512315271,0.0014425564010253846,0.39928057553956836,2.5045045045045047,0.029916349914644258,15.0,14.0,1.0714285714285714,0.482758620689655,0.482758620689655,0.01441812564366632,0.31818181818181823,0.3186937011799901,0.5172413793103449
graph_065_mu_0_4_node_946,45,0.06060606060606061,0.0038305970705381134,0.4320934256055363,2.314314314314314,0.04447684420868531,22.0,23.0,0.956521739130435,0.5111111111111111,0.45098039215686286,0.024236037934668067,0.3432835820895522,0.3441246864962079,0.43137254901960803
graph_065_mu_0_4_node_947,29,0.07977207977207977,0.001621191964189206,0.4018503620273532,2.4884884884884886,0.025363556205010084,13.0,16.0,0.8125,0.5517241379310346,0.9411764705882354,0.016276703967446595,0.3809523809523811,0.38153726178291164,0.7058823529411762
graph_065_mu_0_4_node_948,16,0.025,0.0006007222537798232,0.3792710706150342,2.6366366366366365,0.014684809463978063,2.0,14.0,0.1428571428571428,0.875,0.8235294117647061,0.014242115971515762,0.777777777777778,0.7782891746217288,0.11764705882352942
graph_065_mu_0_4_node_949,16,0.025,0.0006652103088348665,0.3751408186256102,2.665665665665666,0.01322421192339991,2.0,14.0,0.1428571428571428,0.875,0.9333333333333335,0.01421319796954315,0.777777777777778,0.7782891746217288,0.1333333333333333
graph_065_mu_0_4_node_950,22,0.021645021645021644,0.0011619998360011205,0.39470564994073487,2.5335335335335336,0.02088642636175455,3.0,19.0,0.15789473684210528,0.8636363636363634,1.2666666666666662,0.01928934010152284,0.7599999999999999,0.7606939625260234,0.06666666666666665
graph_065_mu_0_4_node_951,25,0.11,0.001258331455479221,0.39928057553956836,2.5045045045045047,0.02763375172420716,10.0,15.0,0.6666666666666665,0.5999999999999998,0.5172413793103449,0.015447991761071062,0.42857142857142855,0.4291196541479792,0.3448275862068967
graph_065_mu_0_4_node_952,20,0.07368421052631578,0.0008712008935691061,0.38071646341463417,2.6266266266266265,0.0164236907837871,9.0,11.0,0.8181818181818182,0.5499999999999999,0.7333333333333332,0.011167512690355328,0.3793103448275863,0.3797124063064414,0.5999999999999998
graph_065_mu_0_4_node_953,39,0.06906906906906907,0.0029201922782328632,0.4263764404609475,2.3453453453453452,0.038286707684672676,14.0,25.0,0.5600000000000003,0.6410256410256411,1.0,0.02564102564102565,0.47169811320754723,0.47261175571750597,0.5199999999999998
graph_065_mu_0_4_node_954,47,0.08383838383838384,0.0038877058846824215,0.43989431968295906,2.2732732732732734,0.051875764182124855,22.0,25.0,0.8800000000000002,0.5319148936170212,0.7352941176470587,0.02587991718426502,0.3623188405797101,0.36323301763752275,0.6176470588235293
graph_065_mu_0_4_node_955,33,0.054924242424242424,0.0023984337721999534,0.4238438693254137,2.359359359359359,0.03648501343644304,8.0,25.0,0.32,0.7575757575757577,1.0,0.02564102564102565,0.6097560975609755,0.610669339570108,0.32
graph_065_mu_0_4_node_956,28,0.1076923076923077,0.0013526344226000332,0.4007220216606498,2.4954954954954953,0.027561067706960332,12.0,16.0,0.75,0.5714285714285712,0.8888888888888892,0.01629327902240326,0.4000000000000001,0.40058483807295864,0.6111111111111108
graph_065_mu_0_4_node_957,30,0.17701149425287357,0.0014717431666775316,0.41195876288659794,2.4274274274274275,0.04274085394604372,15.0,15.0,1.0,0.5,0.5,0.015463917525773198,0.33333333333333326,0.3338817593506636,0.5
graph_065_mu_0_4_node_958,27,0.10826210826210826,0.0013346149402399692,0.40217391304347827,2.4864864864864864,0.02695269868587494,12.0,15.0,0.8000000000000002,0.5555555555555556,0.625,0.015368852459016395,0.38461538461538475,0.3851636903506626,0.5
graph_065_mu_0_4_node_959,38,0.1111111111111111,0.0023551500697385637,0.40942622950819674,2.4424424424424425,0.03180761167711807,19.0,19.0,1.0,0.5,0.7916666666666665,0.019467213114754103,0.33333333333333326,0.3340281078972707,0.75
graph_065_mu_0_4_node_960,22,0.12987012987012986,0.0009082520934962395,0.3991210547343188,2.5055055055055053,0.027749159245628697,10.0,12.0,0.8333333333333335,0.5454545454545452,0.36363636363636365,0.012409513960703205,0.375,0.375438628554719,0.30303030303030304
graph_065_mu_0_4_node_961,33,0.043560606060606064,0.0023006951411226845,0.4227676682183665,2.3653653653653652,0.03639591671033821,8.0,25.0,0.32,0.7575757575757577,0.49019607843137253,0.026343519494204434,0.6097560975609755,0.610669339570108,0.13725490196078427
graph_065_mu_0_4_node_962,19,0.07017543859649122,0.0007784522903993022,0.37970353477765106,2.6336336336336337,0.016609543470920477,6.0,13.0,0.4615384615384616,0.6842105263157895,0.8666666666666669,0.013197969543147205,0.5199999999999998,0.5204750246647425,0.4000000000000001
graph_065_mu_0_4_node_963,52,0.13423831070889894,0.004420585412032252,0.4434087882822903,2.255255255255255,0.060152168862568134,25.0,27.0,0.9259259259259256,0.5192307692307693,0.9310344827586208,0.0278063851699279,0.3506493506493506,0.3516368063052771,0.8620689655172417
graph_065_mu_0_4_node_964,26,0.14461538461538462,0.0012263048252947112,0.39690107270560193,2.5195195195195197,0.02533701226623567,11.0,15.0,0.7333333333333332,0.5769230769230768,0.8823529411764709,0.015259409969481184,0.4054054054054053,0.40595367105838975,0.6470588235294118
graph_065_mu_0_4_node_965,25,0.13666666666666666,0.0011438547568681085,0.4018503620273532,2.4884884884884886,0.032324551523621105,11.0,14.0,0.7857142857142859,0.5600000000000003,0.41176470588235303,0.01449275362318841,0.388888888888889,0.38940062220272775,0.3235294117647059
graph_065_mu_0_4_node_966,22,0.12987012987012986,0.0008959735176422189,0.3911511354737666,2.5565565565565564,0.022594755731064436,10.0,12.0,0.8333333333333335,0.5454545454545452,0.33333333333333326,0.01244813278008299,0.375,0.375438628554719,0.2777777777777778
graph_065_mu_0_4_node_967,22,0.06060606060606061,0.0009982035581881715,0.4013660104459622,2.4914914914914914,0.02537347219045295,6.0,16.0,0.375,0.7272727272727273,0.48484848484848464,0.01654601861427094,0.5714285714285712,0.5720131530873218,0.15151515151515152
graph_065_mu_0_4_node_968,22,0.10822510822510822,0.0009948310745319943,0.39238020424194814,2.5485485485485486,0.021571635367483116,9.0,13.0,0.6923076923076923,0.5909090909090909,0.5416666666666667,0.01331967213114754,0.4193548387096773,0.4198299675426878,0.375
graph_065_mu_0_4_node_969,25,0.07666666666666666,0.0012651589776077855,0.4034733441033926,2.4784784784784786,0.027006787911561896,8.0,17.0,0.4705882352941177,0.6799999999999998,0.4722222222222222,0.017634854771784225,0.5151515151515154,0.5157727012515626,0.2222222222222223
graph_065_mu_0_4_node_970,20,0.10457516339869281,0.0006257444250938975,0.38616157711635096,2.5895895895895897,0.01889428801218848,9.0,11.0,0.8181818181818182,0.5499999999999999,0.7333333333333332,0.011167512690355328,0.3793103448275863,0.3797124063064414,0.5333333333333332
graph_065_mu_0_4_node_971,27,0.12,0.0010593411340923606,0.40217391304347827,2.4864864864864864,0.03261740974530845,13.0,14.0,0.9285714285714288,0.5185185185185184,0.482758620689655,0.01441812564366632,0.3499999999999999,0.35051180814506105,0.41379310344827586
graph_065_mu_0_4_node_972,31,0.12043010752688173,0.0015126462825420068,0.4138359569179785,2.4164164164164164,0.03742724650918626,15.0,16.0,0.9375,0.5161290322580643,0.4324324324324325,0.0166147455867082,0.3478260869565216,0.34841105332095584,0.4054054054054053
graph_065_mu_0_4_node_973,32,0.1028225806451613,0.0019020959259815299,0.4171189979123173,2.3973973973973974,0.03647412728409994,11.0,21.0,0.5238095238095238,0.65625,0.875,0.02151639344262296,0.48837209302325585,0.48913949664101586,0.4583333333333332
graph_065_mu_0_4_node_974,33,0.06628787878787878,0.0021250856366030833,0.41957160856782866,2.3833833833833835,0.037540886958901086,11.0,22.0,0.5,0.6666666666666665,0.5945945945945947,0.022845275181723787,0.5,0.5008039172696046,0.29729729729729737
graph_065_mu_0_4_node_975,24,0.08333333333333333,0.0012759087971047013,0.3958003169572108,2.5265265265265264,0.02281186192289072,8.0,16.0,0.5,0.6666666666666665,0.6666666666666665,0.016393442622950814,0.5,0.5005846671051672,0.33333333333333326
graph_065_mu_0_4_node_976,38,0.14126984126984127,0.0022437763077283583,0.42402376910016976,2.3583583583583585,0.05160707580283987,19.0,19.0,1.0,0.5,0.6333333333333331,0.019587628865979374,0.33333333333333326,0.3340281078972707,0.5999999999999998
graph_065_mu_0_4_node_977,21,0.05714285714285714,0.0009172017391646226,0.398961661341853,2.5065065065065064,0.025654736097212253,5.0,16.0,0.3125,0.7619047619047622,0.48484848484848464,0.01654601861427094,0.6153846153846152,0.6159691543295226,0.12121212121212116
graph_065_mu_0_4_node_978,24,0.13405797101449277,0.0009963900538490144,0.3929976396538159,2.5445445445445447,0.023882493163271817,10.0,14.0,0.7142857142857141,0.5833333333333334,0.5833333333333334,0.01434426229508196,0.41176470588235303,0.4122764017887856,0.41666666666666674
graph_065_mu_0_4_node_979,27,0.09686609686609686,0.0013397489480053083,0.4056029232643118,2.4654654654654653,0.031077964058813263,11.0,16.0,0.6875,0.5925925925925926,0.48484848484848464,0.01654601861427094,0.4210526315789473,0.42163742690058476,0.30303030303030304
graph_065_mu_0_4_node_980,24,0.05434782608695652,0.0011855311398293652,0.40808823529411764,2.4504504504504503,0.027843247525485615,5.0,19.0,0.2631578947368421,0.7916666666666665,0.7916666666666665,0.019467213114754103,0.6551724137931033,0.6558664777200442,0.20833333333333337
graph_065_mu_0_4_node_981,22,0.06060606060606061,0.0009996317529101216,0.39564356435643566,2.5275275275275275,0.022801735815634765,5.0,17.0,0.29411764705882354,0.7727272727272727,0.4722222222222222,0.017634854771784225,0.6296296296296297,0.6302506795693514,0.1388888888888889
graph_065_mu_0_4_node_982,25,0.06,0.0012574787435033672,0.4065934065934066,2.4594594594594597,0.029312334855737057,7.0,18.0,0.388888888888889,0.72,0.48648648648648657,0.018691588785046724,0.5625,0.5631576543660942,0.1891891891891892
graph_065_mu_0_4_node_983,19,0.07602339181286549,0.0007860656396814237,0.38690937257939584,2.5845845845845847,0.019207373164226403,5.0,14.0,0.35714285714285704,0.7368421052631577,0.5833333333333334,0.01434426229508196,0.5833333333333334,0.58384484228474,0.20833333333333337
graph_065_mu_0_4_node_984,17,0.08823529411764706,0.0005713509927962936,0.38334612432847276,2.6086086086086087,0.018324939317098988,6.0,11.0,0.5454545454545452,0.6470588235294118,0.4583333333333332,0.011270491803278687,0.4782608695652175,0.47866284288880584,0.25
graph_065_mu_0_4_node_985,32,0.05443548387096774,0.002174860483653197,0.40925850061450225,2.4434434434434436,0.030301839108786685,12.0,20.0,0.5999999999999998,0.625,0.6666666666666665,0.020618556701030924,0.45454545454545436,0.45527639526616226,0.3666666666666666
graph_065_mu_0_4_node_986,30,0.16091954022988506,0.001498679067508511,0.4183417085427136,2.3903903903903903,0.03832986569032021,14.0,16.0,0.875,0.5333333333333332,0.5925925925925926,0.01644398766700925,0.36363636363636365,0.364221287230719,0.5185185185185184
graph_065_mu_0_4_node_987,45,0.11074197120708748,0.0033560472260936013,0.43116098403107467,2.319319319319319,0.0499755551942546,20.0,25.0,0.8000000000000002,0.5555555555555556,0.8620689655172417,0.02574665293511844,0.38461538461538475,0.38552942797760176,0.6551724137931033
graph_065_mu_0_4_node_988,33,0.09848484848484848,0.0019001662463923755,0.4157303370786517,2.4054054054054053,0.03923471407666378,14.0,19.0,0.7368421052631577,0.5757575757575759,0.5757575757575759,0.019648397104446748,0.404255319148936,0.4049498397469549,0.42424242424242414
graph_065_mu_0_4_node_989,24,0.07608695652173914,0.001081444419365512,0.39800796812749006,2.5125125125125125,0.025563998732601543,10.0,14.0,0.7142857142857141,0.5833333333333334,0.297872340425532,0.014690451206715636,0.41176470588235303,0.4122764017887856,0.2127659574468086
graph_065_mu_0_4_node_990,28,0.09788359788359788,0.00160547622996733,0.41060419235511714,2.4354354354354353,0.03341516730106,11.0,17.0,0.6470588235294118,0.6071428571428571,0.5151515151515154,0.017580144777662874,0.43589743589743607,0.43651875821752656,0.30303030303030304
graph_065_mu_0_4_node_991,34,0.19607843137254902,0.0018710441547130003,0.41263940520446096,2.4234234234234235,0.03579670543027002,17.0,17.0,1.0,0.5,0.9444444444444444,0.017311608961303463,0.33333333333333326,0.3339549282728192,0.9444444444444444
graph_065_mu_0_4_node_992,21,0.0761904761904762,0.0008490439194727269,0.39627132090440303,2.5235235235235236,0.02383085542551388,9.0,12.0,0.75,0.5714285714285712,0.3243243243243245,0.012461059190031152,0.4000000000000001,0.40043859649122815,0.24324324324324328
graph_065_mu_0_4_node_993,42,0.09872241579558652,0.0029419345202238646,0.4243840271877655,2.3563563563563563,0.045462150001130096,20.0,22.0,0.9090909090909087,0.5238095238095238,0.7586206896551726,0.02265705458290423,0.3548387096774193,0.35564315607203684,0.6896551724137934
graph_065_mu_0_4_node_994,23,0.08695652173913043,0.0011236762921150902,0.404126213592233,2.4744744744744747,0.02670169144485595,8.0,15.0,0.5333333333333332,0.6521739130434784,0.625,0.015368852459016395,0.4838709677419357,0.48441911318319264,0.33333333333333326
graph_065_mu_0_4_node_995,17,0.058823529411764705,0.0005563192008076077,0.3823191733639495,2.6156156156156154,0.018131054355986283,6.0,11.0,0.5454545454545452,0.6470588235294118,0.29729729729729737,0.011422637590861894,0.4782608695652175,0.47866284288880584,0.13513513513513511
graph_065_mu_0_4_node_996,22,0.042105263157894736,0.0009025893082068566,0.38796116504854367,2.5775775775775776,0.019796282593778025,7.0,15.0,0.46666666666666673,0.6818181818181818,0.8333333333333335,0.01527494908350305,0.5172413793103449,0.5177894846927398,0.33333333333333326
graph_065_mu_0_4_node_997,14,0.07692307692307693,0.00040317276968937217,0.3778366111951589,2.6466466466466465,0.015758963067569673,5.0,9.0,0.5555555555555556,0.6428571428571429,0.21951219512195133,0.009384775808133473,0.4736842105263158,0.47401309779107,0.12195121951219516
graph_065_mu_0_4_node_998,23,0.13043478260869565,0.0009341499654100286,0.3991210547343188,2.5055055055055053,0.028647514654477072,9.0,14.0,0.6428571428571429,0.608695652173913,0.482758620689655,0.01441812564366632,0.4375,0.43801165850449525,0.31034482758620696
graph_065_mu_0_4_node_999,19,0.08187134502923976,0.0007897086247438382,0.37955927051671734,2.6346346346346348,0.016149894132136095,6.0,13.0,0.4615384615384616,0.6842105263157895,0.5416666666666667,0.01331967213114754,0.5199999999999998,0.5204750246647425,0.25
